   0.0000000000   0.0000000000   0.0000000000   0.0000000000
   0.0050000000   0.0000000000   0.0000000000   0.0000000000
   0.0100000000   0.0000000000   0.0000000000   0.0000000000
   0.0149999999   0.0000000000   0.0000000000   0.0000000000
   0.0199999999   0.0000000000   0.0000000000   0.0000000000
   0.0249999999   0.0000000000   0.0000000000   0.0000000000
   0.0299999999   0.0000000000   0.0000000000   0.0000000000
   0.0349999999   0.0000000000   0.0000000000   0.0000000000
   0.0399999999   0.0000000000   0.0000000000   0.0000000000
   0.0449999998   0.0000000000   0.0000000000   0.0000000000
   0.0499999998   0.0000000000   0.0000000000   0.0000000000
   0.0549999998   0.0000000000   0.0000000000   0.0000000000
   0.0599999998   0.0000000000  -0.0000000000   0.0000000000
   0.0649999998   0.0000000000  -0.0000000000   0.0000000000
   0.0699999998   0.0000000000   0.0000000000   0.0000000000
   0.0749999997  -0.0000000000   0.0000000000  -0.0000000000
   0.0799999997  -0.0000000000   0.0000000000  -0.0000000000
   0.0849999997  -0.0000000000   0.0000000000  -0.0000000000
   0.0899999997  -0.0000000000   0.0000000000  -0.0000000000
   0.0949999997  -0.0000000000   0.0000000000  -0.0000000000
   0.0999999997   0.0000000000  -0.0000000000   0.0000000000
   0.1049999996   0.0000000000  -0.0000000000   0.0000000000
   0.1099999996   0.0000000000  -0.0000000000   0.0000000000
   0.1149999996   0.0000000000  -0.0000000000   0.0000000000
   0.1199999996   0.0000000000   0.0000000000   0.0000000000
   0.1249999996  -0.0000000000   0.0000000000  -0.0000000000
   0.1299999996  -0.0000000000   0.0000000000  -0.0000000000
   0.1349999995  -0.0000000000  -0.0000000000  -0.0000000000
   0.1399999995  -0.0000000000  -0.0000000000  -0.0000000000
   0.1449999995   0.0000000000  -0.0000000000   0.0000000000
   0.1499999995   0.0000000000  -0.0000000000   0.0000000000
   0.1549999995   0.0000000000   0.0000000000   0.0000000000
   0.1599999995   0.0000000000   0.0000000000   0.0000000000
   0.1649999994   0.0000000000   0.0000000000   0.0000000000
   0.1699999994  -0.0000000000   0.0000000000  -0.0000000000
   0.1749999994  -0.0000000000  -0.0000000000  -0.0000000000
   0.1799999994  -0.0000000000  -0.0000000000  -0.0000000000
   0.1849999994  -0.0000000000  -0.0000000000  -0.0000000000
   0.1899999994   0.0000000000  -0.0000000000   0.0000000000
   0.1949999993   0.0000000000   0.0000000000   0.0000000000
   0.1999999993   0.0000000000   0.0000000000   0.0000000000
   0.2049999993   0.0000000000   0.0000000000   0.0000000000
   0.2099999993  -0.0000000000   0.0000000000  -0.0000000000
   0.2149999993  -0.0000000000  -0.0000000000  -0.0000000000
   0.2199999993  -0.0000000000  -0.0000000000  -0.0000000000
   0.2249999992   0.0000000000  -0.0000000000   0.0000000000
   0.2299999992   0.0000000000   0.0000000000   0.0000000000
   0.2349999992   0.0000000000   0.0000000000   0.0000000000
   0.2399999992   0.0000000000   0.0000000000   0.0000000000
   0.2449999992  -0.0000000000   0.0000000000  -0.0000000000
   0.2499999992  -0.0000000000  -0.0000000000  -0.0000000000
   0.2549999991  -0.0000000000  -0.0000000000  -0.0000000000
   0.2599999991   0.0000000000  -0.0000000000   0.0000000000
   0.2649999991   0.0000000000  -0.0000000000   0.0000000000
   0.2699999991   0.0000000000   0.0000000000   0.0000000000
   0.2749999991   0.0000000000   0.0000000000   0.0000000000
   0.2799999991  -0.0000000000   0.0000000000  -0.0000000000
   0.2849999990  -0.0000000000  -0.0000000000  -0.0000000000
   0.2899999990  -0.0000000000  -0.0000000000  -0.0000000000
   0.2949999990   0.0000000000  -0.0000000000   0.0000000000
   0.2999999990   0.0000000000   0.0000000000   0.0000000000
   0.3049999990   0.0000000000   0.0000000000   0.0000000000
   0.3099999990   0.0000000000   0.0000000000   0.0000000000
   0.3149999989  -0.0000000000  -0.0000000000  -0.0000000000
   0.3199999989  -0.0000000000  -0.0000000000  -0.0000000000
   0.3249999989  -0.0000000000  -0.0000000000  -0.0000000000
   0.3299999989   0.0000000000   0.0000000000   0.0000000000
   0.3349999989   0.0000000000   0.0000000000   0.0000000000
   0.3399999989   0.0000000000   0.0000000000   0.0000000000
   0.3449999988   0.0000000000   0.0000000000   0.0000000000
   0.3499999988  -0.0000000000  -0.0000000000  -0.0000000000
   0.3549999988  -0.0000000000  -0.0000000000  -0.0000000000
   0.3599999988  -0.0000000000  -0.0000000000  -0.0000000000
   0.3649999988   0.0000000000   0.0000000000   0.0000000000
   0.3699999988   0.0000000000   0.0000000000   0.0000000000
   0.3749999987   0.0000000000   0.0000000000   0.0000000000
   0.3799999987   0.0000000000   0.0000000000   0.0000000000
   0.3849999987  -0.0000000000  -0.0000000000  -0.0000000000
   0.3899999987  -0.0000000000  -0.0000000000  -0.0000000000
   0.3949999987  -0.0000000000  -0.0000000000  -0.0000000000
   0.3999999987  -0.0000000000  -0.0000000000  -0.0000000000
   0.4049999986   0.0000000000   0.0000000000   0.0000000000
   0.4099999986   0.0000000000   0.0000000000   0.0000000000
   0.4149999986   0.0000000000   0.0000000000   0.0000000000
   0.4199999986   0.0000000000   0.0000000000   0.0000000000
   0.4249999986  -0.0000000000  -0.0000000000  -0.0000000000
   0.4299999986  -0.0000000000  -0.0000000000  -0.0000000000
   0.4349999985  -0.0000000000  -0.0000000000  -0.0000000000
   0.4399999985  -0.0000000000   0.0000000000  -0.0000000000
   0.4449999985   0.0000000000   0.0000000000   0.0000000000
   0.4499999985   0.0000000000   0.0000000000   0.0000000000
   0.4549999985   0.0000000000   0.0000000000   0.0000000000
   0.4599999985  -0.0000000000  -0.0000000000  -0.0000000000
   0.4649999984  -0.0000000000  -0.0000000000  -0.0000000000
   0.4699999984  -0.0000000000  -0.0000000000  -0.0000000000
   0.4749999984  -0.0000000000  -0.0000000000  -0.0000000000
   0.4799999984   0.0000000000   0.0000000000   0.0000000000
   0.4849999984   0.0000000001   0.0000000000   0.0000000001
   0.4899999984   0.0000000001   0.0000000001   0.0000000001
   0.4949999983   0.0000000001   0.0000000001   0.0000000001
   0.4999999983  -0.0000000000  -0.0000000000  -0.0000000000
   0.5049999983  -0.0000000003  -0.0000000002  -0.0000000003
   0.5099999983  -0.0000000006  -0.0000000005  -0.0000000006
   0.5149999983  -0.0000000007  -0.0000000005  -0.0000000007
   0.5199999983  -0.0000000001  -0.0000000000  -0.0000000001
   0.5249999982   0.0000000013   0.0000000010   0.0000000013
   0.5299999982   0.0000000029   0.0000000022   0.0000000029
   0.5349999982   0.0000000035   0.0000000025   0.0000000035
   0.5399999982   0.0000000013   0.0000000008   0.0000000013
   0.5449999982  -0.0000000047  -0.0000000037  -0.0000000047
   0.5499999982  -0.0000000128  -0.0000000094  -0.0000000128
   0.5549999981  -0.0000000176  -0.0000000126  -0.0000000176
   0.5599999981  -0.0000000110  -0.0000000076  -0.0000000110
   0.5649999981   0.0000000125   0.0000000094   0.0000000125
   0.5699999981   0.0000000491   0.0000000353   0.0000000491
   0.5749999981   0.0000000795   0.0000000562   0.0000000795
   0.5799999981   0.0000000714   0.0000000498   0.0000000714
   0.5849999980  -0.0000000056  -0.0000000045  -0.0000000056
   0.5899999980  -0.0000001522  -0.0000001061  -0.0000001522
   0.5949999980  -0.0000003126  -0.0000002163  -0.0000003126
   0.5999999980  -0.0000003700  -0.0000002553  -0.0000003700
   0.6049999980  -0.0000001867  -0.0000001308  -0.0000001867
   0.6099999980   0.0000003060   0.0000002020   0.0000003060
   0.6149999979   0.0000009980   0.0000006685   0.0000009980
   0.6199999979   0.0000015382   0.0000010356   0.0000015382
   0.6249999979   0.0000014024   0.0000009580   0.0000014024
   0.6299999979   0.0000001399   0.0000001394   0.0000001399
   0.6349999979  -0.0000022481  -0.0000014230  -0.0000022481
   0.6399999979  -0.0000049686  -0.0000032218  -0.0000049686
   0.6449999978  -0.0000063994  -0.0000042162  -0.0000063994
   0.6499999978  -0.0000045844  -0.0000031462  -0.0000045844
   0.6549999978   0.0000017062   0.0000008007   0.0000017062
   0.6599999978   0.0000116746   0.0000071712   0.0000116746
   0.6649999978   0.0000216261   0.0000136930   0.0000216261
   0.6699999978   0.0000253463   0.0000164873   0.0000253463
   0.6749999977   0.0000162491   0.0000113680   0.0000162491
   0.6799999977  -0.0000089405  -0.0000039102  -0.0000089405
   0.6849999977  -0.0000462482  -0.0000272168  -0.0000462482
   0.6899999977  -0.0000823765  -0.0000506951  -0.0000823765
   0.6949999977  -0.0000967004  -0.0000618247  -0.0000967004
   0.6999999976  -0.0000684450  -0.0000476013  -0.0000684450
   0.7049999976   0.0000120309  -0.0000012602   0.0000120309
   0.7099999976   0.0001315478   0.0000705766   0.0001315478
   0.7149999976   0.0002476192   0.0001435964   0.0002476192
   0.7199999976   0.0002927516   0.0001776836   0.0002927516
   0.7249999976   0.0001925263   0.0001269464   0.0001925263
   0.7299999975  -0.0001043247  -0.0000428454  -0.0001043247
   0.7349999975  -0.0005911057  -0.0003332928  -0.0005911057
   0.7399999975  -0.0011748096  -0.0006951599  -0.0011748096
   0.7449999975  -0.0016658573  -0.0010197438  -0.0016658573
   0.7499999975  -0.0017935550  -0.0011447346  -0.0017935550
   0.7549999975  -0.0012473906  -0.0008755212  -0.0012473906
   0.7599999974   0.0002642541  -0.0000181609   0.0002642541
   0.7649999974   0.0029527565   0.0015835910   0.0029527565
   0.7699999974   0.0069016197   0.0040162456   0.0069016197
   0.7749999974   0.0120448786   0.0072771043   0.0120448786
   0.7799999974   0.0181756967   0.0112710594   0.0181756967
   0.7849999974   0.0249801359   0.0158226751   0.0249801359
   0.7899999973   0.0320844174   0.0206987378   0.0320844174
   0.7949999973   0.0391021688   0.0256348276   0.0391021688
   0.7999999973   0.0456713319   0.0303602459   0.0456713319
   0.8049999973   0.0514766110   0.0346180790   0.0514766110
   0.8099999973   0.0562594845   0.0381798945   0.0562594845
   0.8149999973   0.0598212397   0.0408563187   0.0598212397
   0.8199999972   0.0620242042   0.0425049853   0.0620242042
   0.8249999972   0.0627933300   0.0430364003   0.0627933300
   0.8299999972   0.0621168188   0.0424170827   0.0621168188
   0.8349999972   0.0600427720   0.0406688203   0.0600427720
   0.8399999972   0.0566698791   0.0378634421   0.0566698791
   0.8449999972   0.0521331428   0.0341138183   0.0521331428
   0.8499999971   0.0465886051   0.0295630434   0.0465886051
   0.8549999971   0.0402020120   0.0243741466   0.0402020120
   0.8599999971   0.0331445439   0.0187219363   0.0331445439
   0.8649999971   0.0255949947   0.0127871188   0.0255949947
   0.8699999971   0.0177441961   0.0067514964   0.0177441961
   0.8749999971   0.0097961384   0.0007926440   0.0097961384
   0.8799999970   0.0019620673  -0.0049227469   0.0019620673
   0.8849999970  -0.0055519853  -0.0102461185  -0.0055519853
   0.8899999970  -0.0125594726  -0.0150527812  -0.0125594726
   0.8949999970  -0.0189026385  -0.0192437237  -0.0189026385
   0.8999999970  -0.0244517669  -0.0227422558  -0.0244517669
   0.9049999970  -0.0290941361  -0.0254864613  -0.0290941361
   0.9099999969  -0.0327182674  -0.0274207339  -0.0327182674
   0.9149999969  -0.0352029454  -0.0284908681  -0.0352029454
   0.9199999969  -0.0364202474  -0.0286465621  -0.0364202474
   0.9249999969  -0.0362570315  -0.0278527763  -0.0362570315
   0.9299999969  -0.0346516831  -0.0261079887  -0.0346516831
   0.9349999969  -0.0316354744  -0.0234642665  -0.0316354744
   0.9399999968  -0.0273638600  -0.0200424380  -0.0273638600
   0.9449999968  -0.0221243511  -0.0160362070  -0.0221243511
   0.9499999968  -0.0163141109  -0.0117017140  -0.0163141109
   0.9549999968  -0.0103898743  -0.0073329996  -0.0103898743
   0.9599999968  -0.0048017450  -0.0032278044  -0.0048017450
   0.9649999968   0.0000724082   0.0003491368   0.0000724082
   0.9699999967   0.0039757023   0.0031975145   0.0039757023
   0.9749999967   0.0067936544   0.0052013954   0.0067936544
   0.9799999967   0.0085465358   0.0063347592   0.0085465358
   0.9849999967   0.0093593391   0.0066534181   0.0093593391
   0.9899999967   0.0094210777   0.0062771282   0.0094210777
   0.9949999967   0.0089454129   0.0053671063   0.0089454129
   0.9999999966   0.0081407205   0.0041037694   0.0081407205
   1.0049999966   0.0071919514   0.0026678132   0.0071919514
   1.0099999966   0.0062517760   0.0012256959   0.0062517760
   1.0149999966   0.0054364911  -0.0000808936   0.0054364911
   1.0199999966   0.0048233028  -0.0011424499   0.0048233028
   1.0249999966   0.0044485166  -0.0018863750   0.0044485166
   1.0299999965   0.0043087118  -0.0022787133   0.0043087118
   1.0349999965   0.0043674361  -0.0023222869   0.0043674361
   1.0399999965   0.0045680105  -0.0020510386   0.0045680105
   1.0449999965   0.0048498806  -0.0015213546   0.0048498806
   1.0499999965   0.0051635800  -0.0008020778   0.0051635800
   1.0549999965   0.0054793783   0.0000347718   0.0054793783
   1.0599999964   0.0057873092   0.0009210858   0.0057873092
   1.0649999964   0.0060902181   0.0017971791   0.0060902181
   1.0699999964   0.0063946187   0.0026143744   0.0063946187
   1.0749999964   0.0067047845   0.0033367177   0.0067047845
   1.0799999964   0.0070232497   0.0039425072   0.0070232497
   1.0849999964   0.0073570112   0.0044254837   0.0073570112
   1.0899999963   0.0077253314   0.0047948696   0.0077253314
   1.0949999963   0.0081640017   0.0050734308   0.0081640017
   1.0999999963   0.0087227554   0.0052934430   0.0087227554
   1.1049999963   0.0094561574   0.0054914341   0.0094561574
   1.1099999963   0.0104117203   0.0057032243   0.0104117203
   1.1149999963   0.0116203437   0.0059606346   0.0116203437
   1.1199999962   0.0130927940   0.0062903413   0.0130927940
   1.1249999962   0.0148226783   0.0067142010   0.0148226783
   1.1299999962   0.0167930634   0.0072496420   0.0167930634
   1.1349999962   0.0189823052   0.0079088457   0.0189823052
   1.1399999962   0.0213655466   0.0086963407   0.0213655466
   1.1449999962   0.0239110869   0.0096058001   0.0239110869
   1.1499999961   0.0265738482   0.0106175685   0.0265738482
   1.1549999961   0.0292898394   0.0116983420   0.0292898394
   1.1599999961   0.0319750485   0.0128035262   0.0319750485
   1.1649999961   0.0345299573   0.0138816061   0.0345299573
   1.1699999961   0.0368481642   0.0148790189   0.0368481642
   1.1749999961   0.0388258413   0.0157439498   0.0388258413
   1.1799999960   0.0403687801   0.0164281768   0.0403687801
   1.1849999960   0.0413954204   0.0168871666   0.0413954204
   1.1899999960   0.0418365437   0.0170795113   0.0418365437
   1.1949999960   0.0416340030   0.0169670868   0.0416340030
   1.1999999960   0.0407411358   0.0165169193   0.0407411358
   1.2049999960   0.0391263142   0.0157049301   0.0391263142
   1.2099999959   0.0367791090   0.0145208943   0.0367791090
   1.2149999959   0.0337168264   0.0129734521   0.0337168264
   1.2199999959   0.0299885559   0.0110939921   0.0299885559
   1.2249999959   0.0256746215   0.0089385889   0.0256746215
   1.2299999959   0.0208810571   0.0065876825   0.0208810571
   1.2349999959   0.0157306023   0.0041436069   0.0157306023
   1.2399999958   0.0103528667   0.0017262636   0.0103528667
   1.2449999958   0.0048762589  -0.0005327952   0.0048762589
   1.2499999958  -0.0005768956  -0.0024977497  -0.0005768956
   1.2549999958  -0.0058923058  -0.0040373335  -0.0058923058
   1.2599999958  -0.0109643549  -0.0050349859  -0.0109643549
   1.2649999958  -0.0156974462  -0.0053999374  -0.0156974462
   1.2699999957  -0.0200093358  -0.0050783752  -0.0200093358
   1.2749999957  -0.0238362621  -0.0040633845  -0.0238362621
   1.2799999957  -0.0271382520  -0.0024020861  -0.0271382520
   1.2849999957  -0.0299023388  -0.0001984709  -0.0299023388
   1.2899999957  -0.0321419416   0.0023890928  -0.0321419416
   1.2949999957  -0.0338920964   0.0051559167  -0.0338920964
   1.2999999956  -0.0352019015   0.0078639711  -0.0352019015
   1.3049999956  -0.0361266102   0.0102584091  -0.0361266102
   1.3099999956  -0.0367217397   0.0120858705  -0.0367217397
   1.3149999956  -0.0370404199   0.0131127835  -0.0370404199
   1.3199999956  -0.0371335579   0.0131421570  -0.0371335579
   1.3249999956  -0.0370510889   0.0120277280  -0.0370510889
   1.3299999955  -0.0368422526   0.0096846597  -0.0368422526
   1.3349999955  -0.0365535991   0.0060961931  -0.0365535991
   1.3399999955  -0.0362248572   0.0013158169  -0.0362248572
   1.3449999955  -0.0358841155  -0.0045352814  -0.0358841155
   1.3499999955  -0.0355443249  -0.0112753756  -0.0355443249
   1.3549999954  -0.0352026557  -0.0186733883  -0.0352026557
   1.3599999954  -0.0348430372  -0.0264630012  -0.0348430372
   1.3649999954  -0.0344408903  -0.0343581847  -0.0344408903
   1.3699999954  -0.0339682896  -0.0420685039  -0.0339682896
   1.3749999954  -0.0333978983  -0.0493127478  -0.0333978983
   1.3799999954  -0.0327048814  -0.0558299197  -0.0327048814
   1.3849999953  -0.0318671396  -0.0613872782  -0.0318671396
   1.3899999953  -0.0308650453  -0.0657857614  -0.0308650453
   1.3949999953  -0.0296819984  -0.0688635802  -0.0296819984
   1.3999999953  -0.0283065400  -0.0704989221  -0.0283065400
   1.4049999953  -0.0267357795  -0.0706125302  -0.0267357795
   1.4099999953  -0.0249790031  -0.0691705099  -0.0249790031
   1.4149999952  -0.0230599698  -0.0661872039  -0.0230599698
   1.4199999952  -0.0210167204  -0.0617275617  -0.0210167204
   1.4249999952  -0.0188985901  -0.0559082253  -0.0188985901
   1.4299999952  -0.0167611167  -0.0488966133  -0.0167611167
   1.4349999952  -0.0146602534  -0.0409075286  -0.0146602534
   1.4399999952  -0.0126474145  -0.0321971184  -0.0126474145
   1.4449999951  -0.0107663910  -0.0230542532  -0.0107663910
   1.4499999951  -0.0090523146  -0.0137895141  -0.0090523146
   1.4549999951  -0.0075320226  -0.0047220431  -0.0075320226
   1.4599999951  -0.0062247533   0.0038353823  -0.0062247533
   1.4649999951  -0.0051422489   0.0115924334  -0.0051422489
   1.4699999951  -0.0042879440   0.0182974620  -0.0042879440
   1.4749999950  -0.0036556583   0.0237524450  -0.0036556583
   1.4799999950  -0.0032287029   0.0278249493  -0.0032287029
   1.4849999950  -0.0029803077   0.0304555073  -0.0029803077
   1.4899999950  -0.0028757857   0.0316592781  -0.0028757857
   1.4949999950  -0.0028761117   0.0315216794  -0.0028761117
   1.4999999950  -0.0029419844   0.0301885791  -0.0029419844
   1.5049999949  -0.0030372451   0.0278523949  -0.0030372451
   1.5099999949  -0.0031308363   0.0247358706  -0.0031308363
   1.5149999949  -0.0031971401   0.0210753230  -0.0031971401
   1.5199999949  -0.0032152097   0.0171048671  -0.0032152097
   1.5249999949  -0.0031677918   0.0130427029  -0.0031677918
   1.5299999949  -0.0030409715   0.0090801326  -0.0030409715
   1.5349999948  -0.0028248125   0.0053736872  -0.0028248125
   1.5399999948  -0.0025147570   0.0020405579  -0.0025147570
   1.5449999948  -0.0021130818  -0.0008426152  -0.0021130818
   1.5499999948  -0.0016295862  -0.0032377316  -0.0016295862
   1.5549999948  -0.0010809539  -0.0051404082  -0.0010809539
   1.5599999948  -0.0004887459  -0.0065730878  -0.0004887459
   1.5649999947   0.0001234890  -0.0075771024   0.0001234890
   1.5699999947   0.0007331800  -0.0082048340   0.0007331800
   1.5749999947   0.0013209862  -0.0085129951   0.0013209862
   1.5799999947   0.0018718662  -0.0085576910   0.0018718662
   1.5849999947   0.0023749767  -0.0083914361   0.0023749767
   1.5899999947   0.0028228362  -0.0080618216   0.0028228362
   1.5949999946   0.0032103868  -0.0076112259   0.0032103868
   1.5999999946   0.0035344842  -0.0070769109   0.0035344842
   1.6049999946   0.0037940063  -0.0064910271   0.0037940063
   1.6099999946   0.0039903660  -0.0058803667   0.0039903660
   1.6149999946   0.0041279405  -0.0052660007   0.0041279405
   1.6199999946   0.0042139163  -0.0046630942   0.0042139163
   1.6249999945   0.0042573158  -0.0040811659   0.0042573158
   1.6299999945   0.0042673778  -0.0035248929   0.0042673778
   1.6349999945   0.0042518249  -0.0029953433   0.0042518249
   1.6399999945   0.0042156715  -0.0024913744   0.0042156715
   1.6449999945   0.0041610481  -0.0020109073   0.0041610481
   1.6499999945   0.0040881086  -0.0015518819   0.0040881086
   1.6549999944   0.0039966328  -0.0011128465   0.0039966328
   1.6599999944   0.0038876527  -0.0006932591   0.0038876527
   1.6649999944   0.0037644328  -0.0002936198   0.0037644328
   1.6699999944   0.0036324286   0.0000844892   0.0036324286
   1.6749999944   0.0034982878   0.0004384730   0.0034982878
   1.6799999944   0.0033683460   0.0007649860   0.0033683460
   1.6849999943   0.0032472427   0.0010604750   0.0032472427
   1.6899999943   0.0031371783   0.0013220063   0.0031371783
   1.6949999943   0.0030380192   0.0015482454   0.0030380192
   1.6999999943   0.0029480866   0.0017403366   0.0029480866
   1.7049999943   0.0028652006   0.0019023758   0.0028652006
   1.7099999943   0.0027875054   0.0020412307   0.0027875054
   1.7149999942   0.0027137681   0.0021656278   0.0027137681
   1.7199999942   0.0026431369   0.0022846406   0.0026431369
   1.7249999942   0.0025746139   0.0024059146   0.0025746139
   1.7299999942   0.0025066310   0.0025340703   0.0025066310
   1.7349999942   0.0024370392   0.0026697035   0.0024370392
   1.7399999942   0.0023635952   0.0028092505   0.0023635952
   1.7449999941   0.0022847483   0.0029457550   0.0022847483
   1.7499999941   0.0022003438   0.0030703449   0.0022003438
   1.7549999941   0.0021118579   0.0031740551   0.0021118579
   1.7599999941   0.0020219680   0.0032495854   0.0020219680
   1.7649999941   0.0019335670   0.0032926386   0.0019335670
   1.7699999941   0.0018486002   0.0033026265   0.0018486002
   1.7749999940   0.0017672174   0.0032826980   0.0017672174
   1.7799999940   0.0016876228   0.0032391806   0.0016876228
   1.7849999940   0.0016067268   0.0031806049   0.0016067268
   1.7899999940   0.0015213645   0.0031165024   0.0015213645
   1.7949999940   0.0014296122   0.0030561426   0.0014296122
   1.7999999940   0.0013316957   0.0030073464   0.0013316957
   1.8049999939   0.0012301605   0.0029754871   0.0012301605
   1.8099999939   0.0011292732   0.0029627928   0.0011292732
   1.8149999939   0.0010339177   0.0029680627   0.0010339177
   1.8199999939   0.0009484068   0.0029868910   0.0009484068
   1.8249999939   0.0008756083   0.0030124346   0.0008756083
   1.8299999939   0.0008165990   0.0030366587   0.0008165990
   1.8349999938   0.0007708264   0.0030518645   0.0007708264
   1.8399999938   0.0007365677   0.0030521979   0.0007365677
   1.8449999938   0.0007114175   0.0030347908   0.0007114175
   1.8499999938   0.0006926066   0.0030002408   0.0006926066
   1.8549999938   0.0006771154   0.0029522876   0.0006771154
   1.8599999938   0.0006616914   0.0028967578   0.0006616914
   1.8649999937   0.0006429579   0.0028400542   0.0006429579
   1.8699999937   0.0006177537   0.0027875961   0.0006177537
   1.8749999937   0.0005837130   0.0027426192   0.0005837130
   1.8799999937   0.0005399298   0.0027056188   0.0005399298
   1.8849999937   0.0004874482   0.0026745179   0.0004874482
   1.8899999937   0.0004293233   0.0026454285   0.0004293233
   1.8949999936   0.0003701212   0.0026137356   0.0003701212
   1.8999999936   0.0003149304   0.0025751968   0.0003149304
   1.9049999936   0.0002681457   0.0025268168   0.0002681457
   1.9099999936   0.0002323932   0.0024673808   0.0002323932
   1.9149999936   0.0002079308   0.0023976413   0.0002079308
   1.9199999936   0.0001927044   0.0023202232   0.0001927044
   1.9249999935   0.0001830142   0.0022393066   0.0001830142
   1.9299999935   0.0001745561   0.0021601193   0.0001745561
   1.9349999935   0.0001634987   0.0020882424   0.0001634987
   1.9399999935   0.0001472916   0.0020287483   0.0001472916
   1.9449999935   0.0001250279   0.0019852611   0.0001250279
   1.9499999935   0.0000973578   0.0019591070   0.0000973578
   1.9549999934   0.0000660873   0.0019487811   0.0000660873
   1.9599999934   0.0000336577   0.0019499341   0.0000336577
   1.9649999934   0.0000026697   0.0019559785   0.0000026697
   1.9699999934  -0.0000244640   0.0019592475  -0.0000244640
   1.9749999934  -0.0000457495   0.0019524719  -0.0000457495
   1.9799999934  -0.0000597905   0.0019302284  -0.0000597905
   1.9849999933  -0.0000659759   0.0018900092  -0.0000659759
   1.9899999933  -0.0000646838   0.0018326583  -0.0000646838
   1.9949999933  -0.0000574379   0.0017620934  -0.0000574379
   1.9999999933  -0.0000469056   0.0016844160  -0.0000469056
   2.0049999933  -0.0000366337   0.0016066572  -0.0000366337
   2.0099999933  -0.0000304859   0.0015354583  -0.0000304859
   2.0149999932  -0.0000318591   0.0014759618  -0.0000318591
   2.0199999932  -0.0000428592   0.0014310899  -0.0000428592
   2.0249999932  -0.0000636793   0.0014012735  -0.0000636793
   2.0299999932  -0.0000923940   0.0013845977  -0.0000923940
   2.0349999932  -0.0001252768   0.0013772670  -0.0001252768
   2.0399999931  -0.0001575875   0.0013742850  -0.0001575875
   2.0449999931  -0.0001846240   0.0013702485  -0.0001846240
   2.0499999931  -0.0002027511   0.0013601750  -0.0002027511
   2.0549999931  -0.0002101290   0.0013402820  -0.0002101290
   2.0599999931  -0.0002069723   0.0013086250  -0.0002069723
   2.0649999931  -0.0001953247   0.0012654848  -0.0001953247
   2.0699999930  -0.0001784761   0.0012134023  -0.0001784761
   2.0749999930  -0.0001602279   0.0011567984  -0.0001602279
   2.0799999930  -0.0001442076   0.0011011979  -0.0001442076
   2.0849999930  -0.0001333607   0.0010521750  -0.0001333607
   2.0899999930  -0.0001296536   0.0010142278  -0.0001296536
   2.0949999930  -0.0001339442   0.0009898314  -0.0001339442
   2.0999999929  -0.0001459530   0.0009788969  -0.0001459530
   2.1049999929  -0.0001642948   0.0009787732  -0.0001642948
   2.1099999929  -0.0001865810   0.0009847961  -0.0001865810
   2.1149999929  -0.0002096432   0.0009912530  -0.0002096432
   2.1199999929  -0.0002299262   0.0009925356  -0.0002299262
   2.1249999929  -0.0002440535   0.0009842165  -0.0002440535
   2.1299999928  -0.0002494857   0.0009638285  -0.0002494857
   2.1349999928  -0.0002451246   0.0009312123  -0.0002451246
   2.1399999928  -0.0002316837   0.0008884119  -0.0002316837
   2.1449999928  -0.0002116794   0.0008391951  -0.0002116794
   2.1499999928  -0.0001889956   0.0007883352  -0.0001889956
   2.1549999928  -0.0001680978   0.0007408040  -0.0001680978
   2.1599999927  -0.0001530841   0.0007010047  -0.0001530841
   2.1649999927  -0.0001468181   0.0006721363  -0.0001468181
   2.1699999927  -0.0001503638   0.0006557451  -0.0001503638
   2.1749999927  -0.0001628500   0.0006514979  -0.0001628500
   2.1799999927  -0.0001817656   0.0006572031  -0.0001817656
   2.1849999927  -0.0002035692   0.0006690947  -0.0002035692
   2.1899999926  -0.0002244282   0.0006823744  -0.0002244282
   2.1949999926  -0.0002409061   0.0006919656  -0.0002409061
   2.1999999926  -0.0002504715   0.0006933787  -0.0002504715
   2.2049999926  -0.0002517789   0.0006835399  -0.0002517789
   2.2099999926  -0.0002447448   0.0006614106  -0.0002447448
   2.2149999926  -0.0002304709   0.0006282438  -0.0002304709
   2.2199999925  -0.0002110640   0.0005873931  -0.0002110640
   2.2249999925  -0.0001893740   0.0005436876  -0.0001893740
   2.2299999925  -0.0001686489   0.0005024972  -0.0001686489
   2.2349999925  -0.0001521026   0.0004686890  -0.0001521026
   2.2399999925  -0.0001424205   0.0004457092  -0.0001424205
   2.2449999925  -0.0001412682   0.0004349860  -0.0001412682
   2.2499999924  -0.0001489096   0.0004357646  -0.0001489096
   2.2549999924  -0.0001640441   0.0004453735  -0.0001640441
   2.2599999924  -0.0001839460   0.0004598208  -0.0001839460
   2.2649999924  -0.0002049169   0.0004745626  -0.0002049169
   2.2699999924  -0.0002229782   0.0004852754  -0.0002229782
   2.2749999924  -0.0002346561   0.0004885044  -0.0002346561
   2.2799999923  -0.0002376763   0.0004821180  -0.0002376763
   2.2849999923  -0.0002314034   0.0004655494  -0.0002314034
   2.2899999923  -0.0002169243   0.0004398362  -0.0002169243
   2.2949999923  -0.0001967704   0.0004074706  -0.0001967704
   2.2999999923  -0.0001743644   0.0003720661  -0.0001743644
   2.3049999923  -0.0001533382   0.0003378486  -0.0001533382
   2.3099999922  -0.0001368808   0.0003090047  -0.0001368808
   2.3149999922  -0.0001272421   0.0002889682  -0.0001272421
   2.3199999922  -0.0001254603   0.0002797680  -0.0001254603
   2.3249999922  -0.0001313138   0.0002815873  -0.0001313138
   2.3299999922  -0.0001434564   0.0002926588  -0.0001434564
   2.3349999922  -0.0001596750   0.0003095510  -0.0001596750
   2.3399999921  -0.0001772196   0.0003278070  -0.0001772196
   2.3449999921  -0.0001931699   0.0003427985  -0.0001931699
   2.3499999921  -0.0002048204   0.0003506064  -0.0002048204
   2.3549999921  -0.0002100603   0.0003487314  -0.0002100603
   2.3599999921  -0.0002077123   0.0003364926  -0.0002077123
   2.3649999921  -0.0001977750   0.0003150547  -0.0001977750
   2.3699999920  -0.0001815038   0.0002871149  -0.0001815038
   2.3749999920  -0.0001612795   0.0002563503  -0.0001612795
   2.3799999920  -0.0001402502   0.0002267536  -0.0001402502
   2.3849999920  -0.0001217898   0.0002019864  -0.0001217898
   2.3899999920  -0.0001088694   0.0001848432  -0.0001088694
   2.3949999920  -0.0001034786   0.0001768839  -0.0001034786
   2.3999999919  -0.0001062312   0.0001782570  -0.0001062312
   2.4049999919  -0.0001162548   0.0001877142  -0.0001162548
   2.4099999919  -0.0001313895   0.0002028037  -0.0001313895
   2.4149999919  -0.0001486455   0.0002202233  -0.0001486455
   2.4199999919  -0.0001648003   0.0002363009  -0.0001648003
   2.4249999919  -0.0001769941   0.0002475533  -0.0001769941
   2.4299999918  -0.0001831940   0.0002512496  -0.0001831940
   2.4349999918  -0.0001824535   0.0002458892  -0.0001824535
   2.4399999918  -0.0001749528   0.0002314978  -0.0001749528
   2.4449999918  -0.0001618627   0.0002096688  -0.0001618627
   2.4499999918  -0.0001450961   0.0001833163  -0.0001450961
   2.4549999918  -0.0001270091   0.0001561714  -0.0001270091
   2.4599999917  -0.0001100905   0.0001321102  -0.0001100905
   2.4649999917  -0.0000966543   0.0001144485  -0.0000966543
   2.4699999917  -0.0000885422   0.0001053496  -0.0000885422
   2.4749999917  -0.0000868532   0.0001054643  -0.0000868532
   2.4799999917  -0.0000917352   0.0001138682  -0.0000917352
   2.4849999917  -0.0001022937   0.0001282922  -0.0001022937
   2.4899999916  -0.0001166654   0.0001455770  -0.0001166654
   2.4949999916  -0.0001322803   0.0001622467  -0.0001322803
   2.4999999916  -0.0001462882   0.0001750841  -0.0001462882
   2.5049999916  -0.0001560750   0.0001816135  -0.0001560750
   2.5099999916  -0.0001597590   0.0001804286  -0.0001597590
   2.5149999916  -0.0001565524   0.0001713432  -0.0001565524
   2.5199999915  -0.0001469018   0.0001553708  -0.0001469018
   2.5249999915  -0.0001323761   0.0001345506  -0.0001323761
   2.5299999915  -0.0001153344   0.0001116501  -0.0001153344
   2.5349999915  -0.0000984596   0.0000897707  -0.0000984596
   2.5399999915  -0.0000842679   0.0000718958  -0.0000842679
   2.5449999915  -0.0000746981   0.0000604310  -0.0000746981
   2.5499999914  -0.0000708501   0.0000568036  -0.0000708501
   2.5549999914  -0.0000728933   0.0000611931  -0.0000728933
   2.5599999914  -0.0000801272   0.0000724576  -0.0000801272
   2.5649999914  -0.0000911502   0.0000882915  -0.0000911502
   2.5699999914  -0.0001040888   0.0001056043  -0.0001040888
   2.5749999914  -0.0001168536   0.0001210591  -0.0001168536
   2.5799999913  -0.0001274019   0.0001316685  -0.0001274019
   2.5849999913  -0.0001339957   0.0001353264  -0.0001339957
   2.5899999913  -0.0001354424   0.0001311665  -0.0001354424
   2.5949999913  -0.0001312899   0.0001196787  -0.0001312899
   2.5999999913  -0.0001219397   0.0001025700  -0.0001219397
   2.6049999913  -0.0001086375   0.0000824143  -0.0001086375
   2.6099999912  -0.0000933162   0.0000621765  -0.0000933162
   2.6149999912  -0.0000782977   0.0000447116  -0.0000782977
   2.6199999912  -0.0000658969   0.0000323294  -0.0000658969
   2.6249999912  -0.0000580025   0.0000264847  -0.0000580025
   2.6299999912  -0.0000557268   0.0000276188  -0.0000557268
   2.6349999912  -0.0000592010   0.0000351470  -0.0000592010
   2.6399999911  -0.0000675665   0.0000475729  -0.0000675665
   2.6449999911  -0.0000791586   0.0000627053  -0.0000791586
   2.6499999911  -0.0000918365   0.0000779569  -0.0000918365
   2.6549999911  -0.0001033822   0.0000907018  -0.0001033822
   2.6599999911  -0.0001118777   0.0000986621  -0.0001118777
   2.6649999911  -0.0001159916   0.0001002746  -0.0001159916
   2.6699999910  -0.0001151345   0.0000949744  -0.0001151345
   2.6749999910  -0.0001094792   0.0000833323  -0.0001094792
   2.6799999910  -0.0000998725   0.0000669957  -0.0000998725
   2.6849999910  -0.0000876741   0.0000484254  -0.0000876741
   2.6899999910  -0.0000745577   0.0000304687  -0.0000745577
   2.6949999909  -0.0000622966   0.0000158506  -0.0000622966
   2.6999999909  -0.0000525457   0.0000066914  -0.0000525457
   2.7049999909  -0.0000466291   0.0000041505  -0.0000466291
   2.7099999909  -0.0000453471   0.0000082624  -0.0000453471
   2.7149999909  -0.0000488309   0.0000179846  -0.0000488309
   2.7199999909  -0.0000564783   0.0000314264  -0.0000564783
   2.7249999908  -0.0000670030   0.0000461982  -0.0000670030
   2.7299999908  -0.0000786100   0.0000598069  -0.0000786100
   2.7349999908  -0.0000892832   0.0000700302  -0.0000892832
   2.7399999908  -0.0000971355   0.0000752233  -0.0000971355
   2.7449999908  -0.0001007532   0.0000745261  -0.0001007532
   2.7499999908  -0.0000994565   0.0000679602  -0.0000994565
   2.7549999907  -0.0000934164   0.0000564114  -0.0000934164
   2.7599999907  -0.0000836041   0.0000415010  -0.0000836041
   2.7649999907  -0.0000715863   0.0000253582  -0.0000715863
   2.7699999907  -0.0000592213   0.0000103161  -0.0000592213
   2.7749999907  -0.0000483276  -0.0000014354  -0.0000483276
   2.7799999907  -0.0000403937  -0.0000081907  -0.0000403937
   2.7849999906  -0.0000363803  -0.0000090109  -0.0000363803
   2.7899999906  -0.0000366302  -0.0000038945  -0.0000366302
   2.7949999906  -0.0000408768   0.0000062010  -0.0000408768
   2.7999999906  -0.0000483243   0.0000195020  -0.0000483243
   2.8049999906  -0.0000577722   0.0000337084  -0.0000577722
   2.8099999906  -0.0000677662   0.0000463830  -0.0000677662
   2.8149999905  -0.0000767696   0.0000553675  -0.0000767696
   2.8199999905  -0.0000833526   0.0000591475  -0.0000833526
   2.8249999905  -0.0000863924   0.0000570950  -0.0000863924
   2.8299999905  -0.0000852592   0.0000495465  -0.0000852592
   2.8349999905  -0.0000799528   0.0000377100  -0.0000799528
   2.8399999905  -0.0000711479   0.0000234302  -0.0000711479
   2.8449999904  -0.0000601199   0.0000088654  -0.0000601199
   2.8499999904  -0.0000485482  -0.0000038583  -0.0000485482
   2.8549999904  -0.0000382267  -0.0000129603  -0.0000382267
   2.8599999904  -0.0000307416  -0.0000172445  -0.0000307416
   2.8649999904  -0.0000271839  -0.0000162424  -0.0000271839
   2.8699999904  -0.0000279629  -0.0000102572  -0.0000279629
   2.8749999903  -0.0000327550  -0.0000003094  -0.0000327550
   2.8799999903  -0.0000405933   0.0000120046  -0.0000405933
   2.8849999903  -0.0000500671   0.0000247317  -0.0000500671
   2.8899999903  -0.0000595812   0.0000358382  -0.0000595812
   2.8949999903  -0.0000676180   0.0000435132  -0.0000676180
   2.8999999903  -0.0000729573   0.0000464577  -0.0000729573
   2.9049999902  -0.0000748250   0.0000441083  -0.0000748250
   2.9099999902  -0.0000729650   0.0000367506  -0.0000729650
   2.9149999902  -0.0000676410   0.0000254894  -0.0000676410
   2.9199999902  -0.0000595824   0.0000120731  -0.0000595824
   2.9249999902  -0.0000498858  -0.0000014007  -0.0000498858
   2.9299999902  -0.0000398801  -0.0000128452  -0.0000398801
   2.9349999901  -0.0000309603  -0.0000205373  -0.0000309603
   2.9399999901  -0.0000243995  -0.0000233992  -0.0000243995
   2.9449999901  -0.0000211564  -0.0000211546  -0.0000211564
   2.9499999901  -0.0000217088  -0.0000143417  -0.0000217088
   2.9549999901  -0.0000259477  -0.0000041881  -0.0000259477
   2.9599999901  -0.0000331634   0.0000076136  -0.0000331634
   2.9649999900  -0.0000421410   0.0000191858  -0.0000421410
   2.9699999900  -0.0000513569   0.0000287490  -0.0000513569
   2.9749999900  -0.0000592423   0.0000348691  -0.0000592423
   2.9799999900  -0.0000644613   0.0000366424  -0.0000644613
   2.9849999900  -0.0000661444   0.0000338034  -0.0000661444
   2.9899999900  -0.0000640292   0.0000267524  -0.0000640292
   2.9949999899  -0.0000584820   0.0000165002  -0.0000584820
   2.9999999899  -0.0000504042   0.0000045360  -0.0000504042
   3.0049999899  -0.0000410518  -0.0000073755  -0.0000410518
   3.0099999899  -0.0000318142  -0.0000174487  -0.0000318142
   3.0149999899  -0.0000239947  -0.0000241528  -0.0000239947
   3.0199999899  -0.0000186318  -0.0000264654  -0.0000186318
   3.0249999898  -0.0000163774  -0.0000240559  -0.0000163774
   3.0299999898  -0.0000174358  -0.0000173570  -0.0000174358
   3.0349999898  -0.0000215584  -0.0000075015  -0.0000215584
   3.0399999898  -0.0000280825   0.0000038686  -0.0000280825
   3.0449999898  -0.0000360127   0.0000148857  -0.0000360127
   3.0499999898  -0.0000441397   0.0000237757  -0.0000441397
   3.0549999897  -0.0000511960   0.0000291501  -0.0000511960
   3.0599999897  -0.0000560363   0.0000302170  -0.0000560363
   3.0649999897  -0.0000578210   0.0000268799  -0.0000578210
   3.0699999897  -0.0000561710   0.0000197181  -0.0000561710
   3.0749999897  -0.0000512557   0.0000098664  -0.0000512557
   3.0799999897  -0.0000437888  -0.0000011768  -0.0000437888
   3.0849999896  -0.0000349193  -0.0000117784  -0.0000349193
   3.0899999896  -0.0000260358  -0.0000204037  -0.0000260358
   3.0949999896  -0.0000185194  -0.0000258273  -0.0000185194
   3.0999999896  -0.0000135003  -0.0000272999  -0.0000135003
   3.1049999896  -0.0000116656  -0.0000246519  -0.0000116656
   3.1099999896  -0.0000131606  -0.0000183208  -0.0000131606
   3.1149999895  -0.0000175935  -0.0000092940  -0.0000175935
   3.1199999895  -0.0000241347   0.0000010295  -0.0000241347
   3.1249999895  -0.0000316797   0.0000110440  -0.0000316797
   3.1299999895  -0.0000390354   0.0000191816  -0.0000390354
   3.1349999895  -0.0000450966   0.0000241579  -0.0000450966
   3.1399999895  -0.0000489872   0.0000251799  -0.0000489872
   3.1449999894  -0.0000501567   0.0000220789  -0.0000501567
   3.1499999894  -0.0000484330   0.0000153418  -0.0000484330
   3.1549999894  -0.0000440361   0.0000060331  -0.0000440361
   3.1599999894  -0.0000375534  -0.0000043819  -0.0000375534
   3.1649999894  -0.0000298756  -0.0000142808  -0.0000298756
   3.1699999894  -0.0000220905  -0.0000221523  -0.0000220905
   3.1749999893  -0.0000153357  -0.0000268378  -0.0000153357
   3.1799999893  -0.0000106258  -0.0000277060  -0.0000106258
   3.1849999893  -0.0000086796  -0.0000247306  -0.0000086796
   3.1899999893  -0.0000097836  -0.0000184681  -0.0000097836
   3.1949999893  -0.0000137255  -0.0000099457  -0.0000137255
   3.1999999893  -0.0000198191  -0.0000004898  -0.0000198191
   3.2049999892  -0.0000270213   0.0000084758  -0.0000270213
   3.2099999892  -0.0000341180   0.0000156300  -0.0000341180
   3.2149999892  -0.0000399403   0.0000199309  -0.0000399403
   3.2199999892  -0.0000435635   0.0000207525  -0.0000435635
   3.2249999892  -0.0000444516   0.0000179699  -0.0000444516
   3.2299999892  -0.0000425214   0.0000119824  -0.0000425214
   3.2349999891  -0.0000381259   0.0000036679  -0.0000381259
   3.2399999891  -0.0000319689  -0.0000057332  -0.0000319689
   3.2449999891  -0.0000249757  -0.0000147973  -0.0000249757
   3.2499999891  -0.0000181484  -0.0000221354  -0.0000181484
   3.2549999891  -0.0000124270  -0.0000266177  -0.0000124270
   3.2599999891  -0.0000085710  -0.0000275629  -0.0000085710
   3.2649999890  -0.0000070705  -0.0000248551  -0.0000070705
   3.2699999890  -0.0000080896  -0.0000189628  -0.0000080896
   3.2749999890  -0.0000114438  -0.0000108573  -0.0000114438
   3.2799999890  -0.0000166169  -0.0000018436  -0.0000166169
   3.2849999890  -0.0000228197   0.0000066593  -0.0000228197
   3.2899999890  -0.0000290918   0.0000133490  -0.0000290918
   3.2949999889  -0.0000344386   0.0000172396  -0.0000344386
   3.2999999889  -0.0000379879   0.0000177997  -0.0000379879
   3.3049999889  -0.0000391390   0.0000150116  -0.0000391390
   3.3099999889  -0.0000376740   0.0000093513  -0.0000376740
   3.3149999889  -0.0000338055   0.0000016994  -0.0000338055
   3.3199999889  -0.0000281440  -0.0000067975  -0.0000281440
   3.3249999888  -0.0000215906  -0.0000148930  -0.0000215906
   3.3299999888  -0.0000151742  -0.0000214142  -0.0000151742
   3.3349999888  -0.0000098696  -0.0000254213  -0.0000098696
   3.3399999888  -0.0000064347  -0.0000263386  -0.0000064347
   3.3449999888  -0.0000052970  -0.0000240387  -0.0000052970
   3.3499999888  -0.0000065087  -0.0000188692  -0.0000065087
   3.3549999887  -0.0000097686  -0.0000116125  -0.0000097686
   3.3599999887  -0.0000144958  -0.0000033772  -0.0000144958
   3.3649999887  -0.0000199351   0.0000045668  -0.0000199351
   3.3699999887  -0.0000252699   0.0000109872  -0.0000252699
   3.3749999887  -0.0000297289   0.0000148896  -0.0000297289
   3.3799999886  -0.0000326770   0.0000156817  -0.0000326770
   3.3849999886  -0.0000336880   0.0000132693  -0.0000336880
   3.3899999886  -0.0000325972   0.0000080660  -0.0000325972
   3.3949999886  -0.0000295299   0.0000009154  -0.0000295299
   3.3999999886  -0.0000248975  -0.0000070570  -0.0000248975
   3.4049999886  -0.0000193545  -0.0000146311  -0.0000193545
   3.4099999885  -0.0000137134  -0.0000206836  -0.0000137134
   3.4149999885  -0.0000088231  -0.0000243519  -0.0000088231
   3.4199999885  -0.0000054290  -0.0000251478  -0.0000054290
   3.4249999885  -0.0000040418  -0.0000230123  -0.0000040418
   3.4299999885  -0.0000048426  -0.0000183075  -0.0000048426
   3.4349999885  -0.0000076489  -0.0000117560  -0.0000076489
   3.4399999884  -0.0000119495  -0.0000043343  -0.0000119495
   3.4449999884  -0.0000170012   0.0000028635  -0.0000170012
   3.4499999884  -0.0000219667   0.0000087788  -0.0000219667
   3.4549999884  -0.0000260602   0.0000125389  -0.0000260602
   3.4599999884  -0.0000286738   0.0000135852  -0.0000286738
   3.4649999884  -0.0000294592   0.0000117601  -0.0000294592
   3.4699999883  -0.0000283589   0.0000073367  -0.0000283589
   3.4749999883  -0.0000255875   0.0000009839  -0.0000255875
   3.4799999883  -0.0000215782  -0.0000063313  -0.0000215782
   3.4849999883  -0.0000169096  -0.0000134911  -0.0000169096
   3.4899999883  -0.0000122251  -0.0000194010  -0.0000122251
   3.4949999883  -0.0000081550  -0.0000231633  -0.0000081550
   3.4999999882  -0.0000052427  -0.0000242195  -0.0000052427
   3.5049999882  -0.0000038791  -0.0000224382  -0.0000038791
   3.5099999882  -0.0000042469  -0.0000181311  -0.0000042469
   3.5149999882  -0.0000062857  -0.0000119959  -0.0000062857
   3.5199999882  -0.0000096844  -0.0000049968  -0.0000096844
   3.5249999882  -0.0000139146   0.0000017945  -0.0000139146
   3.5299999881  -0.0000183039   0.0000073674  -0.0000183039
   3.5349999881  -0.0000221427   0.0000109224  -0.0000221427
   3.5399999881  -0.0000248060   0.0000119786  -0.0000248060
   3.5449999881  -0.0000258647   0.0000104294  -0.0000258647
   3.5499999881  -0.0000251613   0.0000065417  -0.0000251613
   3.5549999881  -0.0000228323   0.0000009077  -0.0000228323
   3.5599999880  -0.0000192744  -0.0000056421  -0.0000192744
   3.5649999880  -0.0000150640  -0.0000121525  -0.0000150640
   3.5699999880  -0.0000108494  -0.0000176730  -0.0000108494
   3.5749999880  -0.0000072414  -0.0000213902  -0.0000072414
   3.5799999880  -0.0000047224  -0.0000227473  -0.0000047224
   3.5849999880  -0.0000035874  -0.0000215339  -0.0000035874
   3.5899999879  -0.0000039208  -0.0000179275  -0.0000039208
   3.5949999879  -0.0000056039  -0.0000124759  -0.0000056039
   3.5999999879  -0.0000083462  -0.0000060165  -0.0000083462
   3.6049999879  -0.0000117309   0.0000004555  -0.0000117309
   3.6099999879  -0.0000152673   0.0000059479  -0.0000152673
   3.6149999879  -0.0000184499   0.0000096318  -0.0000184499
   3.6199999878  -0.0000208180   0.0000109724  -0.0000208180
   3.6249999878  -0.0000220160   0.0000098063  -0.0000220160
   3.6299999878  -0.0000218464   0.0000063560  -0.0000218464
   3.6349999878  -0.0000203077   0.0000011824  -0.0000203077
   3.6399999878  -0.0000176067  -0.0000049126  -0.0000176067
   3.6449999878  -0.0000141374  -0.0000110129  -0.0000141374
   3.6499999877  -0.0000104241  -0.0000162251  -0.0000104241
   3.6549999877  -0.0000070360  -0.0000198042  -0.0000070360
   3.6599999877  -0.0000044889  -0.0000212532  -0.0000044889
   3.6649999877  -0.0000031530  -0.0000203857  -0.0000031530
   3.6699999877  -0.0000031903  -0.0000173461  -0.0000031903
   3.6749999877  -0.0000045318  -0.0000125872  -0.0000045318
   3.6799999876  -0.0000069022  -0.0000068066  -0.0000069022
   3.6849999876  -0.0000098800  -0.0000008508  -0.0000098800
   3.6899999876  -0.0000129793   0.0000044033  -0.0000129793
   3.6949999876  -0.0000157321   0.0000081754  -0.0000157321
   3.6999999876  -0.0000177555   0.0000098997  -0.0000177555
   3.7049999876  -0.0000187942   0.0000093155  -0.0000187942
   3.7099999875  -0.0000187385   0.0000065134  -0.0000187385
   3.7149999875  -0.0000176220   0.0000019267  -0.0000176220
   3.7199999875  -0.0000156079  -0.0000037340  -0.0000156079
   3.7249999875  -0.0000129662  -0.0000095938  -0.0000129662
   3.7299999875  -0.0000100459  -0.0000147552  -0.0000100459
   3.7349999875  -0.0000072382  -0.0000184411  -0.0000072382
   3.7399999874  -0.0000049306  -0.0000201161  -0.0000049306
   3.7449999874  -0.0000034527  -0.0000195624  -0.0000034527
   3.7499999874  -0.0000030223  -0.0000169024  -0.0000030223
   3.7549999874  -0.0000037015  -0.0000125675  -0.0000037015
   3.7599999874  -0.0000053762  -0.0000072225  -0.0000053762
   3.7649999874  -0.0000077681  -0.0000016617  -0.0000077681
   3.7699999873  -0.0000104793   0.0000033072  -0.0000104793
   3.7749999873  -0.0000130627   0.0000069752  -0.0000130627
   3.7799999873  -0.0000151031   0.0000088272  -0.0000151031
   3.7849999873  -0.0000162900   0.0000086107  -0.0000162900
   3.7899999873  -0.0000164664   0.0000063703  -0.0000164664
   3.7949999873  -0.0000156451   0.0000024415  -0.0000156451
   3.7999999872  -0.0000139912  -0.0000025938  -0.0000139912
   3.8049999872  -0.0000117802  -0.0000079893  -0.0000117802
   3.8099999872  -0.0000093438  -0.0000129418  -0.0000093438
   3.8149999872  -0.0000070162  -0.0000167106  -0.0000070162
   3.8199999872  -0.0000050914  -0.0000187297  -0.0000050914
   3.8249999872  -0.0000037938  -0.0000186966  -0.0000037938
   3.8299999871  -0.0000032618  -0.0000166204  -0.0000032618
   3.8349999871  -0.0000035397  -0.0000128226  -0.0000035397
   3.8399999871  -0.0000045751  -0.0000078864  -0.0000045751
   3.8449999871  -0.0000062216  -0.0000025660  -0.0000062216
   3.8499999871  -0.0000082491   0.0000023337  -0.0000082491
   3.8549999871  -0.0000103657   0.0000060831  -0.0000103657
   3.8599999870  -0.0000122537   0.0000081401  -0.0000122537
   3.8649999870  -0.0000136167   0.0000082290  -0.0000136167
   3.8699999870  -0.0000142311   0.0000063745  -0.0000142311
   3.8749999870  -0.0000139900   0.0000028874  -0.0000139900
   3.8799999870  -0.0000129267  -0.0000016919  -0.0000129267
   3.8849999870  -0.0000112115  -0.0000066796  -0.0000112115
   3.8899999869  -0.0000091204  -0.0000113487  -0.0000091204
   3.8949999869  -0.0000069814  -0.0000150300  -0.0000069814
   3.8999999869  -0.0000051141  -0.0000172010  -0.0000051141
   3.9049999869  -0.0000037743  -0.0000175541  -0.0000037743
   3.9099999869  -0.0000031177  -0.0000160387  -0.0000031177
   3.9149999869  -0.0000031859  -0.0000128715  -0.0000031859
   3.9199999868  -0.0000039156  -0.0000085112  -0.0000039156
   3.9249999868  -0.0000051619  -0.0000035980  -0.0000051619
   3.9299999868  -0.0000067283   0.0000011380  -0.0000067283
   3.9349999868  -0.0000083958   0.0000049871  -0.0000083958
   3.9399999868  -0.0000099466   0.0000073718  -0.0000099466
   3.9449999868  -0.0000111829   0.0000079398  -0.0000111829
   3.9499999867  -0.0000119433   0.0000066210  -0.0000119433
   3.9549999867  -0.0000121184   0.0000036359  -0.0000121184
   3.9599999867  -0.0000116658  -0.0000005438  -0.0000116658
   3.9649999867  -0.0000106232  -0.0000052741  -0.0000106232
   3.9699999867  -0.0000091130  -0.0000098432  -0.0000091130
   3.9749999867  -0.0000073344  -0.0000135796  -0.0000073344
   3.9799999866  -0.0000055398  -0.0000159497  -0.0000055398
   3.9849999866  -0.0000039965  -0.0000166291  -0.0000039965
   3.9899999866  -0.0000029412  -0.0000155417  -0.0000029412
   3.9949999866  -0.0000025356  -0.0000128623  -0.0000025356
   3.9999999866  -0.0000028348  -0.0000089864  -0.0000028348
   4.0049999866  -0.0000037769  -0.0000044721  -0.0000037769
   4.0099999865  -0.0000051957   0.0000000374  -0.0000051957
   4.0149999865  -0.0000068536   0.0000039014  -0.0000068536
   4.0199999865  -0.0000084855   0.0000065685  -0.0000084855
   4.0249999865  -0.0000098431   0.0000076522  -0.0000098431
   4.0299999865  -0.0000107310   0.0000069867  -0.0000107310
   4.0349999864  -0.0000110277   0.0000046545  -0.0000110277
   4.0399999864  -0.0000106948   0.0000009803  -0.0000106948
   4.0449999864  -0.0000097751  -0.0000035091  -0.0000097751
   4.0499999864  -0.0000083851  -0.0000081563  -0.0000083851
   4.0549999864  -0.0000067048  -0.0000122680  -0.0000067048
   4.0599999864  -0.0000049628  -0.0000152187  -0.0000049628
   4.0649999863  -0.0000034137  -0.0000165476  -0.0000034137
   4.0699999863  -0.0000023067  -0.0000160318  -0.0000023067
   4.0749999863  -0.0000018448  -0.0000137243  -0.0000018448
   4.0799999863  -0.0000021414  -0.0000099475  -0.0000021414
   4.0849999863  -0.0000031848  -0.0000052477  -0.0000031848
   4.0899999863  -0.0000048220  -0.0000003143  -0.0000048220
   4.0949999862  -0.0000067710   0.0000041193  -0.0000067710
   4.0999999862  -0.0000086648   0.0000073812  -0.0000086648
   4.1049999862  -0.0000101197   0.0000089578  -0.0000101197
   4.1099999862  -0.0000108154   0.0000085704  -0.0000108154
   4.1149999862  -0.0000105680   0.0000062224  -0.0000105680
   4.1199999862  -0.0000093783   0.0000022110  -0.0000093783
   4.1249999861  -0.0000074426  -0.0000029015  -0.0000074426
   4.1299999861  -0.0000051218  -0.0000083562  -0.0000051218
   4.1349999861  -0.0000028742  -0.0000133005  -0.0000028742
   4.1399999861  -0.0000011658  -0.0000169152  -0.0000011658
   4.1449999861  -0.0000003754  -0.0000185481  -0.0000003754
   4.1499999861  -0.0000007138  -0.0000178316  -0.0000007138
   4.1549999860  -0.0000021733  -0.0000147653  -0.0000021733
   4.1599999860  -0.0000045170  -0.0000097422  -0.0000045170
   4.1649999860  -0.0000073106  -0.0000035104  -0.0000073106
   4.1699999860  -0.0000099933   0.0000029304  -0.0000099933
   4.1749999860  -0.0000119774   0.0000084852  -0.0000119774
   4.1799999860  -0.0000127603   0.0000121479  -0.0000127603
   4.1849999859  -0.0000120328   0.0000131853  -0.0000120328
   4.1899999859  -0.0000097609   0.0000112841  -0.0000097609
   4.1949999859  -0.0000062254   0.0000066331  -0.0000062254
   4.1999999859  -0.0000020039  -0.0000000804  -0.0000020039
   4.2049999859   0.0000021088  -0.0000077639   0.0000021088
   4.2099999859   0.0000052366  -0.0000150927   0.0000052366
   4.2149999858   0.0000065940  -0.0000207341   0.0000065940
   4.2199999858   0.0000056620  -0.0000235856   0.0000056620
   4.2249999858   0.0000023327  -0.0000229835   0.0000023327
   4.2299999858  -0.0000030160  -0.0000188451  -0.0000030160
   4.2349999858  -0.0000095399  -0.0000117154  -0.0000095399
   4.2399999858  -0.0000160499  -0.0000027051  -0.0000160499
   4.2449999857  -0.0000212214   0.0000066735  -0.0000212214
   4.2499999857  -0.0000238534   0.0000147522  -0.0000238534
   4.2549999857  -0.0000231273   0.0000199952  -0.0000231273
   4.2599999857  -0.0000188094   0.0000212830  -0.0000188094
   4.2649999857  -0.0000113507   0.0000181413  -0.0000113507
   4.2699999857  -0.0000018550   0.0000108674  -0.0000018550
   4.2749999856   0.0000080851   0.0000005254   0.0000080851
   4.2799999856   0.0000166604  -0.0000112011   0.0000166604
   4.2849999856   0.0000221748  -0.0000222805   0.0000221748
   4.2899999856   0.0000233732  -0.0000306847   0.0000233732
   4.2949999856   0.0000197026  -0.0000347592   0.0000197026
   4.2999999856   0.0000114558  -0.0000335417   0.0000114558
   4.3049999855  -0.0000002351  -0.0000269670  -0.0000002351
   4.3099999855  -0.0000135588  -0.0000159145  -0.0000135588
   4.3149999855  -0.0000263141  -0.0000020864  -0.0000263141
   4.3199999855  -0.0000362815   0.0000122660  -0.0000362815
   4.3249999855  -0.0000416116   0.0000247207  -0.0000416116
   4.3299999855  -0.0000411624   0.0000331004  -0.0000411624
   4.3349999854  -0.0000347235   0.0000358531  -0.0000347235
   4.3399999854  -0.0000230841   0.0000323284  -0.0000230841
   4.3449999854  -0.0000079300   0.0000229023  -0.0000079300
   4.3499999854   0.0000084192   0.0000089282   0.0000084192
   4.3549999854   0.0000233869  -0.0000074768   0.0000233869
   4.3599999854   0.0000345677  -0.0000237739   0.0000345677
   4.3649999853   0.0000401321  -0.0000374112   0.0000401321
   4.3699999853   0.0000391334  -0.0000462328   0.0000391334
   4.3749999853   0.0000316648  -0.0000488175   0.0000316648
   4.3799999853   0.0000188376  -0.0000446966   0.0000188376
   4.3849999853   0.0000025879  -0.0000344171   0.0000025879
   4.3899999853  -0.0000146498  -0.0000194458  -0.0000146498
   4.3949999852  -0.0000303406  -0.0000019356  -0.0000303406
   4.3999999852  -0.0000422466   0.0000156065  -0.0000422466
   4.4049999852  -0.0000487555   0.0000306942  -0.0000487555
   4.4099999852  -0.0000490923   0.0000412233  -0.0000490923
   4.4149999852  -0.0000433878   0.0000457645  -0.0000433878
   4.4199999852  -0.0000326081   0.0000437497  -0.0000326081
   4.4249999851  -0.0000183702   0.0000355282  -0.0000183702
   4.4299999851  -0.0000026823   0.0000222911  -0.0000026823
   4.4349999851   0.0000123455   0.0000058825   0.0000123455
   4.4399999851   0.0000247797  -0.0000114701   0.0000247797
   4.4449999851   0.0000331001  -0.0000274661   0.0000331001
   4.4499999851   0.0000363710  -0.0000400367   0.0000363710
   4.4549999850   0.0000343362  -0.0000476099   0.0000343362
   4.4599999850   0.0000274326  -0.0000493015   0.0000274326
   4.4649999850   0.0000167248  -0.0000450165   0.0000167248
   4.4699999850   0.0000037664  -0.0000354500   0.0000037664
   4.4749999850  -0.0000095991  -0.0000219894  -0.0000095991
   4.4799999850  -0.0000214797  -0.0000065296  -0.0000214797
   4.4849999849  -0.0000301934   0.0000087810  -0.0000301934
   4.4899999849  -0.0000345109   0.0000218330  -0.0000345109
   4.4949999849  -0.0000338492   0.0000308532  -0.0000338492
   4.4999999849  -0.0000283804   0.0000346636  -0.0000283804
   4.5049999849  -0.0000190333   0.0000328651  -0.0000190333
   4.5099999849  -0.0000073751   0.0000259104  -0.0000073751
   4.5149999848   0.0000046180   0.0000150475   0.0000046180
   4.5199999848   0.0000148708   0.0000021355   0.0000148708
   4.5249999848   0.0000215547  -0.0000106479   0.0000215547
   4.5299999848   0.0000234094  -0.0000211617   0.0000234094
   4.5349999848   0.0000199829  -0.0000276624   0.0000199829
   4.5399999848   0.0000117409  -0.0000291073   0.0000117409
   4.5449999847   0.0000000174  -0.0000253406   0.0000000174
   4.5499999847  -0.0000131941  -0.0000171252  -0.0000131941
   4.5549999847  -0.0000255773  -0.0000060089  -0.0000255773
   4.5599999847  -0.0000349031   0.0000059545  -0.0000349031
   4.5649999847  -0.0000394377   0.0000165787  -0.0000394377
   4.5699999847  -0.0000382702   0.0000239403  -0.0000382702
   4.5749999846  -0.0000314948   0.0000267235  -0.0000314948
   4.5799999846  -0.0000202050   0.0000244452  -0.0000202050
   4.5849999846  -0.0000062975   0.0000175213  -0.0000062975
   4.5899999846   0.0000078808   0.0000071649   0.0000078808
   4.5949999846   0.0000199724  -0.0000048584   0.0000199724
   4.5999999846   0.0000280480  -0.0000165660   0.0000280480
   4.6049999845   0.0000309535  -0.0000261158   0.0000309535
   4.6099999845   0.0000284945  -0.0000321168   0.0000284945
   4.6149999845   0.0000214237  -0.0000338366   0.0000214237
   4.6199999845   0.0000112389  -0.0000312727   0.0000112389
   4.6249999845  -0.0000001589  -0.0000250851  -0.0000001589
   4.6299999845  -0.0000108644  -0.0000164138  -0.0000108644
   4.6349999844  -0.0000193358  -0.0000066306  -0.0000193358
   4.6399999844  -0.0000246511   0.0000029197  -0.0000246511
   4.6449999844  -0.0000266037   0.0000111322  -0.0000266037
   4.6499999844  -0.0000256292   0.0000172704  -0.0000256292
   4.6549999844  -0.0000225966   0.0000209958  -0.0000225966
   4.6599999844  -0.0000185272   0.0000223085  -0.0000185272
   4.6649999843  -0.0000143189   0.0000214319  -0.0000143189
   4.6699999843  -0.0000105454   0.0000186839  -0.0000105454
   4.6749999843  -0.0000073749   0.0000143763  -0.0000073749
   4.6799999843  -0.0000046189   0.0000087697  -0.0000046189
   4.6849999843  -0.0000018821   0.0000020900  -0.0000018821
   4.6899999843   0.0000012369  -0.0000054089   0.0000012369
   4.6949999842   0.0000049600  -0.0000133674   0.0000049600
   4.6999999842   0.0000092136  -0.0000212645   0.0000092136
   4.7049999842   0.0000136157  -0.0000284163   0.0000136157
   4.7099999842   0.0000175666  -0.0000340421   0.0000175666
   4.7149999842   0.0000204157  -0.0000373927   0.0000204157
   4.7199999841   0.0000216529  -0.0000379125   0.0000216529
   4.7249999841   0.0000210691  -0.0000353936   0.0000210691
   4.7299999841   0.0000188381  -0.0000300778   0.0000188381
   4.7349999841   0.0000154964  -0.0000226696   0.0000154964
   4.7399999841   0.0000118247  -0.0000142486   0.0000118247
   4.7449999841   0.0000086612  -0.0000060896   0.0000086612
   4.7499999840   0.0000066981   0.0000005708   0.0000066981
   4.7549999840   0.0000063150   0.0000047701   0.0000063150
   4.7599999840   0.0000074929   0.0000060029   0.0000074929
   4.7649999840   0.0000098340   0.0000043074   0.0000098340
   4.7699999840   0.0000126790   0.0000002364   0.0000126790
   4.7749999840   0.0000152932  -0.0000052802   0.0000152932
   4.7799999839   0.0000170680  -0.0000111446   0.0000170680
   4.7849999839   0.0000176843  -0.0000163231   0.0000176843
   4.7899999839   0.0000171917  -0.0000200453   0.0000171917
   4.7949999839   0.0000159829  -0.0000219282   0.0000159829
   4.7999999839   0.0000146696  -0.0000220022   0.0000146696
   4.8049999839   0.0000138954  -0.0000206429   0.0000138954
   4.8099999838   0.0000141393  -0.0000184340   0.0000141393
   4.8149999838   0.0000155662  -0.0000160013   0.0000155662
   4.8199999838   0.0000179667  -0.0000138625   0.0000179667
   4.8249999838   0.0000208068  -0.0000123284   0.0000208068
   4.8299999838   0.0000233719  -0.0000114736   0.0000233719
   4.8349999838   0.0000249680  -0.0000111765   0.0000249680
   4.8399999837   0.0000251216  -0.0000112069   0.0000251216
   4.8449999837   0.0000237226  -0.0000113298   0.0000237226
   4.8499999837   0.0000210687  -0.0000113922   0.0000210687
   4.8549999837   0.0000177977  -0.0000113652   0.0000177977
   4.8599999837   0.0000147259  -0.0000113346   0.0000147259
   4.8649999837   0.0000126357  -0.0000114443   0.0000126357
   4.8699999836   0.0000120734  -0.0000118176   0.0000120734
   4.8749999836   0.0000132088  -0.0000124832   0.0000132088
   4.8799999836   0.0000157988  -0.0000133352   0.0000157988
   4.8849999836   0.0000192590  -0.0000141418   0.0000192590
   4.8899999836   0.0000228242  -0.0000146022   0.0000228242
   4.8949999836   0.0000257489  -0.0000144380   0.0000257489
   4.8999999835   0.0000274935  -0.0000134899   0.0000274935
   4.9049999835   0.0000278447  -0.0000117903   0.0000278447
   4.9099999835   0.0000269407  -0.0000095866   0.0000269407
   4.9149999835   0.0000252005  -0.0000073033   0.0000252005
   4.9199999835   0.0000231825  -0.0000054486   0.0000231825
   4.9249999835   0.0000214184  -0.0000044876   0.0000214184
   4.9299999834   0.0000202704  -0.0000047147   0.0000202704
   4.9349999834   0.0000198521  -0.0000061615   0.0000198521
   4.9399999834   0.0000200322  -0.0000085678   0.0000200322
   4.9449999834   0.0000205127  -0.0000114272   0.0000205127
   4.9499999834   0.0000209531  -0.0000140992   0.0000209531
   4.9549999834   0.0000210990  -0.0000159606   0.0000210990
   4.9599999833   0.0000208741  -0.0000165564   0.0000208741
   4.9649999833   0.0000204062  -0.0000157116   0.0000204062
   4.9699999833   0.0000199815  -0.0000135729   0.0000199815
   4.9749999833   0.0000199417  -0.0000105712   0.0000199417
   4.9799999833   0.0000205572  -0.0000073146   0.0000205572
   4.9849999833   0.0000219186  -0.0000044415   0.0000219186
   4.9899999832   0.0000238804  -0.0000024736   0.0000238804
   4.9949999832   0.0000260783  -0.0000017054   0.0000260783
   4.9999999832   0.0000280168  -0.0000021570   0.0000280168
   5.0049999832   0.0000292049  -0.0000035971   0.0000292049
   5.0099999832   0.0000292996  -0.0000056251   0.0000292996
   5.0149999832   0.0000282160  -0.0000077862   0.0000282160
   5.0199999831   0.0000261700  -0.0000096837   0.0000261700
   5.0249999831   0.0000236386  -0.0000110604   0.0000236386
   5.0299999831   0.0000212465  -0.0000118296   0.0000212465
   5.0349999831   0.0000196084  -0.0000120522   0.0000196084
   5.0399999831   0.0000191703  -0.0000118748   0.0000191703
   5.0449999831   0.0000200926  -0.0000114542   0.0000200926
   5.0499999830   0.0000222087  -0.0000108942   0.0000222087
   5.0549999830   0.0000250696  -0.0000102190   0.0000250696
   5.0599999830   0.0000280630  -0.0000093874   0.0000280630
   5.0649999830   0.0000305734  -0.0000083433   0.0000305734
   5.0699999830   0.0000321379  -0.0000070790   0.0000321379
   5.0749999830   0.0000325562  -0.0000056853   0.0000325562
   5.0799999829   0.0000319249  -0.0000043669   0.0000319249
   5.0849999829   0.0000305898  -0.0000034109   0.0000305898
   5.0899999829   0.0000290335  -0.0000031159   0.0000290335
   5.0949999829   0.0000277343  -0.0000037009   0.0000277343
   5.0999999829   0.0000270393  -0.0000052234   0.0000270393
   5.1049999829   0.0000270881  -0.0000075348   0.0000270881
   5.1099999828   0.0000278076  -0.0000102893   0.0000278076
   5.1149999828   0.0000289717  -0.0000130099   0.0000289717
   5.1199999828   0.0000303034  -0.0000151943   0.0000303034
   5.1249999828   0.0000315805  -0.0000164346   0.0000315805
   5.1299999828   0.0000327085  -0.0000165169   0.0000327085
   5.1349999828   0.0000337381  -0.0000154759   0.0000337381
   5.1399999827   0.0000348216  -0.0000135862   0.0000348216
   5.1449999827   0.0000361289  -0.0000112967   0.0000361289
   5.1499999827   0.0000377534  -0.0000091224   0.0000377534
   5.1549999827   0.0000396447  -0.0000075250   0.0000396447
   5.1599999827   0.0000415938  -0.0000068121   0.0000415938
   5.1649999827   0.0000432786  -0.0000070802   0.0000432786
   5.1699999826   0.0000443581  -0.0000082126   0.0000443581
   5.1749999826   0.0000445831  -0.0000099280   0.0000445831
   5.1799999826   0.0000438893  -0.0000118622   0.0000438893
   5.1849999826   0.0000424398  -0.0000136581   0.0000424398
   5.1899999826   0.0000406011  -0.0000150387   0.0000406011
   5.1949999826   0.0000388588  -0.0000158483   0.0000388588
   5.1999999825   0.0000376954  -0.0000160553   0.0000376954
   5.2049999825   0.0000374664  -0.0000157242   0.0000374664
   5.2099999825   0.0000383096  -0.0000149730   0.0000383096
   5.2149999825   0.0000401125  -0.0000139301   0.0000401125
   5.2199999825   0.0000425461  -0.0000127070   0.0000425461
   5.2249999825   0.0000451510  -0.0000113907   0.0000451510
   5.2299999824   0.0000474523  -0.0000100535   0.0000474523
   5.2349999824   0.0000490691  -0.0000087724   0.0000490691
   5.2399999824   0.0000497918  -0.0000076446   0.0000497918
   5.2449999824   0.0000496116  -0.0000067909   0.0000496116
   5.2499999824   0.0000486980  -0.0000063419   0.0000486980
   5.2549999824   0.0000473402  -0.0000064077   0.0000473402
   5.2599999823   0.0000458689  -0.0000070410   0.0000458689
   5.2649999823   0.0000445826  -0.0000082044   0.0000445826
   5.2699999823   0.0000436949  -0.0000097536   0.0000436949
   5.2749999823   0.0000433102  -0.0000114465   0.0000433102
   5.2799999823   0.0000434300  -0.0000129785   0.0000434300
   5.2849999823   0.0000439793  -0.0000140395   0.0000439793
   5.2899999822   0.0000448445  -0.0000143804   0.0000448445
   5.2949999822   0.0000459078  -0.0000138718   0.0000459078
   5.2999999822   0.0000470726  -0.0000125418   0.0000470726
   5.3049999822   0.0000482713  -0.0000105790   0.0000482713
   5.3099999822   0.0000494588  -0.0000083013   0.0000494588
   5.3149999822   0.0000505949  -0.0000060936   0.0000505949
   5.3199999821   0.0000516249  -0.0000043294   0.0000516249
   5.3249999821   0.0000524664  -0.0000032944   0.0000524664
   5.3299999821   0.0000530112  -0.0000031281   0.0000530112
   5.3349999821   0.0000531444  -0.0000037995   0.0000531444
   5.3399999821   0.0000527795  -0.0000051189   0.0000527795
   5.3449999821   0.0000518993  -0.0000067859   0.0000518993
   5.3499999820   0.0000505903  -0.0000084577   0.0000505903
   5.3549999820   0.0000490555  -0.0000098235   0.0000490555
   5.3599999820   0.0000475952  -0.0000106637   0.0000475952
   5.3649999820   0.0000465540  -0.0000108834   0.0000465540
   5.3699999820   0.0000462431  -0.0000105107   0.0000462431
   5.3749999820   0.0000468565  -0.0000096678   0.0000468565
   5.3799999819   0.0000484050  -0.0000085237   0.0000484050
   5.3849999819   0.0000506919  -0.0000072479   0.0000506919
   5.3899999819   0.0000533416  -0.0000059778   0.0000533416
   5.3949999819   0.0000558786  -0.0000048084   0.0000558786
   5.3999999819   0.0000578395  -0.0000038031   0.0000578395
   5.4049999818   0.0000588869  -0.0000030151   0.0000588869
   5.4099999818   0.0000588913  -0.0000025057   0.0000588913
   5.4149999818   0.0000579585  -0.0000023479   0.0000579585
   5.4199999818   0.0000563921  -0.0000026092   0.0000563921
   5.4249999818   0.0000546042  -0.0000033207   0.0000546042
   5.4299999818   0.0000530026  -0.0000044417   0.0000530026
   5.4349999817   0.0000518901  -0.0000058391   0.0000518901
   5.4399999817   0.0000514053  -0.0000072921   0.0000514053
   5.4449999817   0.0000515219  -0.0000085265   0.0000515219
   5.4499999817   0.0000520982  -0.0000092730   0.0000520982
   5.4549999817   0.0000529555  -0.0000093335   0.0000529555
   5.4599999817   0.0000539523  -0.0000086355   0.0000539523
   5.4649999816   0.0000550265  -0.0000072582   0.0000550265
   5.4699999816   0.0000561910  -0.0000054214   0.0000561910
   5.4749999816   0.0000574889  -0.0000034393   0.0000574889
   5.4799999816   0.0000589303  -0.0000016515   0.0000589303
   5.4849999816   0.0000604407  -0.0000003504   0.0000604407
   5.4899999816   0.0000618462   0.0000002772   0.0000618462
   5.4949999815   0.0000629062   0.0000001793   0.0000629062
   5.4999999815   0.0000633855  -0.0000005634   0.0000633855
   5.5049999815   0.0000631389  -0.0000017680   0.0000631389
   5.5099999815   0.0000621790  -0.0000031956   0.0000621790
   5.5149999815   0.0000606971  -0.0000045997   0.0000606971
   5.5199999815   0.0000590292  -0.0000057664   0.0000590292
   5.5249999814   0.0000575735  -0.0000065393   0.0000575735
   5.5299999814   0.0000566851  -0.0000068303   0.0000566851
   5.5349999814   0.0000565820  -0.0000066194   0.0000565820
   5.5399999814   0.0000572900  -0.0000059485   0.0000572900
   5.5449999814   0.0000586440  -0.0000049124   0.0000586440
   5.5499999814   0.0000603407  -0.0000036467   0.0000603407
   5.5549999813   0.0000620245  -0.0000023134   0.0000620245
   5.5599999813   0.0000633800  -0.0000010804   0.0000633800
   5.5649999813   0.0000642014  -0.0000001002   0.0000642014
   5.5699999813   0.0000644268   0.0000005128   0.0000644268
   5.5749999813   0.0000641313   0.0000006974   0.0000641313
   5.5799999813   0.0000634905   0.0000004519   0.0000634905
   5.5849999812   0.0000627311  -0.0000001703   0.0000627311
   5.5899999812   0.0000620831  -0.0000010741   0.0000620831
   5.5949999812   0.0000617461  -0.0000021373   0.0000617461
   5.5999999812   0.0000618685  -0.0000032237   0.0000618685
   5.6049999812   0.0000625384  -0.0000041924   0.0000625384
   5.6099999812   0.0000637785  -0.0000049039   0.0000637785
   5.6149999811   0.0000655428  -0.0000052291   0.0000655428
   5.6199999811   0.0000677144  -0.0000050652   0.0000677144
   5.6249999811   0.0000701099  -0.0000043594   0.0000701099
   5.6299999811   0.0000724933  -0.0000031355   0.0000724933
   5.6349999811   0.0000746014  -0.0000015134   0.0000746014
   5.6399999811   0.0000761773   0.0000002906   0.0000761773
   5.6449999810   0.0000770040   0.0000019899   0.0000770040
   5.6499999810   0.0000769324   0.0000032803   0.0000769324
   5.6549999810   0.0000758966   0.0000039086   0.0000758966
   5.6599999810   0.0000739192   0.0000037381   0.0000739192
   5.6649999810   0.0000711095   0.0000027910   0.0000711095
   5.6699999810   0.0000676606   0.0000012511   0.0000676606
   5.6749999809   0.0000638485  -0.0000005766   0.0000638485
   5.6799999809   0.0000600294  -0.0000023394   0.0000600294
   5.6849999809   0.0000566274  -0.0000037214   0.0000566274
   5.6899999809   0.0000541038  -0.0000045148   0.0000541038
   5.6949999809   0.0000529018  -0.0000046544   0.0000529018
   5.6999999809   0.0000533712  -0.0000042086   0.0000533712
   5.7049999808   0.0000556903  -0.0000033333   0.0000556903
   5.7099999808   0.0000598041  -0.0000022081   0.0000598041
   5.7149999808   0.0000654053  -0.0000009806   0.0000654053
   5.7199999808   0.0000719683   0.0000002612   0.0000719683
   5.7249999808   0.0000788350   0.0000014823   0.0000788350
   5.7299999808   0.0000853319   0.0000026655   0.0000853319
   5.7349999807   0.0000908861   0.0000037708   0.0000908861
   5.7399999807   0.0000951083   0.0000047082   0.0000951083
   5.7449999807   0.0000978202   0.0000053435   0.0000978202
   5.7499999807   0.0000990236   0.0000055350   0.0000990236
   5.7549999807   0.0000988281   0.0000051896   0.0000988281
   5.7599999807   0.0000973711   0.0000043138   0.0000973711
   5.7649999806   0.0000947612   0.0000030367   0.0000947612
   5.7699999806   0.0000910667   0.0000015910   0.0000910667
   5.7749999806   0.0000863526   0.0000002573   0.0000863526
   5.7799999806   0.0000807437  -0.0000007136   0.0000807437
   5.7849999806   0.0000744843  -0.0000011697   0.0000744843
   5.7899999806   0.0000679624  -0.0000010970   0.0000679624
   5.7949999805   0.0000616812  -0.0000006140   0.0000616812
   5.7999999805   0.0000561833   0.0000000741   0.0000561833
   5.8049999805   0.0000519514   0.0000007449   0.0000519514
   5.8099999805   0.0000493223   0.0000012264   0.0000493223
   5.8149999805   0.0000484438   0.0000014416   0.0000484438
   5.8199999805   0.0000492898   0.0000014188   0.0000492898
   5.8249999804   0.0000517236   0.0000012685   0.0000517236
   5.8299999804   0.0000555813   0.0000011420   0.0000555813
   5.8349999804   0.0000607382   0.0000011873   0.0000607382
   5.8399999804   0.0000671291   0.0000015181   0.0000671291
   5.8449999804   0.0000747126   0.0000022006   0.0000747126
   5.8499999804   0.0000833933   0.0000032556   0.0000833933
   5.8549999803   0.0000929339   0.0000046655   0.0000929339
   5.8599999803   0.0001028971   0.0000063767   0.0001028971
   5.8649999803   0.0001126453   0.0000082940   0.0001126453
   5.8699999803   0.0001214052   0.0000102691   0.0001214052
   5.8749999803   0.0001283831   0.0000120940   0.0001283831
   5.8799999803   0.0001328951   0.0000135101   0.0001328951
   5.8849999802   0.0001344752   0.0000142386   0.0001344752
   5.8899999802   0.0001329319   0.0000140310   0.0001329319
   5.8949999802   0.0001283458   0.0000127257   0.0001283458
   5.8999999802   0.0001210207   0.0000102966   0.0001210207
   5.9049999802   0.0001114167   0.0000068761   0.0001114167
   5.9099999802   0.0001000934   0.0000027469   0.0001000934
   5.9149999801   0.0000876815  -0.0000016971   0.0000876815
   5.9199999801   0.0000748815  -0.0000060057   0.0000748815
   5.9249999801   0.0000624697  -0.0000097301   0.0000624697
   5.9299999801   0.0000512856  -0.0000124670   0.0000512856
   5.9349999801   0.0000421780  -0.0000138853   0.0000421780
   5.9399999801   0.0000359064  -0.0000137369   0.0000359064
   5.9449999800   0.0000330176  -0.0000118629   0.0000330176
   5.9499999800   0.0000337322  -0.0000082033   0.0000337322
   5.9549999800   0.0000378850  -0.0000028179   0.0000378850
   5.9599999800   0.0000449488   0.0000040880   0.0000449488
   5.9649999800   0.0000541435   0.0000121417   0.0000541435
   5.9699999800   0.0000646073   0.0000208001   0.0000646073
   5.9749999799   0.0000755771   0.0000293773   0.0000755771
   5.9799999799   0.0000865230   0.0000371059   0.0000865230
   5.9849999799   0.0000971932   0.0000432244   0.0000971932
   5.9899999799   0.0001075576   0.0000470754   0.0001075576
   5.9949999799   0.0001176737   0.0000481952   0.0001176737
