   0.0000000000   0.0000000000   0.0000000000   0.0000000000
   0.0050000000   0.0000000000   0.0000000000   0.0000000000
   0.0100000000   0.0000000000   0.0000000000   0.0000000000
   0.0149999999   0.0000000000   0.0000000000   0.0000000000
   0.0199999999   0.0000000000   0.0000000000   0.0000000000
   0.0249999999   0.0000000000   0.0000000000   0.0000000000
   0.0299999999   0.0000000000   0.0000000000   0.0000000000
   0.0349999999   0.0000000000   0.0000000000   0.0000000000
   0.0399999999   0.0000000000   0.0000000000   0.0000000000
   0.0449999998   0.0000000000   0.0000000000   0.0000000000
   0.0499999998   0.0000000000   0.0000000000   0.0000000000
   0.0549999998   0.0000000000   0.0000000000   0.0000000000
   0.0599999998   0.0000000000   0.0000000000   0.0000000000
   0.0649999998   0.0000000000   0.0000000000   0.0000000000
   0.0699999998   0.0000000000   0.0000000000   0.0000000000
   0.0749999997   0.0000000000   0.0000000000   0.0000000000
   0.0799999997   0.0000000000   0.0000000000   0.0000000000
   0.0849999997   0.0000000000   0.0000000000   0.0000000000
   0.0899999997  -0.0000000000   0.0000000000  -0.0000000000
   0.0949999997  -0.0000000000   0.0000000000  -0.0000000000
   0.0999999997  -0.0000000000   0.0000000000  -0.0000000000
   0.1049999996  -0.0000000000   0.0000000000  -0.0000000000
   0.1099999996  -0.0000000000   0.0000000000  -0.0000000000
   0.1149999996  -0.0000000000   0.0000000000  -0.0000000000
   0.1199999996  -0.0000000000   0.0000000000  -0.0000000000
   0.1249999996  -0.0000000000   0.0000000000  -0.0000000000
   0.1299999996  -0.0000000000   0.0000000000  -0.0000000000
   0.1349999995  -0.0000000000   0.0000000000  -0.0000000000
   0.1399999995  -0.0000000000   0.0000000000  -0.0000000000
   0.1449999995   0.0000000000  -0.0000000000   0.0000000000
   0.1499999995   0.0000000000  -0.0000000000   0.0000000000
   0.1549999995   0.0000000000  -0.0000000000   0.0000000000
   0.1599999995   0.0000000000  -0.0000000000   0.0000000000
   0.1649999994   0.0000000000  -0.0000000000   0.0000000000
   0.1699999994   0.0000000000  -0.0000000000   0.0000000000
   0.1749999994   0.0000000000  -0.0000000000   0.0000000000
   0.1799999994  -0.0000000000   0.0000000000  -0.0000000000
   0.1849999994  -0.0000000000   0.0000000000  -0.0000000000
   0.1899999994  -0.0000000000   0.0000000000  -0.0000000000
   0.1949999993  -0.0000000000   0.0000000000  -0.0000000000
   0.1999999993  -0.0000000000   0.0000000000  -0.0000000000
   0.2049999993  -0.0000000000   0.0000000000  -0.0000000000
   0.2099999993  -0.0000000000   0.0000000000  -0.0000000000
   0.2149999993  -0.0000000000  -0.0000000000  -0.0000000000
   0.2199999993   0.0000000000  -0.0000000000   0.0000000000
   0.2249999992   0.0000000000  -0.0000000000   0.0000000000
   0.2299999992   0.0000000000  -0.0000000000   0.0000000000
   0.2349999992   0.0000000000  -0.0000000000   0.0000000000
   0.2399999992   0.0000000000  -0.0000000000   0.0000000000
   0.2449999992   0.0000000000  -0.0000000000   0.0000000000
   0.2499999992   0.0000000000  -0.0000000000   0.0000000000
   0.2549999991   0.0000000000  -0.0000000000   0.0000000000
   0.2599999991   0.0000000000   0.0000000000   0.0000000000
   0.2649999991  -0.0000000000   0.0000000000  -0.0000000000
   0.2699999991  -0.0000000000   0.0000000000  -0.0000000000
   0.2749999991  -0.0000000000   0.0000000000  -0.0000000000
   0.2799999991  -0.0000000000   0.0000000000  -0.0000000000
   0.2849999990  -0.0000000000   0.0000000000  -0.0000000000
   0.2899999990  -0.0000000000   0.0000000000  -0.0000000000
   0.2949999990  -0.0000000000   0.0000000000  -0.0000000000
   0.2999999990  -0.0000000000   0.0000000000  -0.0000000000
   0.3049999990   0.0000000000  -0.0000000000   0.0000000000
   0.3099999990   0.0000000000  -0.0000000000   0.0000000000
   0.3149999989   0.0000000000  -0.0000000000   0.0000000000
   0.3199999989   0.0000000000  -0.0000000000   0.0000000000
   0.3249999989   0.0000000000  -0.0000000000   0.0000000000
   0.3299999989   0.0000000000  -0.0000000000   0.0000000000
   0.3349999989   0.0000000000  -0.0000000000   0.0000000000
   0.3399999989   0.0000000000  -0.0000000000   0.0000000000
   0.3449999988   0.0000000000  -0.0000000000   0.0000000000
   0.3499999988  -0.0000000000   0.0000000000  -0.0000000000
   0.3549999988  -0.0000000000   0.0000000000  -0.0000000000
   0.3599999988  -0.0000000000   0.0000000000  -0.0000000000
   0.3649999988  -0.0000000000   0.0000000000  -0.0000000000
   0.3699999988  -0.0000000000   0.0000000000  -0.0000000000
   0.3749999987  -0.0000000000   0.0000000000  -0.0000000000
   0.3799999987  -0.0000000000   0.0000000000  -0.0000000000
   0.3849999987  -0.0000000000   0.0000000000  -0.0000000000
   0.3899999987  -0.0000000000   0.0000000000  -0.0000000000
   0.3949999987   0.0000000000  -0.0000000000   0.0000000000
   0.3999999987   0.0000000000  -0.0000000000   0.0000000000
   0.4049999986   0.0000000000  -0.0000000000   0.0000000000
   0.4099999986   0.0000000000   0.0000000000   0.0000000000
   0.4149999986  -0.0000000000   0.0000000000  -0.0000000000
   0.4199999986  -0.0000000000   0.0000000000  -0.0000000000
   0.4249999986  -0.0000000000   0.0000000000  -0.0000000000
   0.4299999986   0.0000000000  -0.0000000000   0.0000000000
   0.4349999985   0.0000000000  -0.0000000000   0.0000000000
   0.4399999985   0.0000000000  -0.0000000000   0.0000000000
   0.4449999985   0.0000000000  -0.0000000000   0.0000000000
   0.4499999985  -0.0000000000   0.0000000000  -0.0000000000
   0.4549999985  -0.0000000000   0.0000000000  -0.0000000000
   0.4599999985  -0.0000000000   0.0000000000  -0.0000000000
   0.4649999984  -0.0000000000   0.0000000000  -0.0000000000
   0.4699999984  -0.0000000000  -0.0000000000  -0.0000000000
   0.4749999984   0.0000000000  -0.0000000000   0.0000000000
   0.4799999984   0.0000000000  -0.0000000000   0.0000000000
   0.4849999984   0.0000000000  -0.0000000000   0.0000000000
   0.4899999984   0.0000000000   0.0000000000   0.0000000000
   0.4949999983  -0.0000000000   0.0000000000  -0.0000000000
   0.4999999983  -0.0000000000   0.0000000000  -0.0000000000
   0.5049999983  -0.0000000000   0.0000000000  -0.0000000000
   0.5099999983  -0.0000000000  -0.0000000000  -0.0000000000
   0.5149999983   0.0000000000  -0.0000000000   0.0000000000
   0.5199999983   0.0000000000  -0.0000000000   0.0000000000
   0.5249999982   0.0000000000  -0.0000000000   0.0000000000
   0.5299999982   0.0000000000  -0.0000000000   0.0000000000
   0.5349999982  -0.0000000000   0.0000000000  -0.0000000000
   0.5399999982  -0.0000000000   0.0000000000  -0.0000000000
   0.5449999982  -0.0000000000   0.0000000000  -0.0000000000
   0.5499999982  -0.0000000000  -0.0000000000  -0.0000000000
   0.5549999981   0.0000000000  -0.0000000000   0.0000000000
   0.5599999981   0.0000000000  -0.0000000000   0.0000000000
   0.5649999981   0.0000000000  -0.0000000000   0.0000000000
   0.5699999981   0.0000000000   0.0000000000   0.0000000000
   0.5749999981  -0.0000000000   0.0000000000  -0.0000000000
   0.5799999981  -0.0000000000   0.0000000000  -0.0000000000
   0.5849999980  -0.0000000000   0.0000000000  -0.0000000000
   0.5899999980   0.0000000000  -0.0000000000   0.0000000000
   0.5949999980   0.0000000000  -0.0000000000   0.0000000000
   0.5999999980   0.0000000000  -0.0000000000   0.0000000000
   0.6049999980   0.0000000000  -0.0000000000   0.0000000000
   0.6099999980  -0.0000000000   0.0000000000  -0.0000000000
   0.6149999979  -0.0000000000   0.0000000000  -0.0000000000
   0.6199999979  -0.0000000000   0.0000000000  -0.0000000000
   0.6249999979  -0.0000000000   0.0000000000  -0.0000000000
   0.6299999979   0.0000000000  -0.0000000000   0.0000000000
   0.6349999979   0.0000000000  -0.0000000000   0.0000000000
   0.6399999979   0.0000000000  -0.0000000000   0.0000000000
   0.6449999978   0.0000000000  -0.0000000000   0.0000000000
   0.6499999978  -0.0000000000   0.0000000000  -0.0000000000
   0.6549999978  -0.0000000000   0.0000000000  -0.0000000000
   0.6599999978  -0.0000000000   0.0000000000  -0.0000000000
   0.6649999978  -0.0000000000   0.0000000000  -0.0000000000
   0.6699999978   0.0000000000  -0.0000000000   0.0000000000
   0.6749999977   0.0000000000  -0.0000000000   0.0000000000
   0.6799999977   0.0000000000  -0.0000000000   0.0000000000
   0.6849999977  -0.0000000000  -0.0000000000  -0.0000000000
   0.6899999977  -0.0000000000   0.0000000000  -0.0000000000
   0.6949999977  -0.0000000000   0.0000000000  -0.0000000000
   0.6999999976  -0.0000000000   0.0000000000  -0.0000000000
   0.7049999976   0.0000000000  -0.0000000000   0.0000000000
   0.7099999976   0.0000000000  -0.0000000000   0.0000000000
   0.7149999976   0.0000000000  -0.0000000000   0.0000000000
   0.7199999976   0.0000000000  -0.0000000000   0.0000000000
   0.7249999976  -0.0000000000   0.0000000000  -0.0000000000
   0.7299999975  -0.0000000000   0.0000000000  -0.0000000000
   0.7349999975  -0.0000000000   0.0000000000  -0.0000000000
   0.7399999975  -0.0000000000   0.0000000000  -0.0000000000
   0.7449999975   0.0000000000  -0.0000000000   0.0000000000
   0.7499999975   0.0000000000  -0.0000000000   0.0000000000
   0.7549999975   0.0000000000  -0.0000000000   0.0000000000
   0.7599999974   0.0000000000  -0.0000000000   0.0000000000
   0.7649999974  -0.0000000000   0.0000000000  -0.0000000000
   0.7699999974  -0.0000000000   0.0000000000  -0.0000000000
   0.7749999974  -0.0000000000   0.0000000000  -0.0000000000
   0.7799999974  -0.0000000000   0.0000000000  -0.0000000000
   0.7849999974   0.0000000000  -0.0000000000   0.0000000000
   0.7899999973   0.0000000000  -0.0000000000   0.0000000000
   0.7949999973   0.0000000000  -0.0000000000   0.0000000000
   0.7999999973   0.0000000000  -0.0000000000   0.0000000000
   0.8049999973   0.0000000000  -0.0000000000   0.0000000000
   0.8099999973   0.0000000000   0.0000000000   0.0000000000
   0.8149999973  -0.0000000000   0.0000000000  -0.0000000000
   0.8199999972  -0.0000000000   0.0000000000  -0.0000000000
   0.8249999972  -0.0000000000   0.0000000000  -0.0000000000
   0.8299999972  -0.0000000000  -0.0000000000  -0.0000000000
   0.8349999972  -0.0000000000  -0.0000000000  -0.0000000000
   0.8399999972   0.0000000000  -0.0000000000   0.0000000000
   0.8449999972   0.0000000000  -0.0000000000   0.0000000000
   0.8499999971   0.0000000000  -0.0000000000   0.0000000000
   0.8549999971   0.0000000000   0.0000000000   0.0000000000
   0.8599999971  -0.0000000000   0.0000000000  -0.0000000000
   0.8649999971  -0.0000000000   0.0000000000  -0.0000000000
   0.8699999971  -0.0000000000   0.0000000000  -0.0000000000
   0.8749999971  -0.0000000000   0.0000000000  -0.0000000000
   0.8799999970   0.0000000000  -0.0000000000   0.0000000000
   0.8849999970   0.0000000000  -0.0000000000   0.0000000000
   0.8899999970   0.0000000000  -0.0000000000   0.0000000000
   0.8949999970   0.0000000000  -0.0000000000   0.0000000000
   0.8999999970   0.0000000000  -0.0000000000   0.0000000000
   0.9049999970  -0.0000000000   0.0000000000  -0.0000000000
   0.9099999969  -0.0000000000   0.0000000000  -0.0000000000
   0.9149999969  -0.0000000000   0.0000000000  -0.0000000000
   0.9199999969  -0.0000000000   0.0000000000  -0.0000000000
   0.9249999969   0.0000000000  -0.0000000000   0.0000000000
   0.9299999969   0.0000000000  -0.0000000000   0.0000000000
   0.9349999969   0.0000000000  -0.0000000000   0.0000000000
   0.9399999968   0.0000000000  -0.0000000000   0.0000000000
   0.9449999968  -0.0000000000   0.0000000000  -0.0000000000
   0.9499999968  -0.0000000000   0.0000000000  -0.0000000000
   0.9549999968  -0.0000000000   0.0000000000  -0.0000000000
   0.9599999968  -0.0000000000   0.0000000000  -0.0000000000
   0.9649999968  -0.0000000000   0.0000000000  -0.0000000000
   0.9699999967   0.0000000000  -0.0000000000   0.0000000000
   0.9749999967   0.0000000000  -0.0000000000   0.0000000000
   0.9799999967   0.0000000000  -0.0000000000   0.0000000000
   0.9849999967   0.0000000000  -0.0000000000   0.0000000000
   0.9899999967  -0.0000000000   0.0000000000  -0.0000000000
   0.9949999967  -0.0000000000   0.0000000000  -0.0000000000
   0.9999999966  -0.0000000000   0.0000000000  -0.0000000000
   1.0049999966  -0.0000000000   0.0000000000  -0.0000000000
   1.0099999966  -0.0000000000  -0.0000000000  -0.0000000000
   1.0149999966   0.0000000000  -0.0000000000   0.0000000000
   1.0199999966   0.0000000000  -0.0000000000   0.0000000000
   1.0249999966   0.0000000000  -0.0000000000   0.0000000000
   1.0299999965   0.0000000000  -0.0000000000   0.0000000000
   1.0349999965  -0.0000000000   0.0000000000  -0.0000000000
   1.0399999965  -0.0000000000   0.0000000000  -0.0000000000
   1.0449999965  -0.0000000000   0.0000000000  -0.0000000000
   1.0499999965  -0.0000000000   0.0000000000  -0.0000000000
   1.0549999965  -0.0000000000  -0.0000000000  -0.0000000000
   1.0599999964   0.0000000000  -0.0000000000   0.0000000000
   1.0649999964   0.0000000000  -0.0000000000   0.0000000000
   1.0699999964   0.0000000000  -0.0000000000   0.0000000000
   1.0749999964   0.0000000000  -0.0000000000   0.0000000000
   1.0799999964  -0.0000000000   0.0000000000  -0.0000000000
   1.0849999964  -0.0000000000   0.0000000000  -0.0000000000
   1.0899999963  -0.0000000000   0.0000000000  -0.0000000000
   1.0949999963  -0.0000000000   0.0000000000  -0.0000000000
   1.0999999963  -0.0000000000  -0.0000000000  -0.0000000000
   1.1049999963   0.0000000000  -0.0000000000   0.0000000000
   1.1099999963   0.0000000000  -0.0000000000   0.0000000000
   1.1149999963   0.0000000000  -0.0000000000   0.0000000000
   1.1199999962   0.0000000000  -0.0000000000   0.0000000000
   1.1249999962  -0.0000000000   0.0000000000  -0.0000000000
   1.1299999962  -0.0000000000   0.0000000000  -0.0000000000
   1.1349999962  -0.0000000000   0.0000000000  -0.0000000000
   1.1399999962  -0.0000000000   0.0000000000  -0.0000000000
   1.1449999962  -0.0000000000  -0.0000000000  -0.0000000000
   1.1499999961   0.0000000000  -0.0000000000   0.0000000000
   1.1549999961   0.0000000000  -0.0000000000   0.0000000000
   1.1599999961   0.0000000000  -0.0000000000   0.0000000000
   1.1649999961   0.0000000000  -0.0000000000   0.0000000000
   1.1699999961   0.0000000000   0.0000000000   0.0000000000
   1.1749999961  -0.0000000000   0.0000000000  -0.0000000000
   1.1799999960  -0.0000000000   0.0000000000  -0.0000000000
   1.1849999960  -0.0000000000   0.0000000000  -0.0000000000
   1.1899999960  -0.0000000000   0.0000000000  -0.0000000000
   1.1949999960   0.0000000000  -0.0000000000   0.0000000000
   1.1999999960   0.0000000000  -0.0000000000   0.0000000000
   1.2049999960   0.0000000000  -0.0000000000   0.0000000000
   1.2099999959   0.0000000000  -0.0000000000   0.0000000000
   1.2149999959   0.0000000000   0.0000000000   0.0000000000
   1.2199999959  -0.0000000000   0.0000000000  -0.0000000000
   1.2249999959  -0.0000000000   0.0000000000  -0.0000000000
   1.2299999959  -0.0000000000   0.0000000000  -0.0000000000
   1.2349999959  -0.0000000000   0.0000000000  -0.0000000000
   1.2399999958   0.0000000000  -0.0000000000   0.0000000000
   1.2449999958   0.0000000000  -0.0000000000   0.0000000000
   1.2499999958   0.0000000000  -0.0000000000   0.0000000000
   1.2549999958   0.0000000000  -0.0000000000   0.0000000000
   1.2599999958   0.0000000000   0.0000000000   0.0000000000
   1.2649999958  -0.0000000000   0.0000000000  -0.0000000000
   1.2699999957  -0.0000000000   0.0000000000  -0.0000000000
   1.2749999957  -0.0000000000   0.0000000000  -0.0000000000
   1.2799999957  -0.0000000000   0.0000000000  -0.0000000000
   1.2849999957  -0.0000000000  -0.0000000000  -0.0000000000
   1.2899999957   0.0000000000  -0.0000000000   0.0000000000
   1.2949999957   0.0000000000  -0.0000000000   0.0000000000
   1.2999999956   0.0000000000  -0.0000000000   0.0000000000
   1.3049999956   0.0000000000  -0.0000000000   0.0000000000
   1.3099999956  -0.0000000000   0.0000000000  -0.0000000000
   1.3149999956  -0.0000000000   0.0000000000  -0.0000000000
   1.3199999956  -0.0000000000   0.0000000000  -0.0000000000
   1.3249999956  -0.0000000000   0.0000000000  -0.0000000000
   1.3299999955  -0.0000000000  -0.0000000000  -0.0000000000
   1.3349999955   0.0000000000  -0.0000000000   0.0000000000
   1.3399999955   0.0000000000  -0.0000000000   0.0000000000
   1.3449999955   0.0000000000  -0.0000000000   0.0000000000
   1.3499999955   0.0000000000  -0.0000000000   0.0000000000
   1.3549999954  -0.0000000000   0.0000000000  -0.0000000000
   1.3599999954  -0.0000000000   0.0000000000  -0.0000000000
   1.3649999954  -0.0000000000   0.0000000000  -0.0000000000
   1.3699999954  -0.0000000000   0.0000000000  -0.0000000000
   1.3749999954  -0.0000000000  -0.0000000000  -0.0000000000
   1.3799999954   0.0000000000  -0.0000000000   0.0000000000
   1.3849999953   0.0000000000  -0.0000000000   0.0000000000
   1.3899999953   0.0000000000  -0.0000000000   0.0000000000
   1.3949999953   0.0000000000  -0.0000000000   0.0000000000
   1.3999999953   0.0000000000   0.0000000000   0.0000000000
   1.4049999953  -0.0000000000   0.0000000000  -0.0000000000
   1.4099999953  -0.0000000000   0.0000000000  -0.0000000000
   1.4149999952  -0.0000000000   0.0000000000  -0.0000000000
   1.4199999952  -0.0000000000   0.0000000000  -0.0000000000
   1.4249999952   0.0000000000  -0.0000000000   0.0000000000
   1.4299999952   0.0000000000  -0.0000000000   0.0000000000
   1.4349999952   0.0000000000  -0.0000000000   0.0000000000
   1.4399999952   0.0000000000  -0.0000000000   0.0000000000
   1.4449999951   0.0000000000  -0.0000000000   0.0000000000
   1.4499999951  -0.0000000000   0.0000000000  -0.0000000000
   1.4549999951  -0.0000000000   0.0000000000  -0.0000000000
   1.4599999951  -0.0000000000   0.0000000000  -0.0000000000
   1.4649999951  -0.0000000000   0.0000000000  -0.0000000000
   1.4699999951  -0.0000000000  -0.0000000000  -0.0000000000
   1.4749999950   0.0000000000  -0.0000000000   0.0000000000
   1.4799999950   0.0000000000  -0.0000000000   0.0000000000
   1.4849999950   0.0000000000  -0.0000000000   0.0000000000
   1.4899999950   0.0000000000  -0.0000000000   0.0000000000
   1.4949999950   0.0000000000   0.0000000000   0.0000000000
   1.4999999950  -0.0000000000   0.0000000000  -0.0000000000
   1.5049999949  -0.0000000000   0.0000000000  -0.0000000000
   1.5099999949  -0.0000000000   0.0000000000  -0.0000000000
   1.5149999949  -0.0000000000   0.0000000000  -0.0000000000
   1.5199999949   0.0000000000  -0.0000000000   0.0000000000
   1.5249999949   0.0000000000  -0.0000000000   0.0000000000
   1.5299999949   0.0000000000  -0.0000000000   0.0000000000
   1.5349999948   0.0000000000  -0.0000000000   0.0000000000
   1.5399999948   0.0000000000   0.0000000000   0.0000000000
   1.5449999948  -0.0000000000   0.0000000000  -0.0000000000
   1.5499999948  -0.0000000000   0.0000000000  -0.0000000000
   1.5549999948  -0.0000000000   0.0000000000  -0.0000000000
   1.5599999948  -0.0000000000   0.0000000000  -0.0000000000
   1.5649999947   0.0000000000  -0.0000000000   0.0000000000
   1.5699999947   0.0000000000  -0.0000000000   0.0000000000
   1.5749999947   0.0000000000  -0.0000000000   0.0000000000
   1.5799999947   0.0000000000  -0.0000000000   0.0000000000
   1.5849999947  -0.0000000000   0.0000000000  -0.0000000000
   1.5899999947  -0.0000000000   0.0000000000  -0.0000000000
   1.5949999946  -0.0000000000   0.0000000000  -0.0000000000
   1.5999999946  -0.0000000000   0.0000000000  -0.0000000000
   1.6049999946   0.0000000000  -0.0000000000   0.0000000000
   1.6099999946   0.0000000000  -0.0000000000   0.0000000000
   1.6149999946   0.0000000000  -0.0000000000   0.0000000000
   1.6199999946   0.0000000000  -0.0000000000   0.0000000000
   1.6249999945  -0.0000000000   0.0000000000  -0.0000000000
   1.6299999945  -0.0000000000   0.0000000000  -0.0000000000
   1.6349999945  -0.0000000000   0.0000000000  -0.0000000000
   1.6399999945  -0.0000000000   0.0000000000  -0.0000000000
   1.6449999945   0.0000000000  -0.0000000000   0.0000000000
   1.6499999945   0.0000000000  -0.0000000000   0.0000000000
   1.6549999944   0.0000000000  -0.0000000000   0.0000000000
   1.6599999944   0.0000000000  -0.0000000000   0.0000000000
   1.6649999944  -0.0000000000   0.0000000000  -0.0000000000
   1.6699999944  -0.0000000000   0.0000000000  -0.0000000000
   1.6749999944  -0.0000000000   0.0000000000  -0.0000000000
   1.6799999944  -0.0000000000   0.0000000000  -0.0000000000
   1.6849999943   0.0000000000  -0.0000000000   0.0000000000
   1.6899999943   0.0000000000  -0.0000000000   0.0000000000
   1.6949999943   0.0000000000  -0.0000000000   0.0000000000
   1.6999999943   0.0000000000  -0.0000000000   0.0000000000
   1.7049999943  -0.0000000000   0.0000000000  -0.0000000000
   1.7099999943  -0.0000000000   0.0000000000  -0.0000000000
   1.7149999942  -0.0000000000   0.0000000000  -0.0000000000
   1.7199999942  -0.0000000000   0.0000000000  -0.0000000000
   1.7249999942  -0.0000000000   0.0000000000  -0.0000000000
   1.7299999942   0.0000000000  -0.0000000000   0.0000000000
   1.7349999942   0.0000000000  -0.0000000000   0.0000000000
   1.7399999942   0.0000000000  -0.0000000000   0.0000000000
   1.7449999941   0.0000000000  -0.0000000000   0.0000000000
   1.7499999941  -0.0000000000   0.0000000000  -0.0000000000
   1.7549999941  -0.0000000000   0.0000000000  -0.0000000000
   1.7599999941  -0.0000000000   0.0000000000  -0.0000000000
   1.7649999941  -0.0000000000   0.0000000000  -0.0000000000
   1.7699999941   0.0000000000  -0.0000000000   0.0000000000
   1.7749999940   0.0000000000  -0.0000000000   0.0000000000
   1.7799999940   0.0000000000  -0.0000000000   0.0000000000
   1.7849999940   0.0000000000  -0.0000000000   0.0000000000
   1.7899999940  -0.0000000000  -0.0000000000  -0.0000000000
   1.7949999940  -0.0000000000   0.0000000000  -0.0000000000
   1.7999999940  -0.0000000000   0.0000000000  -0.0000000000
   1.8049999939  -0.0000000000   0.0000000000  -0.0000000000
   1.8099999939  -0.0000000000   0.0000000000  -0.0000000000
   1.8149999939   0.0000000000  -0.0000000000   0.0000000000
   1.8199999939   0.0000000000  -0.0000000000   0.0000000000
   1.8249999939   0.0000000000  -0.0000000000   0.0000000000
   1.8299999939   0.0000000000  -0.0000000000   0.0000000000
   1.8349999938  -0.0000000000   0.0000000000  -0.0000000000
   1.8399999938  -0.0000000000   0.0000000000  -0.0000000000
   1.8449999938  -0.0000000000   0.0000000000  -0.0000000000
   1.8499999938  -0.0000000000   0.0000000000  -0.0000000000
   1.8549999938   0.0000000000  -0.0000000000   0.0000000000
   1.8599999938   0.0000000000  -0.0000000000   0.0000000000
   1.8649999937   0.0000000000  -0.0000000000   0.0000000000
   1.8699999937   0.0000000000  -0.0000000000   0.0000000000
   1.8749999937   0.0000000000  -0.0000000000   0.0000000000
   1.8799999937  -0.0000000000   0.0000000000  -0.0000000000
   1.8849999937  -0.0000000000   0.0000000000  -0.0000000000
   1.8899999937  -0.0000000000   0.0000000000  -0.0000000000
   1.8949999936  -0.0000000000   0.0000000000  -0.0000000000
   1.8999999936   0.0000000000  -0.0000000000   0.0000000000
   1.9049999936   0.0000000000  -0.0000000000   0.0000000000
   1.9099999936   0.0000000000  -0.0000000000   0.0000000000
   1.9149999936   0.0000000000  -0.0000000000   0.0000000000
   1.9199999936  -0.0000000000  -0.0000000000  -0.0000000000
   1.9249999935  -0.0000000000   0.0000000000  -0.0000000000
   1.9299999935  -0.0000000000   0.0000000000  -0.0000000000
   1.9349999935  -0.0000000000   0.0000000000  -0.0000000000
   1.9399999935  -0.0000000000   0.0000000000  -0.0000000000
   1.9449999935   0.0000000000  -0.0000000000   0.0000000000
   1.9499999935   0.0000000000  -0.0000000000   0.0000000000
   1.9549999934   0.0000000000  -0.0000000000   0.0000000000
   1.9599999934   0.0000000000  -0.0000000000   0.0000000000
   1.9649999934  -0.0000000000   0.0000000000  -0.0000000000
   1.9699999934  -0.0000000000   0.0000000000  -0.0000000000
   1.9749999934  -0.0000000000   0.0000000000  -0.0000000000
   1.9799999934  -0.0000000000   0.0000000000  -0.0000000000
   1.9849999933  -0.0000000000   0.0000000000  -0.0000000000
   1.9899999933   0.0000000000  -0.0000000000   0.0000000000
   1.9949999933   0.0000000000  -0.0000000000   0.0000000000
   1.9999999933   0.0000000000  -0.0000000000   0.0000000000
   2.0049999933   0.0000000000  -0.0000000000   0.0000000000
   2.0099999933  -0.0000000000   0.0000000000  -0.0000000000
   2.0149999932  -0.0000000000   0.0000000000  -0.0000000000
   2.0199999932  -0.0000000000   0.0000000000  -0.0000000000
   2.0249999932  -0.0000000000   0.0000000000  -0.0000000000
   2.0299999932   0.0000000000   0.0000000000   0.0000000000
   2.0349999932   0.0000000000  -0.0000000000   0.0000000000
   2.0399999931   0.0000000000  -0.0000000000   0.0000000000
   2.0449999931   0.0000000000  -0.0000000000   0.0000000000
   2.0499999931   0.0000000000  -0.0000000000   0.0000000000
   2.0549999931  -0.0000000000   0.0000000000  -0.0000000000
   2.0599999931  -0.0000000000   0.0000000000  -0.0000000000
   2.0649999931  -0.0000000000   0.0000000000  -0.0000000000
   2.0699999930  -0.0000000000   0.0000000000  -0.0000000000
   2.0749999930   0.0000000000   0.0000000000   0.0000000000
   2.0799999930   0.0000000000  -0.0000000000   0.0000000000
   2.0849999930   0.0000000000  -0.0000000000   0.0000000000
   2.0899999930   0.0000000000  -0.0000000000   0.0000000000
   2.0949999930   0.0000000000  -0.0000000000   0.0000000000
   2.0999999929  -0.0000000000   0.0000000000  -0.0000000000
   2.1049999929  -0.0000000000   0.0000000000  -0.0000000000
   2.1099999929  -0.0000000000   0.0000000000  -0.0000000000
   2.1149999929  -0.0000000000   0.0000000000  -0.0000000000
   2.1199999929   0.0000000000   0.0000000000   0.0000000000
   2.1249999929   0.0000000000  -0.0000000000   0.0000000000
   2.1299999928   0.0000000000  -0.0000000000   0.0000000000
   2.1349999928   0.0000000000  -0.0000000000   0.0000000000
   2.1399999928   0.0000000000  -0.0000000000   0.0000000000
   2.1449999928  -0.0000000000   0.0000000000  -0.0000000000
   2.1499999928  -0.0000000000   0.0000000000  -0.0000000000
   2.1549999928  -0.0000000000   0.0000000000  -0.0000000000
   2.1599999927  -0.0000000000   0.0000000000  -0.0000000000
   2.1649999927   0.0000000000   0.0000000000   0.0000000000
   2.1699999927   0.0000000000  -0.0000000000   0.0000000000
   2.1749999927   0.0000000000  -0.0000000000   0.0000000000
   2.1799999927   0.0000000000  -0.0000000000   0.0000000000
   2.1849999927   0.0000000000  -0.0000000000   0.0000000000
   2.1899999926  -0.0000000000   0.0000000000  -0.0000000000
   2.1949999926  -0.0000000000   0.0000000000  -0.0000000000
   2.1999999926  -0.0000000000   0.0000000000  -0.0000000000
   2.2049999926  -0.0000000000   0.0000000000  -0.0000000000
   2.2099999926  -0.0000000000   0.0000000000  -0.0000000000
   2.2149999926   0.0000000000  -0.0000000000   0.0000000000
   2.2199999925   0.0000000000  -0.0000000000   0.0000000000
   2.2249999925   0.0000000000  -0.0000000000   0.0000000000
   2.2299999925   0.0000000000  -0.0000000000   0.0000000000
   2.2349999925  -0.0000000000   0.0000000000  -0.0000000000
   2.2399999925  -0.0000000000   0.0000000000  -0.0000000000
   2.2449999925  -0.0000000000   0.0000000000  -0.0000000000
   2.2499999924  -0.0000000000   0.0000000000  -0.0000000000
   2.2549999924  -0.0000000000   0.0000000000  -0.0000000000
   2.2599999924   0.0000000000  -0.0000000000   0.0000000000
   2.2649999924   0.0000000000  -0.0000000000   0.0000000000
   2.2699999924   0.0000000000  -0.0000000000   0.0000000000
   2.2749999924   0.0000000000  -0.0000000000   0.0000000000
   2.2799999923  -0.0000000000  -0.0000000000  -0.0000000000
   2.2849999923  -0.0000000000   0.0000000000  -0.0000000000
   2.2899999923  -0.0000000000   0.0000000000  -0.0000000000
   2.2949999923  -0.0000000000   0.0000000000  -0.0000000000
   2.2999999923  -0.0000000000   0.0000000000  -0.0000000000
   2.3049999923   0.0000000000  -0.0000000000   0.0000000000
   2.3099999922   0.0000000000  -0.0000000000   0.0000000000
   2.3149999922   0.0000000000  -0.0000000000   0.0000000000
   2.3199999922   0.0000000000  -0.0000000000   0.0000000000
   2.3249999922   0.0000000000  -0.0000000000   0.0000000000
   2.3299999922  -0.0000000000   0.0000000000  -0.0000000000
   2.3349999922  -0.0000000000   0.0000000000  -0.0000000000
   2.3399999921  -0.0000000000   0.0000000000  -0.0000000000
   2.3449999921  -0.0000000000   0.0000000000  -0.0000000000
   2.3499999921   0.0000000000   0.0000000000   0.0000000000
   2.3549999921   0.0000000000  -0.0000000000   0.0000000000
   2.3599999921   0.0000000000  -0.0000000000   0.0000000000
   2.3649999921   0.0000000000  -0.0000000000   0.0000000000
   2.3699999920   0.0000000000  -0.0000000000   0.0000000000
   2.3749999920  -0.0000000000   0.0000000000  -0.0000000000
   2.3799999920  -0.0000000000   0.0000000000  -0.0000000000
   2.3849999920  -0.0000000000   0.0000000000  -0.0000000000
   2.3899999920  -0.0000000000   0.0000000000  -0.0000000000
   2.3949999920  -0.0000000000   0.0000000000  -0.0000000000
   2.3999999919   0.0000000000  -0.0000000000   0.0000000000
   2.4049999919   0.0000000000  -0.0000000000   0.0000000000
   2.4099999919   0.0000000000  -0.0000000000   0.0000000000
   2.4149999919   0.0000000000  -0.0000000000   0.0000000000
   2.4199999919   0.0000000000  -0.0000000000   0.0000000000
   2.4249999919  -0.0000000000   0.0000000000  -0.0000000000
   2.4299999918  -0.0000000000   0.0000000000  -0.0000000000
   2.4349999918  -0.0000000000   0.0000000000  -0.0000000000
   2.4399999918  -0.0000000000   0.0000000000  -0.0000000000
   2.4449999918   0.0000000000   0.0000000000   0.0000000000
   2.4499999918   0.0000000000  -0.0000000000   0.0000000000
   2.4549999918   0.0000000000  -0.0000000000   0.0000000000
   2.4599999917   0.0000000000  -0.0000000000   0.0000000000
   2.4649999917   0.0000000000  -0.0000000000   0.0000000000
   2.4699999917  -0.0000000000  -0.0000000000  -0.0000000000
   2.4749999917  -0.0000000000   0.0000000000  -0.0000000000
   2.4799999917  -0.0000000000   0.0000000000  -0.0000000000
   2.4849999917  -0.0000000000   0.0000000000  -0.0000000000
   2.4899999916  -0.0000000000   0.0000000000  -0.0000000000
   2.4949999916   0.0000000000  -0.0000000000   0.0000000000
   2.4999999916   0.0000000001  -0.0000000000   0.0000000001
   2.5049999916   0.0000000001  -0.0000000000   0.0000000001
   2.5099999916   0.0000000001  -0.0000000001   0.0000000001
   2.5149999916   0.0000000000  -0.0000000000   0.0000000000
   2.5199999915  -0.0000000001   0.0000000000  -0.0000000001
   2.5249999915  -0.0000000002   0.0000000001  -0.0000000002
   2.5299999915  -0.0000000003   0.0000000001  -0.0000000003
   2.5349999915  -0.0000000003   0.0000000001  -0.0000000003
   2.5399999915  -0.0000000001   0.0000000001  -0.0000000001
   2.5449999915   0.0000000003  -0.0000000001   0.0000000003
   2.5499999914   0.0000000007  -0.0000000002   0.0000000007
   2.5549999914   0.0000000010  -0.0000000004   0.0000000010
   2.5599999914   0.0000000008  -0.0000000004   0.0000000008
   2.5649999914   0.0000000001  -0.0000000002   0.0000000001
   2.5699999914  -0.0000000010   0.0000000002  -0.0000000010
   2.5749999914  -0.0000000021   0.0000000007  -0.0000000021
   2.5799999913  -0.0000000027   0.0000000012  -0.0000000027
   2.5849999913  -0.0000000022   0.0000000012  -0.0000000022
   2.5899999913  -0.0000000001   0.0000000006  -0.0000000001
   2.5949999913   0.0000000029  -0.0000000006   0.0000000029
   2.5999999913   0.0000000060  -0.0000000021   0.0000000060
   2.6049999913   0.0000000075  -0.0000000032   0.0000000075
   2.6099999912   0.0000000057  -0.0000000032   0.0000000057
   2.6149999912   0.0000000002  -0.0000000015   0.0000000002
   2.6199999912  -0.0000000082   0.0000000018  -0.0000000082
   2.6249999912  -0.0000000163   0.0000000058  -0.0000000163
   2.6299999912  -0.0000000200   0.0000000086  -0.0000000200
   2.6349999912  -0.0000000152   0.0000000085  -0.0000000152
   2.6399999911  -0.0000000005   0.0000000040  -0.0000000005
   2.6449999911   0.0000000213  -0.0000000046   0.0000000213
   2.6499999911   0.0000000424  -0.0000000149   0.0000000424
   2.6549999911   0.0000000521  -0.0000000225   0.0000000521
   2.6599999911   0.0000000402  -0.0000000224   0.0000000402
   2.6649999911   0.0000000032  -0.0000000112   0.0000000032
   2.6699999910  -0.0000000518   0.0000000105  -0.0000000518
   2.6749999910  -0.0000001057   0.0000000367  -0.0000001057
   2.6799999910  -0.0000001318   0.0000000566  -0.0000001318
   2.6849999910  -0.0000001055   0.0000000579  -0.0000001055
   2.6899999910  -0.0000000172   0.0000000318  -0.0000000172
   2.6949999909   0.0000001167  -0.0000000205   0.0000001167
   2.6999999909   0.0000002514  -0.0000000852   0.0000002514
   2.7049999909   0.0000003232  -0.0000001368   0.0000003232
   2.7099999909   0.0000002727  -0.0000001456   0.0000002727
   2.7149999909   0.0000000742  -0.0000000901   0.0000000742
   2.7199999909  -0.0000002387   0.0000000298  -0.0000002387
   2.7249999908  -0.0000005661   0.0000001841  -0.0000005661
   2.7299999908  -0.0000007630   0.0000003155  -0.0000007630
   2.7349999908  -0.0000006886   0.0000003548  -0.0000006886
   2.7399999908  -0.0000002735   0.0000002488  -0.0000002735
   2.7449999908   0.0000004230  -0.0000000099   0.0000004230
   2.7499999908   0.0000011926  -0.0000003626   0.0000011926
   2.7549999907   0.0000017184  -0.0000006869   0.0000017184
   2.7599999907   0.0000016786  -0.0000008287   0.0000016786
   2.7649999907   0.0000008878  -0.0000006592   0.0000008878
   2.7699999907  -0.0000005734  -0.0000001414  -0.0000005734
   2.7749999907  -0.0000023034   0.0000006229  -0.0000023034
   2.7799999907  -0.0000036475   0.0000013898  -0.0000036475
   2.7849999906  -0.0000038984   0.0000018317  -0.0000038984
   2.7899999906  -0.0000025833   0.0000016505  -0.0000025833
   2.7949999906   0.0000002580   0.0000007148   0.0000002580
   2.7999999906   0.0000039287  -0.0000008318   0.0000039287
   2.8049999906   0.0000071653  -0.0000025438   0.0000071653
   2.8099999906   0.0000084938  -0.0000037675   0.0000084938
   2.8149999905   0.0000067796  -0.0000038485   0.0000067796
   2.8199999905   0.0000017950  -0.0000024012   0.0000017950
   2.8249999905  -0.0000054263   0.0000004554  -0.0000054263
   2.8299999905  -0.0000126520   0.0000040005  -0.0000126520
   2.8349999905  -0.0000170186   0.0000070320  -0.0000170186
   2.8399999905  -0.0000160033   0.0000082121  -0.0000160033
   2.8449999904  -0.0000085135   0.0000065601  -0.0000085135
   2.8499999904   0.0000043142   0.0000019296   0.0000043142
   2.8549999904   0.0000189924  -0.0000047181   0.0000189924
   2.8599999904   0.0000304468  -0.0000114048   0.0000304468
   2.8649999904   0.0000335716  -0.0000156390   0.0000335716
   2.8699999904   0.0000251523  -0.0000152318   0.0000251523
   2.8749999903   0.0000054976  -0.0000091851   0.0000054976
   2.8799999903  -0.0000208999   0.0000016703  -0.0000208999
   2.8849999903  -0.0000461169   0.0000145767  -0.0000461169
   2.8899999903  -0.0000609630   0.0000254360  -0.0000609630
   2.8949999903  -0.0000580204   0.0000299980  -0.0000580204
   2.8999999903  -0.0000346064   0.0000253304  -0.0000346064
   2.9049999902   0.0000054197   0.0000110924   0.0000054197
   2.9099999902   0.0000518395  -0.0000098728   0.0000518395
   2.9149999902   0.0000904871  -0.0000319430   0.0000904871
   2.9199999902   0.0001073722  -0.0000481324   0.0001073722
   2.9249999902   0.0000933288  -0.0000521760   0.0000933288
   2.9299999902   0.0000476799  -0.0000406713   0.0000476799
   2.9349999901  -0.0000204207  -0.0000145719  -0.0000204207
   2.9399999901  -0.0000936531   0.0000205277  -0.0000936531
   2.9449999901  -0.0001509439   0.0000555348  -0.0001509439
   2.9499999901  -0.0001734438   0.0000801954  -0.0001734438
   2.9549999901  -0.0001503072   0.0000859980  -0.0001503072
   2.9599999901  -0.0000824851   0.0000687969  -0.0000824851
   2.9649999900   0.0000166962   0.0000303562   0.0000166962
   2.9699999900   0.0001244369  -0.0000216809   0.0001244369
   2.9749999900   0.0002140614  -0.0000754381   0.0002140614
   2.9799999900   0.0002617434  -0.0001176339   0.0002617434
   2.9849999900   0.0002525137  -0.0001368356   0.0002525137
   2.9899999900   0.0001840027  -0.0001262879   0.0001840027
   2.9949999899   0.0000671012  -0.0000856271   0.0000671012
   2.9999999899  -0.0000763907  -0.0000211247  -0.0000763907
   3.0049999899  -0.0002183051   0.0000554996  -0.0002183051
   3.0099999899  -0.0003296249   0.0001293322  -0.0003296249
   3.0149999899  -0.0003857804   0.0001850458  -0.0003857804
   3.0199999899  -0.0003708462   0.0002096608  -0.0003708462
   3.0249999898  -0.0002802002   0.0001948532  -0.0002802002
   3.0299999898  -0.0001215766   0.0001385437  -0.0001215766
   3.0349999898   0.0000853525   0.0000456468   0.0000853525
   3.0399999898   0.0003106838  -0.0000720395   0.0003106838
   3.0449999898   0.0005171035  -0.0001967668   0.0005171035
   3.0499999898   0.0006636060  -0.0003065050   0.0006636060
   3.0549999897   0.0007097626  -0.0003771858   0.0007097626
   3.0599999897   0.0006200117  -0.0003852723   0.0006200117
   3.0649999897   0.0003673354  -0.0003103213   0.0003673354
   3.0699999897  -0.0000642350  -0.0001371875  -0.0000642350
   3.0749999897  -0.0006785578   0.0001424124  -0.0006785578
   3.0799999897  -0.0014676189   0.0005290994  -0.0014676189
   3.0849999896  -0.0024125645   0.0010157327  -0.0024125645
   3.0899999896  -0.0034848983   0.0015878059  -0.0034848983
   3.0949999896  -0.0046474174   0.0022241116  -0.0046474174
   3.0999999896  -0.0058549200   0.0028975511  -0.0058549200
   3.1049999896  -0.0070552146   0.0035761530  -0.0070552146
   3.1099999896  -0.0081912162   0.0042245217  -0.0081912162
   3.1149999895  -0.0092047262   0.0048059672  -0.0092047262
   3.1199999895  -0.0100418691   0.0052853994  -0.0100418691
   3.1249999895  -0.0106593046   0.0056327576  -0.0106593046
   3.1299999895  -0.0110296471   0.0058263878  -0.0110296471
   3.1349999895  -0.0111443473   0.0058555642  -0.0111443473
   3.1399999895  -0.0110128233   0.0057213960  -0.0110128233
   3.1449999894  -0.0106577466   0.0054357142  -0.0106577466
   3.1499999894  -0.0101077046   0.0050180941  -0.0101077046
   3.1549999894  -0.0093894601   0.0044917569  -0.0093894601
   3.1599999894  -0.0085222778   0.0038794675  -0.0085222778
   3.1649999894  -0.0075161367   0.0032005613  -0.0075161367
   3.1699999894  -0.0063743160   0.0024698568  -0.0063743160
   3.1749999893  -0.0050993167   0.0016985765  -0.0050993167
   3.1799999893  -0.0036999598   0.0008967387  -0.0036999598
   3.1849999893  -0.0021971847   0.0000760344  -0.0021971847
   3.1899999893  -0.0006266649  -0.0007478730  -0.0006266649
   3.1949999893   0.0009624369  -0.0015543923   0.0009624369
   3.1999999893   0.0025119372  -0.0023186423   0.0025119372
   3.2049999892   0.0039607878  -0.0030133941   0.0039607878
   3.2099999892   0.0052511965  -0.0036116961   0.0052511965
   3.2149999892   0.0063334822  -0.0040895095   0.0063334822
   3.2199999892   0.0071692733  -0.0044278896   0.0071692733
   3.2249999892   0.0077333967  -0.0046145570   0.0077333967
   3.2299999892   0.0080151041  -0.0046449515   0.0080151041
   3.2349999891   0.0080190428  -0.0045229202   0.0080190428
   3.2399999891   0.0077658306  -0.0042610783   0.0077658306
   3.2449999891   0.0072915809  -0.0038806739   0.0072915809
   3.2499999891   0.0066456179  -0.0034106630   0.0066456179
   3.2549999891   0.0058860175  -0.0028857460   0.0058860175
   3.2599999891   0.0050733865  -0.0023433722   0.0050733865
   3.2649999890   0.0042640572  -0.0018200676   0.0042640572
   3.2699999890   0.0035042690  -0.0013477413   0.0035042690
   3.2749999890   0.0028266873  -0.0009507149   0.0028266873
   3.2799999890   0.0022498555  -0.0006440514   0.0022498555
   3.2849999890   0.0017801992  -0.0004333796   0.0017801992
   3.2899999890   0.0014154248  -0.0003159896   0.0014154248
   3.2949999889   0.0011479108  -0.0002826658   0.0011479108
   3.2999999889   0.0009670430  -0.0003196597   0.0009670430
   3.3049999889   0.0008601960  -0.0004103788   0.0008601960
   3.3099999889   0.0008128251  -0.0005366670   0.0008128251
   3.3149999889   0.0008085429  -0.0006798320   0.0008085429
   3.3199999889   0.0008299380  -0.0008216872   0.0008299380
   3.3249999888   0.0008603502  -0.0009457870   0.0008603502
   3.3299999888   0.0008861455  -0.0010388056   0.0008861455
   3.3349999888   0.0008986092  -0.0010917777   0.0008986092
   3.3399999888   0.0008946115  -0.0011008226   0.0008946115
   3.3449999888   0.0008756910  -0.0010670675   0.0008756910
   3.3499999888   0.0008458979  -0.0009957444   0.0008458979
   3.3549999887   0.0008092933  -0.0008947250   0.0008092933
   3.3599999887   0.0007681351  -0.0007729486   0.0007681351
   3.3649999887   0.0007224290  -0.0006391929   0.0007224290
   3.3699999887   0.0006708641  -0.0005014389   0.0006708641
   3.3749999887   0.0006125058  -0.0003667982   0.0006125058
   3.3799999886   0.0005482981  -0.0002417254   0.0005482981
   3.3849999886   0.0004815810  -0.0001321602   0.0004815810
   3.3899999886   0.0004173573  -0.0000433481   0.0004173573
   3.3949999886   0.0003606891   0.0000206799   0.0003606891
   3.3999999886   0.0003150250   0.0000577536   0.0003150250
   3.4049999886   0.0002812774   0.0000680128   0.0002812774
   3.4099999885   0.0002580666   0.0000538949   0.0002580666
   3.4149999885   0.0002429504   0.0000196014   0.0002429504
   3.4199999885   0.0002339675  -0.0000297771   0.0002339675
   3.4249999885   0.0002306747  -0.0000891463   0.0002306747
   3.4299999885   0.0002341296  -0.0001539793   0.0002341296
   3.4349999885   0.0002458110  -0.0002204109   0.0002458110
   3.4399999884   0.0002660095  -0.0002849292   0.0002660095
   3.4449999884   0.0002924885  -0.0003439241   0.0002924885
   3.4499999884   0.0003200896  -0.0003934054   0.0003200896
   3.4549999884   0.0003414973  -0.0004290985   0.0003414973
   3.4599999884   0.0003488259  -0.0004469166   0.0003488259
   3.4649999884   0.0003353124  -0.0004436099   0.0003353124
   3.4699999883   0.0002963820  -0.0004172960   0.0002963820
   3.4749999883   0.0002296873  -0.0003676318   0.0002296873
   3.4799999883   0.0001342461  -0.0002955591   0.0001342461
   3.4849999883   0.0000092397  -0.0002027645   0.0000092397
   3.4899999883  -0.0001468142  -0.0000911207  -0.0001468142
   3.4949999883  -0.0003360169   0.0000376240  -0.0003360169
   3.4999999882  -0.0005601333   0.0001817773  -0.0005601333
   3.5049999882  -0.0008191606   0.0003393199  -0.0008191606
   3.5099999882  -0.0011101064   0.0005074327  -0.0011101064
   3.5149999882  -0.0014265744   0.0006822035  -0.0014265744
   3.5199999882  -0.0017593703   0.0008586908  -0.0017593703
   3.5249999882  -0.0020978664   0.0010313516  -0.0020978664
   3.5299999881  -0.0024315165   0.0011946604  -0.0024315165
   3.5349999881  -0.0027508832   0.0013436628  -0.0027508832
   3.5399999881  -0.0030478110   0.0014742469  -0.0030478110
   3.5449999881  -0.0033148303   0.0015830615  -0.0033148303
   3.5499999881  -0.0035442663   0.0016671893  -0.0035442663
   3.5549999881  -0.0037276674   0.0017238019  -0.0037276674
   3.5599999880  -0.0038560004   0.0017500285  -0.0038560004
   3.5649999880  -0.0039206580   0.0017431585  -0.0039206580
   3.5699999880  -0.0039149103   0.0017011242  -0.0039149103
   3.5749999880  -0.0038351982   0.0016230666  -0.0038351982
   3.5799999880  -0.0036817279   0.0015097334  -0.0036817279
   3.5849999880  -0.0034581526   0.0013635348  -0.0034581526
   3.5899999879  -0.0031705441   0.0011882336  -0.0031705441
   3.5949999879  -0.0028261654   0.0009884129  -0.0028261654
   3.5999999879  -0.0024326004   0.0007689510  -0.0024326004
   3.6049999879  -0.0019975725   0.0005347133  -0.0019975725
   3.6099999879  -0.0015294007   0.0002905419  -0.0015294007
   3.6149999879  -0.0010377014   0.0000414648  -0.0010377014
   3.6199999878  -0.0005338141  -0.0002070712  -0.0005338141
   3.6249999878  -0.0000305658  -0.0004491524  -0.0000305658
   3.6299999878   0.0004586803  -0.0006786518   0.0004586803
   3.6349999878   0.0009213863  -0.0008897460   0.0009213863
   3.6399999878   0.0013471030  -0.0010775210   0.0013471030
   3.6449999878   0.0017281707  -0.0012384398   0.0017281707
   3.6499999877   0.0020596569  -0.0013705058   0.0020596569
   3.6549999877   0.0023386833  -0.0014730872   0.0023386833
   3.6599999877   0.0025635559  -0.0015465227   0.0025635559
   3.6649999877   0.0027331631  -0.0015917088   0.0027331631
   3.6699999877   0.0028469287  -0.0016098572   0.0028469287
   3.6749999877   0.0029052979  -0.0016025026   0.0029052979
   3.6799999876   0.0029104460  -0.0015717042   0.0029104460
   3.6849999876   0.0028667816  -0.0015202769   0.0028667816
   3.6899999876   0.0027809068  -0.0014518718   0.0027809068
   3.6949999876   0.0026609599  -0.0013708017   0.0026609599
   3.6999999876   0.0025155543  -0.0012816324   0.0025155543
   3.7049999876   0.0023527131  -0.0011886745   0.0023527131
   3.7099999875   0.0021791866  -0.0010955593   0.0021791866
   3.7149999875   0.0020003510  -0.0010050401   0.0020003510
   3.7199999875   0.0018206127  -0.0009190555   0.0018206127
   3.7249999875   0.0016440188  -0.0008389750   0.0016440188
   3.7299999875   0.0014747042  -0.0007658761   0.0014747042
   3.7349999875   0.0013169124  -0.0007007083   0.0013169124
   3.7399999874   0.0011745594  -0.0006442682   0.0011745594
   3.7449999874   0.0010505427  -0.0005970190   0.0010505427
   3.7499999874   0.0009461334  -0.0005588631   0.0009461334
   3.7549999874   0.0008607524  -0.0005290064   0.0008607524
   3.7599999874   0.0007922638  -0.0005060041   0.0007922638
   3.7649999874   0.0007376787  -0.0004879991   0.0007376787
   3.7699999873   0.0006939866  -0.0004730716   0.0006939866
   3.7749999873   0.0006587831  -0.0004595743   0.0006587831
   3.7799999873   0.0006304664  -0.0004463344   0.0006304664
   3.7849999873   0.0006079819  -0.0004326666   0.0006079819
   3.7899999873   0.0005903018  -0.0004182210   0.0005903018
   3.7949999873   0.0005759422  -0.0004027618   0.0005759422
   3.7999999872   0.0005627897  -0.0003859917   0.0005627897
   3.8049999872   0.0005483539  -0.0003675095   0.0005483539
   3.8099999872   0.0005303469  -0.0003469221   0.0005303469
   3.8149999872   0.0005073291  -0.0003240512   0.0005073291
   3.8199999872   0.0004791191  -0.0002991315   0.0004791191
   3.8249999872   0.0004467658  -0.0002728911   0.0004467658
   3.8299999871   0.0004120855  -0.0002464582   0.0004120855
   3.8349999871   0.0003769624  -0.0002211141   0.0003769624
   3.8399999871   0.0003427239  -0.0001979841   0.0003427239
   3.8449999871   0.0003098619  -0.0001777908   0.0003098619
   3.8499999871   0.0002782038  -0.0001607686   0.0002782038
   3.8549999871   0.0002474210  -0.0001467675   0.0002474210
   3.8599999870   0.0002175987  -0.0001354876   0.0002175987
   3.8649999870   0.0001895633  -0.0001267260   0.0001895633
   3.8699999870   0.0001647835  -0.0001205138   0.0001647835
   3.8749999870   0.0001448767  -0.0001170737   0.0001448767
   3.8799999870   0.0001309495  -0.0001166214   0.0001309495
   3.8849999870   0.0001230939  -0.0001191120   0.0001230939
   3.8899999869   0.0001202890  -0.0001240637   0.0001202890
   3.8949999869   0.0001207658  -0.0001305596   0.0001207658
   3.8999999869   0.0001226682  -0.0001374397   0.0001226682
   3.9049999869   0.0001246984  -0.0001436052   0.0001246984
   3.9099999869   0.0001264463  -0.0001482991   0.0001264463
   3.9149999869   0.0001282587  -0.0001512401   0.0001282587
   3.9199999868   0.0001307334  -0.0001525569   0.0001307334
   3.9249999868   0.0001341078  -0.0001525658   0.0001341078
   3.9299999868   0.0001378595  -0.0001515102   0.0001378595
   3.9349999868   0.0001407288  -0.0001493923   0.0001407288
   3.9399999868   0.0001411568  -0.0001459777   0.0001411568
   3.9449999868   0.0001379262  -0.0001409619   0.0001379262
   3.9499999867   0.0001306905  -0.0001342054   0.0001306905
   3.9549999867   0.0001201334  -0.0001259147   0.0001201334
   3.9599999867   0.0001076832  -0.0001166701   0.0001076832
   3.9649999867   0.0000949228  -0.0001072857   0.0000949228
   3.9699999867   0.0000829784  -0.0000985656   0.0000829784
   3.9749999867   0.0000721713  -0.0000910723   0.0000721713
   3.9799999866   0.0000620811  -0.0000850102   0.0000620811
   3.9849999866   0.0000519653  -0.0000802701   0.0000519653
   3.9899999866   0.0000413114  -0.0000765989   0.0000413114
   3.9949999866   0.0000302450  -0.0000738023   0.0000302450
   3.9999999866   0.0000195949  -0.0000718766   0.0000195949
   4.0049999866   0.0000105932  -0.0000710085   0.0000105932
   4.0099999865   0.0000043588  -0.0000714491   0.0000043588
   4.0149999865   0.0000014157  -0.0000733314   0.0000014157
   4.0199999865   0.0000014669  -0.0000765259   0.0000014669
   4.0249999865   0.0000035236  -0.0000806098   0.0000035236
   4.0299999865   0.0000063179  -0.0000849661   0.0000063179
   4.0349999864   0.0000088038  -0.0000889707   0.0000088038
   4.0399999864   0.0000105173  -0.0000921818   0.0000105173
   4.0449999864   0.0000116448  -0.0000944489   0.0000116448
   4.0499999864   0.0000127838  -0.0000958965   0.0000127838
   4.0549999864   0.0000145246  -0.0000967941   0.0000145246
   4.0599999864   0.0000170558  -0.0000973782   0.0000170558
   4.0649999863   0.0000199810  -0.0000977091   0.0000199810
   4.0699999863   0.0000224301  -0.0000976299   0.0000224301
   4.0749999863   0.0000234130  -0.0000968446   0.0000234130
   4.0799999863   0.0000222507  -0.0000950798   0.0000222507
   4.0849999863   0.0000188826  -0.0000922528   0.0000188826
   4.0899999863   0.0000139070  -0.0000885673   0.0000139070
   4.0949999862   0.0000083321  -0.0000844873   0.0000083321
   4.0999999862   0.0000031511  -0.0000805982   0.0000031511
   4.1049999862  -0.0000010637  -0.0000774101  -0.0000010637
   4.1099999862  -0.0000043593  -0.0000751918  -0.0000043593
   4.1149999862  -0.0000073000  -0.0000739061  -0.0000073000
   4.1199999862  -0.0000106155  -0.0000732740  -0.0000106155
   4.1249999861  -0.0000147677  -0.0000729376  -0.0000147677
   4.1299999861  -0.0000196509  -0.0000726441  -0.0000196509
   4.1349999861  -0.0000245752  -0.0000723670  -0.0000245752
   4.1399999861  -0.0000285485  -0.0000723074  -0.0000285485
   4.1449999861  -0.0000307280  -0.0000727786  -0.0000307280
   4.1499999861  -0.0000308211  -0.0000740285  -0.0000308211
   4.1549999860  -0.0000292397  -0.0000760894  -0.0000292397
   4.1599999860  -0.0000269289  -0.0000787256  -0.0000269289
   4.1649999860  -0.0000249471  -0.0000815062  -0.0000249471
   4.1699999860  -0.0000239995  -0.0000839686  -0.0000239995
   4.1749999860  -0.0000241503  -0.0000857939  -0.0000241503
   4.1799999860  -0.0000248497  -0.0000869132  -0.0000248497
   4.1849999859  -0.0000252576  -0.0000874956  -0.0000252576
   4.1899999859  -0.0000247036  -0.0000878294  -0.0000247036
   4.1949999859  -0.0000230521  -0.0000881583  -0.0000230521
   4.1999999859  -0.0000207983  -0.0000885551  -0.0000207983
   4.2049999859  -0.0000188496  -0.0000888927  -0.0000188496
   4.2099999859  -0.0000181043  -0.0000889264  -0.0000181043
   4.2149999858  -0.0000190351  -0.0000884394  -0.0000190351
   4.2199999858  -0.0000214764  -0.0000873800  -0.0000214764
   4.2249999858  -0.0000247116  -0.0000859168  -0.0000247116
   4.2299999858  -0.0000278097  -0.0000843875  -0.0000278097
   4.2349999858  -0.0000300449  -0.0000831634  -0.0000300449
   4.2399999858  -0.0000311981  -0.0000824961  -0.0000311981
   4.2449999857  -0.0000316067  -0.0000824215  -0.0000316067
   4.2499999857  -0.0000319507  -0.0000827626  -0.0000319507
   4.2549999857  -0.0000328890  -0.0000832314  -0.0000328890
   4.2599999857  -0.0000347219  -0.0000835767  -0.0000347219
   4.2649999857  -0.0000372392  -0.0000837090  -0.0000372392
   4.2699999857  -0.0000398160  -0.0000837433  -0.0000398160
   4.2749999856  -0.0000417041  -0.0000839411  -0.0000417041
   4.2799999856  -0.0000423785  -0.0000845806  -0.0000423785
   4.2849999856  -0.0000417774  -0.0000858151  -0.0000417774
   4.2899999856  -0.0000403285  -0.0000875866  -0.0000403285
   4.2949999856  -0.0000387535  -0.0000896333  -0.0000387535
   4.2999999856  -0.0000377441  -0.0000915872  -0.0000377441
   4.3049999855  -0.0000376585  -0.0000931197  -0.0000376585
   4.3099999855  -0.0000383767  -0.0000940689  -0.0000383767
   4.3149999855  -0.0000393777  -0.0000944947  -0.0000393777
   4.3199999855  -0.0000400039  -0.0000946369  -0.0000400039
   4.3249999855  -0.0000397877  -0.0000947986  -0.0000397877
   4.3299999855  -0.0000386905  -0.0000952069  -0.0000386905
   4.3349999854  -0.0000371390  -0.0000959141  -0.0000371390
   4.3399999854  -0.0000358405  -0.0000967833  -0.0000358405
   4.3449999854  -0.0000354588  -0.0000975630  -0.0000354588
   4.3499999854  -0.0000363017  -0.0000980154  -0.0000363017
   4.3549999854  -0.0000381687  -0.0000980364  -0.0000381687
   4.3599999854  -0.0000404326  -0.0000977131  -0.0000404326
   4.3649999853  -0.0000423231  -0.0000972893  -0.0000423231
   4.3699999853  -0.0000432771  -0.0000970583  -0.0000432771
   4.3749999853  -0.0000431938  -0.0000972327  -0.0000431938
   4.3799999853  -0.0000424687  -0.0000978536  -0.0000424687
   4.3849999853  -0.0000417925  -0.0000987834  -0.0000417925
   4.3899999853  -0.0000418095  -0.0000997821  -0.0000418095
   4.3949999852  -0.0000428006  -0.0001006318  -0.0000428006
   4.3999999852  -0.0000445455  -0.0001012451  -0.0000445455
   4.4049999852  -0.0000464276  -0.0001017066  -0.0000464276
   4.4099999852  -0.0000477307  -0.0001022253  -0.0000477307
   4.4149999852  -0.0000479811  -0.0001030246  -0.0000479811
   4.4199999852  -0.0000471702  -0.0001042230  -0.0000471702
   4.4249999851  -0.0000457524  -0.0001057645  -0.0000457524
   4.4299999851  -0.0000444229  -0.0001074352  -0.0000444229
   4.4349999851  -0.0000437880  -0.0001089555  -0.0000437880
   4.4399999851  -0.0000440872  -0.0001101059  -0.0000440872
   4.4449999851  -0.0000450987  -0.0001108251  -0.0000450987
   4.4499999851  -0.0000462662  -0.0001112346  -0.0000462662
   4.4549999850  -0.0000469811  -0.0001115802  -0.0000469811
   4.4599999850  -0.0000468794  -0.0001121165  -0.0000468794
   4.4649999850  -0.0000460132  -0.0001129917  -0.0000460132
   4.4699999850  -0.0000448202  -0.0001141822  -0.0000448202
   4.4749999850  -0.0000439111  -0.0001155083  -0.0000439111
   4.4799999850  -0.0000437801  -0.0001167205  -0.0000437801
   4.4849999849  -0.0000445757  -0.0001176155  -0.0000445757
   4.4899999849  -0.0000460347  -0.0001181306  -0.0000460347
   4.4949999849  -0.0000476071  -0.0001183736  -0.0000476071
   4.4999999849  -0.0000487098  -0.0001185757  -0.0000487098
   4.5049999849  -0.0000489903  -0.0001189912  -0.0000489903
   4.5099999849  -0.0000484818  -0.0001197885  -0.0000484818
   4.5149999848  -0.0000475794  -0.0001209808  -0.0000475794
   4.5199999848  -0.0000468527  -0.0001224268  -0.0000468527
   4.5249999848  -0.0000467801  -0.0001239005  -0.0000467801
   4.5299999848  -0.0000475263  -0.0001251965  -0.0000475263
   4.5349999848  -0.0000488650  -0.0001262233  -0.0000488650
   4.5399999848  -0.0000502814  -0.0001270414  -0.0000502814
   4.5449999847  -0.0000512084  -0.0001278298  -0.0000512084
   4.5499999847  -0.0000512880  -0.0001287961  -0.0000512880
   4.5549999847  -0.0000505384  -0.0001300727  -0.0000505384
   4.5599999847  -0.0000493474  -0.0001316494  -0.0000493474
   4.5649999847  -0.0000482948  -0.0001333745  -0.0000482948
   4.5699999847  -0.0000478849  -0.0001350244  -0.0000478849
   4.5749999846  -0.0000483148  -0.0001364102  -0.0000483148
   4.5799999846  -0.0000493866  -0.0001374683  -0.0000493866
   4.5849999846  -0.0000506066  -0.0001382928  -0.0000506066
   4.5899999846  -0.0000514234  -0.0001390912  -0.0000514234
   4.5949999846  -0.0000514919  -0.0001400859  -0.0000514919
   4.5999999846  -0.0000508365  -0.0001414077  -0.0000508365
   4.6049999845  -0.0000498365  -0.0001430324  -0.0000498365
   4.6099999845  -0.0000490410  -0.0001447931  -0.0000490410
   4.6149999845  -0.0000489045  -0.0001464602  -0.0000489045
   4.6199999845  -0.0000495707  -0.0001478527  -0.0000495707
   4.6249999845  -0.0000508070  -0.0001489260  -0.0000508070
   4.6299999845  -0.0000521205  -0.0001497947  -0.0000521205
   4.6349999844  -0.0000529945  -0.0001506804  -0.0000529945
   4.6399999844  -0.0000531330  -0.0001518097  -0.0000531330
   4.6449999844  -0.0000525950  -0.0001533104  -0.0000525950
   4.6499999844  -0.0000517584  -0.0001551550  -0.0000517584
   4.6549999844  -0.0000511351  -0.0001571767  -0.0000511351
   4.6599999844  -0.0000511273  -0.0001591485  -0.0000511273
   4.6649999843  -0.0000518408  -0.0001608873  -0.0000518408
   4.6699999843  -0.0000530403  -0.0001623353  -0.0000530403
   4.6749999843  -0.0000542638  -0.0001635818  -0.0000542638
   4.6799999843  -0.0000550385  -0.0001648178  -0.0000550385
   4.6849999843  -0.0000550976  -0.0001662456  -0.0000550976
   4.6899999843  -0.0000544992  -0.0001679874  -0.0000544992
   4.6949999842  -0.0000535949  -0.0001700329  -0.0000535949
   4.6999999842  -0.0000528676  -0.0001722494  -0.0000528676
   4.7049999842  -0.0000527125  -0.0001744477  -0.0000527125
   4.7099999842  -0.0000532617  -0.0001764719  -0.0000532617
   4.7149999842  -0.0000543298  -0.0001782706  -0.0000543298
   4.7199999841  -0.0000555042  -0.0001799185  -0.0000555042
   4.7249999841  -0.0000563362  -0.0001815769  -0.0000563362
   4.7299999841  -0.0000565484  -0.0001834128  -0.0000565484
   4.7349999841  -0.0000561614  -0.0001855157  -0.0000561614
   4.7399999841  -0.0000554842  -0.0001878487  -0.0000554842
   4.7449999841  -0.0000549708  -0.0001902612  -0.0000549708
   4.7499999840  -0.0000550093  -0.0001925549  -0.0000550093
   4.7549999840  -0.0000557399  -0.0001945763  -0.0000557399
   4.7599999840  -0.0000569867  -0.0001962920  -0.0000569867
   4.7649999840  -0.0000583359  -0.0001978116  -0.0000583359
   4.7699999840  -0.0000593261  -0.0001993472  -0.0000593261
   4.7749999840  -0.0000596601  -0.0002011274  -0.0000596601
   4.7799999839  -0.0000593414  -0.0002033049  -0.0000593414
   4.7849999839  -0.0000586694  -0.0002058987  -0.0000586694
   4.7899999839  -0.0000580969  -0.0002087982  -0.0000580969
   4.7949999839  -0.0000580174  -0.0002118226  -0.0000580174
   4.7999999839  -0.0000585840  -0.0002148081  -0.0000585840
   4.8049999839  -0.0000596460  -0.0002176798  -0.0000596460
   4.8099999838  -0.0000608311  -0.0002204731  -0.0000608311
   4.8149999838  -0.0000617328  -0.0002232970  -0.0000617328
   4.8199999838  -0.0000621102  -0.0002262577  -0.0000621102
   4.8249999838  -0.0000620061  -0.0002293827  -0.0000620061
   4.8299999838  -0.0000617259  -0.0002325824  -0.0000617259
   4.8349999838  -0.0000616898  -0.0002356717  -0.0000616898
   4.8399999837  -0.0000622301  -0.0002384432  -0.0000622301
   4.8449999837  -0.0000634286  -0.0002407605  -0.0000634286
   4.8499999837  -0.0000650702  -0.0002426288  -0.0000650702
   4.8549999837  -0.0000667317  -0.0002442134  -0.0000667317
   4.8599999837  -0.0000679647  -0.0002457963  -0.0000679647
   4.8649999837  -0.0000684866  -0.0002476910  -0.0000684866
   4.8699999836  -0.0000682965  -0.0002501506  -0.0000682965
   4.8749999836  -0.0000676659  -0.0002533056  -0.0000676659
   4.8799999836  -0.0000670140  -0.0002571529  -0.0000670140
   4.8849999836  -0.0000667269  -0.0002615913  -0.0000667269
   4.8899999836  -0.0000670022  -0.0002664819  -0.0000670022
   4.8949999836  -0.0000677884  -0.0002716991  -0.0000677884
   4.8999999835  -0.0000688411  -0.0002771484  -0.0000688411
   4.9049999835  -0.0000698663  -0.0002827447  -0.0000698663
   4.9099999835  -0.0000706828  -0.0002883652  -0.0000706828
   4.9149999835  -0.0000713254  -0.0002938084  -0.0000713254
   4.9199999835  -0.0000720392  -0.0002987880  -0.0000720392
   4.9249999835  -0.0000731652  -0.0003029771  -0.0000731652
   4.9299999834  -0.0000749670  -0.0003060952  -0.0000749670
   4.9349999834  -0.0000774778  -0.0003080097  -0.0000774778
   4.9399999834  -0.0000804406  -0.0003088137  -0.0000804406
   4.9449999834  -0.0000833724  -0.0003088476  -0.0000833724
   4.9499999834  -0.0000857312  -0.0003086539  -0.0000857312
   4.9549999834  -0.0000871131  -0.0003088757  -0.0000871131
   4.9599999833  -0.0000873975  -0.0003101346  -0.0000873975
   4.9649999833  -0.0000867772  -0.0003129231  -0.0000867772
   4.9699999833  -0.0000856653  -0.0003175417  -0.0000856653
   4.9749999833  -0.0000845255  -0.0003240858  -0.0000845255
   4.9799999833  -0.0000837056  -0.0003324697  -0.0000837056
   4.9849999833  -0.0000833503  -0.0003424607  -0.0000833503
   4.9899999832  -0.0000834272  -0.0003537001  -0.0000834272
   4.9949999832  -0.0000838441  -0.0003657051  -0.0000838441
   4.9999999832  -0.0000845902  -0.0003778613  -0.0000845902
   5.0049999832  -0.0000858225  -0.0003894327  -0.0000858225
   5.0099999832  -0.0000878464  -0.0003996117  -0.0000878464
   5.0149999832  -0.0000909927  -0.0004076189  -0.0000909927
   5.0199999831  -0.0000954441  -0.0004128394  -0.0000954441
   5.0249999831  -0.0001010919  -0.0004149615  -0.0001010919
   5.0299999831  -0.0001074935  -0.0004140785  -0.0001074935
   5.0349999831  -0.0001139554  -0.0004107191  -0.0001139554
   5.0399999831  -0.0001197137  -0.0004057957  -0.0001197137
   5.0449999831  -0.0001241418  -0.0004004823  -0.0001241418
   5.0499999830  -0.0001269057  -0.0003960535  -0.0001269057
   5.0549999830  -0.0001280130  -0.0003937227  -0.0001280130
   5.0599999830  -0.0001277467  -0.0003945080  -0.0001277467
   5.0649999830  -0.0001265262  -0.0003991430  -0.0001265262
   5.0699999830  -0.0001247619  -0.0004080264  -0.0001247619
   5.0749999830  -0.0001227662  -0.0004212008  -0.0001227662
   5.0799999829  -0.0001207544  -0.0004383450  -0.0001207544
   5.0849999829  -0.0001189197  -0.0004587763  -0.0001189197
   5.0899999829  -0.0001175333  -0.0004814695  -0.0001175333
   5.0949999829  -0.0001170062  -0.0005051072  -0.0001170062
   5.0999999829  -0.0001178672  -0.0005281769  -0.0001178672
   5.1049999829  -0.0001206514  -0.0005491167  -0.0001206514
   5.1099999828  -0.0001257365  -0.0005664978  -0.0001257365
   5.1149999828  -0.0001331949  -0.0005792111  -0.0001331949
   5.1199999828  -0.0001427267  -0.0005866210  -0.0001427267
   5.1249999828  -0.0001537079  -0.0005886502  -0.0001537079
   5.1299999828  -0.0001653412  -0.0005857763  -0.0001653412
   5.1349999828  -0.0001768524  -0.0005789467  -0.0001768524
   5.1399999827  -0.0001876566  -0.0005694355  -0.0001876566
   5.1449999827  -0.0001974329  -0.0005586829  -0.0001974329
   5.1499999827  -0.0002060875  -0.0005481501  -0.0002060875
   5.1549999827  -0.0002136364  -0.0005392130  -0.0002136364
   5.1599999827  -0.0002200717  -0.0005330968  -0.0002200717
   5.1649999827  -0.0002252805  -0.0005308372  -0.0002252805
   5.1699999826  -0.0002290568  -0.0005332518  -0.0002290568
   5.1749999826  -0.0002311984  -0.0005409075  -0.0002311984
   5.1799999826  -0.0002316403  -0.0005540841  -0.0002316403
   5.1849999826  -0.0002305580  -0.0005727463  -0.0002305580
   5.1899999826  -0.0002283889  -0.0005965400  -0.0002283889
   5.1949999826  -0.0002257610  -0.0006248229  -0.0002257610
   5.1999999825  -0.0002233615  -0.0006567258  -0.0002233615
   5.2049999825  -0.0002218061  -0.0006912281  -0.0002218061
   5.2099999825  -0.0002215682  -0.0007272215  -0.0002215682
   5.2149999825  -0.0002229960  -0.0007635418  -0.0002229960
   5.2199999825  -0.0002264030  -0.0007989616  -0.0002264030
   5.2249999825  -0.0002321802  -0.0008321567  -0.0002321802
   5.2299999824  -0.0002408653  -0.0008616734  -0.0002408653
   5.2349999824  -0.0002531227  -0.0008859300  -0.0002531227
   5.2399999824  -0.0002696232  -0.0009032781  -0.0002696232
   5.2449999824  -0.0002908577  -0.0009121319  -0.0002908577
   5.2499999824  -0.0003169486  -0.0009111510  -0.0003169486
   5.2549999824  -0.0003475219  -0.0008994457  -0.0003475219
   5.2599999823  -0.0003816850  -0.0008767656  -0.0003816850
   5.2649999823  -0.0004181107  -0.0008436368  -0.0004181107
   5.2699999823  -0.0004551924  -0.0008014257  -0.0004551924
   5.2749999823  -0.0004912127  -0.0007523271  -0.0004912127
   5.2799999823  -0.0005244731  -0.0006992826  -0.0005244731
   5.2849999823  -0.0005533566  -0.0006458466  -0.0005533566
   5.2899999822  -0.0005763351  -0.0005960095  -0.0005763351
   5.2949999822  -0.0005919596  -0.0005539860  -0.0005919596
   5.2999999822  -0.0005988815  -0.0005239668  -0.0005988815
   5.3049999822  -0.0005959352  -0.0005098356  -0.0005959352
   5.3099999822  -0.0005822778  -0.0005148625  -0.0005822778
   5.3149999822  -0.0005575455  -0.0005413997  -0.0005575455
   5.3199999821  -0.0005219692  -0.0005906156  -0.0005219692
   5.3249999821  -0.0004763982  -0.0006623125  -0.0004763982
   5.3299999821  -0.0004222131  -0.0007548608  -0.0004222131
   5.3349999821  -0.0003611517  -0.0008652642  -0.0003611517
   5.3399999821  -0.0002951052  -0.0009893446  -0.0002951052
   5.3449999821  -0.0002259490  -0.0011220136  -0.0002259490
   5.3499999820  -0.0001554555  -0.0012575834  -0.0001554555
   5.3549999820  -0.0000852955  -0.0013900771  -0.0000852955
   5.3599999820  -0.0000170958  -0.0015135067  -0.0000170958
   5.3649999820   0.0000475005  -0.0016221111   0.0000475005
   5.3699999820   0.0001068227  -0.0017105572   0.0001068227
   5.3749999820   0.0001592332  -0.0017741147   0.0001592332
   5.3799999819   0.0002032465  -0.0018088125   0.0002032465
   5.3849999819   0.0002376632  -0.0018115722   0.0002376632
   5.3899999819   0.0002616678  -0.0017803075   0.0002616678
   5.3949999819   0.0002748551  -0.0017139754   0.0002748551
   5.3999999819   0.0002771803  -0.0016125717   0.0002771803
   5.4049999818   0.0002688609  -0.0014770736   0.0002688609
   5.4099999818   0.0002502773  -0.0013093463   0.0002502773
   5.4149999818   0.0002219130  -0.0011120363   0.0002219130
   5.4199999818   0.0001843588  -0.0008884720   0.0001843588
   5.4249999818   0.0001383655  -0.0006425796   0.0001383655
   5.4299999818   0.0000849119  -0.0003788091   0.0000849119
   5.4349999817   0.0000252399  -0.0001020492   0.0000252399
   5.4399999817  -0.0000391788   0.0001824894  -0.0000391788
   5.4449999817  -0.0001067484   0.0004694407  -0.0001067484
   5.4499999817  -0.0001759032   0.0007534979  -0.0001759032
   5.4549999817  -0.0002452614   0.0010296569  -0.0002452614
   5.4599999817  -0.0003137282   0.0012934562  -0.0003137282
   5.4649999816  -0.0003805160   0.0015411738  -0.0003805160
   5.4699999816  -0.0004450835   0.0017699553  -0.0004450835
   5.4749999816  -0.0005070249   0.0019778606  -0.0005070249
   5.4799999816  -0.0005659617   0.0021638390  -0.0005659617
   5.4849999816  -0.0006214802   0.0023276534  -0.0006214802
   5.4899999816  -0.0006731374   0.0024697807  -0.0006731374
   5.4949999815  -0.0007205229   0.0025913059  -0.0007205229
   5.4999999815  -0.0007633393   0.0026938175  -0.0007633393
   5.5049999815  -0.0008014568   0.0027793020  -0.0008014568
   5.5099999815  -0.0008349113   0.0028500302  -0.0008349113
   5.5149999815  -0.0008638458   0.0029084345  -0.0008638458
   5.5199999815  -0.0008884212   0.0029569863  -0.0008884212
   5.5249999814  -0.0009087393   0.0029980883  -0.0009087393
   5.5299999814  -0.0009248149   0.0030340033  -0.0009248149
   5.5349999814  -0.0009366074   0.0030668282  -0.0009366074
   5.5399999814  -0.0009440975   0.0030985107  -0.0009440975
   5.5449999814  -0.0009473671   0.0031308911  -0.0009473671
   5.5499999814  -0.0009466414   0.0031657413  -0.0009466414
   5.5549999813  -0.0009422658   0.0032047740  -0.0009422658
   5.5599999813  -0.0009346207   0.0032496100  -0.0009346207
   5.5649999813  -0.0009240040   0.0033017038  -0.0009240040
   5.5699999813  -0.0009105274   0.0033622489  -0.0009105274
   5.5749999813  -0.0008940673   0.0034320892  -0.0008940673
   5.5799999813  -0.0008742905   0.0035116640  -0.0008742905
   5.5849999812  -0.0008507433   0.0036010014  -0.0008507433
   5.5899999812  -0.0008229705   0.0036997596  -0.0008229705
   5.5949999812  -0.0007906161   0.0038073014  -0.0007906161
   5.5999999812  -0.0007534700   0.0039227809  -0.0007534700
   5.6049999812  -0.0007114474   0.0040452211  -0.0007114474
   5.6099999812  -0.0006645146   0.0041735721  -0.0006645146
   5.6149999811  -0.0006125988   0.0043067471  -0.0006125988
   5.6199999811  -0.0005555225   0.0044436439  -0.0005555225
   5.6249999811  -0.0004929896   0.0045831607  -0.0004929896
   5.6299999811  -0.0004246277   0.0047242113  -0.0004246277
   5.6349999811  -0.0003500611   0.0048657366  -0.0003500611
   5.6399999811  -0.0002689805   0.0050067046  -0.0002689805
   5.6449999810  -0.0001811738   0.0051460900  -0.0001811738
   5.6499999810  -0.0000865072   0.0052828298  -0.0000865072
   5.6549999810   0.0000151319   0.0054157620   0.0000151319
   5.6599999810   0.0001238956   0.0055435633   0.0001238956
   5.6649999810   0.0002400029   0.0056647078   0.0002400029
   5.6699999810   0.0003637108   0.0057774634   0.0003637108
   5.6749999809   0.0004952336   0.0058799325   0.0004952336
   5.6799999809   0.0006346408   0.0059701291   0.0006346408
   5.6849999809   0.0007817746   0.0060460713   0.0007817746
   5.6899999809   0.0009362239   0.0061058657   0.0009362239
   5.6949999809   0.0010973677   0.0061477615   0.0010973677
   5.6999999809   0.0012644687   0.0061701652   0.0012644687
   5.7049999808   0.0014367805   0.0061716213   0.0014367805
   5.7099999808   0.0016136219   0.0061507722   0.0016136219
   5.7149999808   0.0017943894   0.0061063180   0.0017943894
   5.7199999808   0.0019785045   0.0060369918   0.0019785045
   5.7249999808   0.0021653193   0.0059415575   0.0021653193
   5.7299999808   0.0023540223   0.0058188297   0.0023540223
   5.7349999807   0.0025435819   0.0056677063   0.0025435819
   5.7399999807   0.0027327512   0.0054872065   0.0027327512
   5.7449999807   0.0029201290   0.0052765062   0.0029201290
   5.7499999807   0.0031042490   0.0050349711   0.0031042490
   5.7549999807   0.0032836616   0.0047621912   0.0032836616
   5.7599999807   0.0034569771   0.0044580217   0.0034569771
   5.7649999806   0.0036228605   0.0041226296   0.0036228605
   5.7699999806   0.0037799904   0.0037565439   0.0037799904
   5.7749999806   0.0039270137   0.0033606968   0.0039270137
   5.7799999806   0.0040625273   0.0029364438   0.0040625273
   5.7849999806   0.0041851067   0.0024855515   0.0041851067
   5.7899999806   0.0042933773   0.0020101520   0.0042933773
   5.7949999805   0.0043861023   0.0015126703   0.0043861023
   5.7999999805   0.0044622529   0.0009957412   0.0044622529
   5.8049999805   0.0045210289   0.0004621364   0.0045210289
   5.8099999805   0.0045618250  -0.0000852824   0.0045618250
   5.8149999805   0.0045841569  -0.0006435771   0.0045841569
   5.8199999805   0.0045875864  -0.0012097171   0.0045875864
   5.8249999804   0.0045716798  -0.0017805494   0.0045716798
   5.8299999804   0.0045360267  -0.0023527728   0.0045360267
   5.8349999804   0.0044803117  -0.0029229330   0.0044803117
   5.8399999804   0.0044044142  -0.0034874452   0.0044044142
   5.8449999804   0.0043084939  -0.0040426441   0.0043084939
   5.8499999804   0.0041930277  -0.0045848494   0.0041930277
   5.8549999803   0.0040587830  -0.0051104350   0.0040587830
   5.8599999803   0.0039067412  -0.0056158913   0.0039067412
   5.8649999803   0.0037380023  -0.0060978770   0.0037380023
   5.8699999803   0.0035537092  -0.0065532627   0.0035537092
   5.8749999803   0.0033550174  -0.0069791717   0.0033550174
   5.8799999803   0.0031431144  -0.0073730215   0.0031431144
   5.8849999802   0.0029192690  -0.0077325661   0.0029192690
   5.8899999802   0.0026848807  -0.0080559327   0.0026848807
   5.8949999802   0.0024414970  -0.0083416431   0.0024414970
   5.8999999802   0.0021907859  -0.0085886116   0.0021907859
   5.9049999802   0.0019344705  -0.0087961184   0.0019344705
   5.9099999802   0.0016742491  -0.0089637627   0.0016742491
   5.9149999801   0.0014117328  -0.0090914110   0.0014117328
   5.9199999801   0.0011484240  -0.0091791560   0.0011484240
   5.9249999801   0.0008857390  -0.0092272986   0.0008857390
   5.9299999801   0.0006250601  -0.0092363588   0.0006250601
   5.9349999801   0.0003677881  -0.0092071073   0.0003677881
   5.9399999801   0.0001153640  -0.0091406031   0.0001153640
   5.9449999800  -0.0001307551  -0.0090382199  -0.0001307551
   5.9499999800  -0.0003691623  -0.0089016454  -0.0003691623
   5.9549999800  -0.0005985869  -0.0087328510  -0.0005985869
   5.9599999800  -0.0008179649  -0.0085340384  -0.0008179649
   5.9649999800  -0.0010264703  -0.0083075763  -0.0010264703
   5.9699999800  -0.0012234950  -0.0080559443  -0.0012234950
   5.9749999799  -0.0014085901  -0.0077816941  -0.0014085901
   5.9799999799  -0.0015813966  -0.0074874273  -0.0015813966
   5.9849999799  -0.0017415959  -0.0071757821  -0.0017415959
   5.9899999799  -0.0018888996  -0.0068494170  -0.0018888996
   5.9949999799  -0.0020230781  -0.0065109788  -0.0020230781
