   0.0000000000   0.0000000000   0.0000000000   0.0000000000
   0.0050000000   0.0000000000   0.0000000000   0.0000000000
   0.0100000000   0.0000000000   0.0000000000   0.0000000000
   0.0149999999   0.0000000000   0.0000000000   0.0000000000
   0.0199999999   0.0000000000   0.0000000000   0.0000000000
   0.0249999999   0.0000000000   0.0000000000   0.0000000000
   0.0299999999   0.0000000000   0.0000000000   0.0000000000
   0.0349999999   0.0000000000   0.0000000000   0.0000000000
   0.0399999999   0.0000000000   0.0000000000   0.0000000000
   0.0449999998   0.0000000000   0.0000000000   0.0000000000
   0.0499999998   0.0000000000   0.0000000000   0.0000000000
   0.0549999998   0.0000000000   0.0000000000   0.0000000000
   0.0599999998   0.0000000000   0.0000000000   0.0000000000
   0.0649999998   0.0000000000   0.0000000000   0.0000000000
   0.0699999998   0.0000000000   0.0000000000   0.0000000000
   0.0749999997  -0.0000000000   0.0000000000  -0.0000000000
   0.0799999997  -0.0000000000   0.0000000000  -0.0000000000
   0.0849999997  -0.0000000000   0.0000000000  -0.0000000000
   0.0899999997  -0.0000000000   0.0000000000  -0.0000000000
   0.0949999997  -0.0000000000   0.0000000000  -0.0000000000
   0.0999999997  -0.0000000000   0.0000000000  -0.0000000000
   0.1049999996  -0.0000000000   0.0000000000  -0.0000000000
   0.1099999996  -0.0000000000   0.0000000000  -0.0000000000
   0.1149999996  -0.0000000000   0.0000000000  -0.0000000000
   0.1199999996   0.0000000000   0.0000000000   0.0000000000
   0.1249999996   0.0000000000  -0.0000000000   0.0000000000
   0.1299999996   0.0000000000  -0.0000000000   0.0000000000
   0.1349999995   0.0000000000  -0.0000000000   0.0000000000
   0.1399999995   0.0000000000  -0.0000000000   0.0000000000
   0.1449999995   0.0000000000  -0.0000000000   0.0000000000
   0.1499999995   0.0000000000  -0.0000000000   0.0000000000
   0.1549999995   0.0000000000  -0.0000000000   0.0000000000
   0.1599999995   0.0000000000  -0.0000000000   0.0000000000
   0.1649999994   0.0000000000  -0.0000000000   0.0000000000
   0.1699999994   0.0000000000  -0.0000000000   0.0000000000
   0.1749999994   0.0000000000  -0.0000000000   0.0000000000
   0.1799999994   0.0000000000  -0.0000000000   0.0000000000
   0.1849999994   0.0000000000  -0.0000000000   0.0000000000
   0.1899999994   0.0000000000  -0.0000000000   0.0000000000
   0.1949999993   0.0000000000  -0.0000000000   0.0000000000
   0.1999999993   0.0000000000  -0.0000000000   0.0000000000
   0.2049999993   0.0000000000  -0.0000000000   0.0000000000
   0.2099999993   0.0000000000  -0.0000000000   0.0000000000
   0.2149999993   0.0000000000  -0.0000000000   0.0000000000
   0.2199999993   0.0000000000  -0.0000000000   0.0000000000
   0.2249999992   0.0000000000  -0.0000000000   0.0000000000
   0.2299999992   0.0000000000  -0.0000000000   0.0000000000
   0.2349999992   0.0000000000  -0.0000000000   0.0000000000
   0.2399999992   0.0000000000  -0.0000000000   0.0000000000
   0.2449999992   0.0000000000  -0.0000000000   0.0000000000
   0.2499999992   0.0000000000  -0.0000000000   0.0000000000
   0.2549999991   0.0000000000  -0.0000000000   0.0000000000
   0.2599999991   0.0000000000  -0.0000000000   0.0000000000
   0.2649999991   0.0000000000  -0.0000000000   0.0000000000
   0.2699999991   0.0000000000  -0.0000000000   0.0000000000
   0.2749999991   0.0000000000  -0.0000000000   0.0000000000
   0.2799999991   0.0000000000  -0.0000000000   0.0000000000
   0.2849999990   0.0000000000  -0.0000000000   0.0000000000
   0.2899999990   0.0000000000  -0.0000000000   0.0000000000
   0.2949999990   0.0000000000  -0.0000000000   0.0000000000
   0.2999999990   0.0000000000  -0.0000000000   0.0000000000
   0.3049999990   0.0000000000  -0.0000000000   0.0000000000
   0.3099999990   0.0000000000  -0.0000000000   0.0000000000
   0.3149999989   0.0000000000  -0.0000000000   0.0000000000
   0.3199999989   0.0000000000  -0.0000000000   0.0000000000
   0.3249999989   0.0000000000  -0.0000000000   0.0000000000
   0.3299999989   0.0000000000  -0.0000000000   0.0000000000
   0.3349999989   0.0000000000  -0.0000000000   0.0000000000
   0.3399999989   0.0000000000  -0.0000000000   0.0000000000
   0.3449999988   0.0000000000  -0.0000000000   0.0000000000
   0.3499999988   0.0000000000  -0.0000000000   0.0000000000
   0.3549999988   0.0000000000  -0.0000000000   0.0000000000
   0.3599999988   0.0000000000  -0.0000000000   0.0000000000
   0.3649999988   0.0000000000  -0.0000000000   0.0000000000
   0.3699999988   0.0000000000  -0.0000000000   0.0000000000
   0.3749999987   0.0000000000  -0.0000000000   0.0000000000
   0.3799999987   0.0000000000   0.0000000000   0.0000000000
   0.3849999987   0.0000000000   0.0000000000   0.0000000000
   0.3899999987  -0.0000000000   0.0000000000  -0.0000000000
   0.3949999987  -0.0000000000   0.0000000000  -0.0000000000
   0.3999999987  -0.0000000000   0.0000000000  -0.0000000000
   0.4049999986  -0.0000000000   0.0000000000  -0.0000000000
   0.4099999986  -0.0000000000   0.0000000000  -0.0000000000
   0.4149999986  -0.0000000000   0.0000000000  -0.0000000000
   0.4199999986  -0.0000000000   0.0000000000  -0.0000000000
   0.4249999986  -0.0000000000   0.0000000000  -0.0000000000
   0.4299999986  -0.0000000000   0.0000000000  -0.0000000000
   0.4349999985  -0.0000000000   0.0000000000  -0.0000000000
   0.4399999985  -0.0000000000   0.0000000000  -0.0000000000
   0.4449999985  -0.0000000000   0.0000000000  -0.0000000000
   0.4499999985  -0.0000000000   0.0000000000  -0.0000000000
   0.4549999985  -0.0000000000   0.0000000000  -0.0000000000
   0.4599999985  -0.0000000000   0.0000000000  -0.0000000000
   0.4649999984  -0.0000000000   0.0000000000  -0.0000000000
   0.4699999984  -0.0000000000   0.0000000000  -0.0000000000
   0.4749999984  -0.0000000000   0.0000000000  -0.0000000000
   0.4799999984  -0.0000000000   0.0000000000  -0.0000000000
   0.4849999984  -0.0000000000   0.0000000000  -0.0000000000
   0.4899999984  -0.0000000000   0.0000000000  -0.0000000000
   0.4949999983  -0.0000000000   0.0000000000  -0.0000000000
   0.4999999983  -0.0000000000   0.0000000000  -0.0000000000
   0.5049999983  -0.0000000000   0.0000000000  -0.0000000000
   0.5099999983  -0.0000000000   0.0000000000  -0.0000000000
   0.5149999983  -0.0000000000   0.0000000000  -0.0000000000
   0.5199999983  -0.0000000000   0.0000000000  -0.0000000000
   0.5249999982  -0.0000000000   0.0000000000  -0.0000000000
   0.5299999982  -0.0000000000   0.0000000000  -0.0000000000
   0.5349999982  -0.0000000000   0.0000000000  -0.0000000000
   0.5399999982  -0.0000000000   0.0000000000  -0.0000000000
   0.5449999982  -0.0000000000   0.0000000000  -0.0000000000
   0.5499999982  -0.0000000000   0.0000000000  -0.0000000000
   0.5549999981  -0.0000000000   0.0000000000  -0.0000000000
   0.5599999981  -0.0000000000   0.0000000000  -0.0000000000
   0.5649999981  -0.0000000000   0.0000000000  -0.0000000000
   0.5699999981   0.0000000000   0.0000000000   0.0000000000
   0.5749999981   0.0000000000   0.0000000000   0.0000000000
   0.5799999981   0.0000000000   0.0000000000   0.0000000000
   0.5849999980   0.0000000000   0.0000000000   0.0000000000
   0.5899999980   0.0000000000   0.0000000000   0.0000000000
   0.5949999980   0.0000000000   0.0000000000   0.0000000000
   0.5999999980   0.0000000000   0.0000000000   0.0000000000
   0.6049999980   0.0000000000   0.0000000000   0.0000000000
   0.6099999980   0.0000000000   0.0000000000   0.0000000000
   0.6149999979   0.0000000000   0.0000000000   0.0000000000
   0.6199999979   0.0000000000   0.0000000000   0.0000000000
   0.6249999979   0.0000000000  -0.0000000000   0.0000000000
   0.6299999979   0.0000000000  -0.0000000000   0.0000000000
   0.6349999979   0.0000000000  -0.0000000000   0.0000000000
   0.6399999979   0.0000000000  -0.0000000000   0.0000000000
   0.6449999978  -0.0000000000  -0.0000000000  -0.0000000000
   0.6499999978  -0.0000000000  -0.0000000000  -0.0000000000
   0.6549999978  -0.0000000000  -0.0000000000  -0.0000000000
   0.6599999978  -0.0000000000  -0.0000000000  -0.0000000000
   0.6649999978  -0.0000000000  -0.0000000000  -0.0000000000
   0.6699999978  -0.0000000000  -0.0000000000  -0.0000000000
   0.6749999977  -0.0000000000  -0.0000000000  -0.0000000000
   0.6799999977  -0.0000000000  -0.0000000000  -0.0000000000
   0.6849999977  -0.0000000000  -0.0000000000  -0.0000000000
   0.6899999977  -0.0000000000   0.0000000000  -0.0000000000
   0.6949999977   0.0000000000   0.0000000000   0.0000000000
   0.6999999976   0.0000000000   0.0000000000   0.0000000000
   0.7049999976   0.0000000000   0.0000000000   0.0000000000
   0.7099999976   0.0000000000   0.0000000000   0.0000000000
   0.7149999976   0.0000000000   0.0000000000   0.0000000000
   0.7199999976   0.0000000000   0.0000000000   0.0000000000
   0.7249999976   0.0000000000   0.0000000000   0.0000000000
   0.7299999975   0.0000000000   0.0000000000   0.0000000000
   0.7349999975   0.0000000000   0.0000000000   0.0000000000
   0.7399999975   0.0000000000   0.0000000000   0.0000000000
   0.7449999975   0.0000000000   0.0000000000   0.0000000000
   0.7499999975   0.0000000000   0.0000000000   0.0000000000
   0.7549999975   0.0000000000   0.0000000000   0.0000000000
   0.7599999974   0.0000000000   0.0000000000   0.0000000000
   0.7649999974   0.0000000000   0.0000000000   0.0000000000
   0.7699999974   0.0000000000   0.0000000000   0.0000000000
   0.7749999974   0.0000000000   0.0000000000   0.0000000000
   0.7799999974   0.0000000000   0.0000000000   0.0000000000
   0.7849999974   0.0000000000   0.0000000000   0.0000000000
   0.7899999973   0.0000000000   0.0000000000   0.0000000000
   0.7949999973   0.0000000000   0.0000000000   0.0000000000
   0.7999999973   0.0000000000   0.0000000000   0.0000000000
   0.8049999973   0.0000000000   0.0000000000   0.0000000000
   0.8099999973   0.0000000000   0.0000000000   0.0000000000
   0.8149999973   0.0000000000   0.0000000000   0.0000000000
   0.8199999972   0.0000000000   0.0000000000   0.0000000000
   0.8249999972   0.0000000000   0.0000000000   0.0000000000
   0.8299999972   0.0000000000   0.0000000000   0.0000000000
   0.8349999972   0.0000000000   0.0000000000   0.0000000000
   0.8399999972   0.0000000000   0.0000000000   0.0000000000
   0.8449999972   0.0000000000   0.0000000000   0.0000000000
   0.8499999971   0.0000000000   0.0000000000   0.0000000000
   0.8549999971   0.0000000000   0.0000000000   0.0000000000
   0.8599999971   0.0000000000   0.0000000000   0.0000000000
   0.8649999971   0.0000000000   0.0000000000   0.0000000000
   0.8699999971   0.0000000000   0.0000000000   0.0000000000
   0.8749999971   0.0000000000   0.0000000000   0.0000000000
   0.8799999970   0.0000000000   0.0000000000   0.0000000000
   0.8849999970   0.0000000000   0.0000000000   0.0000000000
   0.8899999970   0.0000000000   0.0000000000   0.0000000000
   0.8949999970   0.0000000000   0.0000000000   0.0000000000
   0.8999999970   0.0000000000   0.0000000000   0.0000000000
   0.9049999970   0.0000000000   0.0000000000   0.0000000000
   0.9099999969   0.0000000000   0.0000000000   0.0000000000
   0.9149999969   0.0000000000   0.0000000000   0.0000000000
   0.9199999969   0.0000000000   0.0000000000   0.0000000000
   0.9249999969   0.0000000000   0.0000000000   0.0000000000
   0.9299999969   0.0000000000   0.0000000000   0.0000000000
   0.9349999969   0.0000000000   0.0000000000   0.0000000000
   0.9399999968   0.0000000000   0.0000000000   0.0000000000
   0.9449999968   0.0000000000   0.0000000000   0.0000000000
   0.9499999968   0.0000000000   0.0000000000   0.0000000000
   0.9549999968   0.0000000000   0.0000000000   0.0000000000
   0.9599999968   0.0000000000   0.0000000000   0.0000000000
   0.9649999968   0.0000000000   0.0000000000   0.0000000000
   0.9699999967   0.0000000000   0.0000000000   0.0000000000
   0.9749999967   0.0000000000   0.0000000000   0.0000000000
   0.9799999967   0.0000000000   0.0000000000   0.0000000000
   0.9849999967   0.0000000000   0.0000000000   0.0000000000
   0.9899999967   0.0000000000   0.0000000000   0.0000000000
   0.9949999967   0.0000000000   0.0000000000   0.0000000000
   0.9999999966   0.0000000000   0.0000000000  -0.0000000000
   1.0049999966  -0.0000000000  -0.0000000000  -0.0000000000
   1.0099999966  -0.0000000000  -0.0000000000  -0.0000000000
   1.0149999966  -0.0000000000  -0.0000000000  -0.0000000000
   1.0199999966  -0.0000000000  -0.0000000000  -0.0000000000
   1.0249999966  -0.0000000000  -0.0000000000  -0.0000000000
   1.0299999965  -0.0000000000  -0.0000000000  -0.0000000000
   1.0349999965  -0.0000000000  -0.0000000000  -0.0000000000
   1.0399999965  -0.0000000000  -0.0000000000  -0.0000000000
   1.0449999965  -0.0000000000  -0.0000000000  -0.0000000000
   1.0499999965  -0.0000000000  -0.0000000000  -0.0000000000
   1.0549999965  -0.0000000000  -0.0000000000  -0.0000000000
   1.0599999964  -0.0000000000  -0.0000000000  -0.0000000000
   1.0649999964  -0.0000000000  -0.0000000000  -0.0000000000
   1.0699999964  -0.0000000000  -0.0000000000  -0.0000000000
   1.0749999964  -0.0000000000  -0.0000000000   0.0000000000
   1.0799999964   0.0000000000   0.0000000000   0.0000000000
   1.0849999964   0.0000000000   0.0000000000   0.0000000000
   1.0899999963   0.0000000000   0.0000000000   0.0000000000
   1.0949999963   0.0000000000   0.0000000000   0.0000000000
   1.0999999963   0.0000000000   0.0000000000   0.0000000000
   1.1049999963   0.0000000000   0.0000000000   0.0000000000
   1.1099999963   0.0000000000   0.0000000000   0.0000000000
   1.1149999963   0.0000000000   0.0000000000   0.0000000000
   1.1199999962   0.0000000000   0.0000000000   0.0000000000
   1.1249999962   0.0000000000   0.0000000000   0.0000000000
   1.1299999962   0.0000000000   0.0000000000   0.0000000000
   1.1349999962   0.0000000000   0.0000000000  -0.0000000000
   1.1399999962  -0.0000000000  -0.0000000000  -0.0000000000
   1.1449999962  -0.0000000000  -0.0000000000  -0.0000000000
   1.1499999961  -0.0000000000  -0.0000000000  -0.0000000000
   1.1549999961  -0.0000000000  -0.0000000000  -0.0000000000
   1.1599999961  -0.0000000000  -0.0000000000  -0.0000000000
   1.1649999961  -0.0000000000  -0.0000000000  -0.0000000000
   1.1699999961  -0.0000000000  -0.0000000000  -0.0000000000
   1.1749999961  -0.0000000000  -0.0000000000  -0.0000000000
   1.1799999960  -0.0000000000  -0.0000000000  -0.0000000000
   1.1849999960  -0.0000000000  -0.0000000000  -0.0000000000
   1.1899999960  -0.0000000000  -0.0000000000  -0.0000000000
   1.1949999960   0.0000000000   0.0000000000   0.0000000000
   1.1999999960   0.0000000000   0.0000000000   0.0000000000
   1.2049999960   0.0000000000   0.0000000000   0.0000000000
   1.2099999959   0.0000000000   0.0000000000   0.0000000000
   1.2149999959   0.0000000000   0.0000000000   0.0000000000
   1.2199999959   0.0000000000   0.0000000000   0.0000000000
   1.2249999959   0.0000000000   0.0000000000   0.0000000000
   1.2299999959   0.0000000000   0.0000000000   0.0000000000
   1.2349999959   0.0000000000   0.0000000000   0.0000000000
   1.2399999958   0.0000000000   0.0000000000   0.0000000000
   1.2449999958   0.0000000000   0.0000000000  -0.0000000000
   1.2499999958  -0.0000000000  -0.0000000000  -0.0000000000
   1.2549999958  -0.0000000000  -0.0000000000  -0.0000000000
   1.2599999958  -0.0000000000  -0.0000000000  -0.0000000000
   1.2649999958  -0.0000000000  -0.0000000000  -0.0000000000
   1.2699999957  -0.0000000000  -0.0000000000  -0.0000000000
   1.2749999957  -0.0000000000  -0.0000000000  -0.0000000000
   1.2799999957  -0.0000000000  -0.0000000000  -0.0000000000
   1.2849999957  -0.0000000000  -0.0000000000  -0.0000000000
   1.2899999957  -0.0000000000  -0.0000000000   0.0000000000
   1.2949999957   0.0000000000   0.0000000000   0.0000000000
   1.2999999956   0.0000000000   0.0000000000   0.0000000000
   1.3049999956   0.0000000000   0.0000000000   0.0000000000
   1.3099999956   0.0000000000   0.0000000000   0.0000000000
   1.3149999956   0.0000000000   0.0000000000   0.0000000000
   1.3199999956   0.0000000000   0.0000000000   0.0000000000
   1.3249999956   0.0000000000   0.0000000000   0.0000000000
   1.3299999955   0.0000000000   0.0000000000   0.0000000000
   1.3349999955   0.0000000000   0.0000000000   0.0000000000
   1.3399999955  -0.0000000000   0.0000000000  -0.0000000000
   1.3449999955  -0.0000000000  -0.0000000000  -0.0000000000
   1.3499999955  -0.0000000000  -0.0000000000  -0.0000000000
   1.3549999954  -0.0000000000  -0.0000000000  -0.0000000000
   1.3599999954  -0.0000000000  -0.0000000000  -0.0000000000
   1.3649999954  -0.0000000000  -0.0000000000  -0.0000000000
   1.3699999954  -0.0000000000  -0.0000000000  -0.0000000000
   1.3749999954  -0.0000000000  -0.0000000000  -0.0000000000
   1.3799999954  -0.0000000000  -0.0000000000   0.0000000000
   1.3849999953   0.0000000000   0.0000000000   0.0000000000
   1.3899999953   0.0000000000   0.0000000000   0.0000000000
   1.3949999953   0.0000000000   0.0000000000   0.0000000000
   1.3999999953   0.0000000000   0.0000000000   0.0000000000
   1.4049999953   0.0000000000   0.0000000000   0.0000000000
   1.4099999953   0.0000000000   0.0000000000   0.0000000000
   1.4149999952   0.0000000000   0.0000000000   0.0000000000
   1.4199999952   0.0000000000   0.0000000000  -0.0000000000
   1.4249999952  -0.0000000000   0.0000000000  -0.0000000000
   1.4299999952  -0.0000000000  -0.0000000000  -0.0000000000
   1.4349999952  -0.0000000000  -0.0000000000  -0.0000000000
   1.4399999952  -0.0000000000  -0.0000000000  -0.0000000000
   1.4449999951  -0.0000000000  -0.0000000000  -0.0000000000
   1.4499999951  -0.0000000000  -0.0000000000  -0.0000000000
   1.4549999951  -0.0000000000  -0.0000000000  -0.0000000000
   1.4599999951  -0.0000000000  -0.0000000000   0.0000000000
   1.4649999951   0.0000000000   0.0000000000   0.0000000000
   1.4699999951   0.0000000000   0.0000000000   0.0000000000
   1.4749999950   0.0000000000   0.0000000000   0.0000000000
   1.4799999950   0.0000000000   0.0000000000   0.0000000000
   1.4849999950   0.0000000000   0.0000000000   0.0000000000
   1.4899999950   0.0000000000   0.0000000000   0.0000000000
   1.4949999950   0.0000000000   0.0000000000   0.0000000000
   1.4999999950   0.0000000000   0.0000000000  -0.0000000000
   1.5049999949  -0.0000000000  -0.0000000000  -0.0000000000
   1.5099999949  -0.0000000000  -0.0000000000  -0.0000000000
   1.5149999949  -0.0000000001  -0.0000000000  -0.0000000000
   1.5199999949  -0.0000000001  -0.0000000000  -0.0000000000
   1.5249999949  -0.0000000001  -0.0000000000  -0.0000000000
   1.5299999949  -0.0000000000  -0.0000000000  -0.0000000000
   1.5349999948  -0.0000000000  -0.0000000000   0.0000000000
   1.5399999948   0.0000000000  -0.0000000000   0.0000000000
   1.5449999948   0.0000000000   0.0000000000   0.0000000000
   1.5499999948   0.0000000001   0.0000000000   0.0000000000
   1.5549999948   0.0000000001   0.0000000000   0.0000000000
   1.5599999948   0.0000000001   0.0000000000   0.0000000000
   1.5649999947   0.0000000000   0.0000000000   0.0000000000
   1.5699999947   0.0000000000   0.0000000000  -0.0000000000
   1.5749999947  -0.0000000000   0.0000000000  -0.0000000000
   1.5799999947  -0.0000000000  -0.0000000000  -0.0000000000
   1.5849999947  -0.0000000000  -0.0000000000  -0.0000000000
   1.5899999947  -0.0000000001  -0.0000000000  -0.0000000000
   1.5949999946  -0.0000000001  -0.0000000000  -0.0000000000
   1.5999999946  -0.0000000000  -0.0000000000  -0.0000000000
   1.6049999946  -0.0000000000  -0.0000000000  -0.0000000000
   1.6099999946  -0.0000000000  -0.0000000000   0.0000000000
   1.6149999946   0.0000000000   0.0000000000   0.0000000000
   1.6199999946   0.0000000000   0.0000000000   0.0000000000
   1.6249999945   0.0000000000   0.0000000000   0.0000000000
   1.6299999945   0.0000000000   0.0000000000   0.0000000000
   1.6349999945   0.0000000000   0.0000000000   0.0000000000
   1.6399999945   0.0000000000   0.0000000000   0.0000000000
   1.6449999945  -0.0000000000  -0.0000000000   0.0000000000
   1.6499999945  -0.0000000000  -0.0000000000   0.0000000001
   1.6549999944  -0.0000000000  -0.0000000000   0.0000000001
   1.6599999944  -0.0000000000  -0.0000000000   0.0000000001
   1.6649999944  -0.0000000000  -0.0000000000   0.0000000001
   1.6699999944  -0.0000000000  -0.0000000000   0.0000000001
   1.6749999944  -0.0000000000  -0.0000000000   0.0000000000
   1.6799999944   0.0000000000   0.0000000000  -0.0000000001
   1.6849999943   0.0000000001   0.0000000001  -0.0000000003
   1.6899999943   0.0000000002   0.0000000001  -0.0000000005
   1.6949999943   0.0000000003   0.0000000002  -0.0000000006
   1.6999999943   0.0000000004   0.0000000003  -0.0000000008
   1.7049999943   0.0000000005   0.0000000003  -0.0000000009
   1.7099999943   0.0000000005   0.0000000004  -0.0000000009
   1.7149999942   0.0000000005   0.0000000004  -0.0000000008
   1.7199999942   0.0000000004   0.0000000004  -0.0000000005
   1.7249999942   0.0000000001   0.0000000002  -0.0000000000
   1.7299999942  -0.0000000004  -0.0000000001   0.0000000007
   1.7349999942  -0.0000000010  -0.0000000004   0.0000000015
   1.7399999942  -0.0000000017  -0.0000000009   0.0000000025
   1.7449999941  -0.0000000024  -0.0000000015   0.0000000036
   1.7499999941  -0.0000000030  -0.0000000020   0.0000000045
   1.7549999941  -0.0000000034  -0.0000000025   0.0000000052
   1.7599999941  -0.0000000034  -0.0000000027   0.0000000054
   1.7649999941  -0.0000000029  -0.0000000026   0.0000000050
   1.7699999941  -0.0000000018  -0.0000000022   0.0000000039
   1.7749999940  -0.0000000001  -0.0000000013   0.0000000018
   1.7799999940   0.0000000022   0.0000000001  -0.0000000011
   1.7849999940   0.0000000048   0.0000000019  -0.0000000048
   1.7899999940   0.0000000075   0.0000000039  -0.0000000089
   1.7949999940   0.0000000099   0.0000000059  -0.0000000130
   1.7999999940   0.0000000115   0.0000000077  -0.0000000165
   1.8049999939   0.0000000121   0.0000000089  -0.0000000187
   1.8099999939   0.0000000112   0.0000000093  -0.0000000191
   1.8149999939   0.0000000087   0.0000000087  -0.0000000171
   1.8199999939   0.0000000046   0.0000000068  -0.0000000125
   1.8249999939  -0.0000000008   0.0000000037  -0.0000000055
   1.8299999939  -0.0000000071  -0.0000000004   0.0000000036
   1.8349999938  -0.0000000136  -0.0000000052   0.0000000137
   1.8399999938  -0.0000000194  -0.0000000101   0.0000000237
   1.8449999938  -0.0000000236  -0.0000000146   0.0000000321
   1.8499999938  -0.0000000255  -0.0000000180   0.0000000375
   1.8549999938  -0.0000000243  -0.0000000196   0.0000000388
   1.8599999938  -0.0000000199  -0.0000000190   0.0000000352
   1.8649999937  -0.0000000125  -0.0000000160   0.0000000266
   1.8699999937  -0.0000000027  -0.0000000106   0.0000000138
   1.8749999937   0.0000000084  -0.0000000034  -0.0000000018
   1.8799999937   0.0000000192   0.0000000049  -0.0000000183
   1.8849999937   0.0000000281   0.0000000132  -0.0000000331
   1.8899999937   0.0000000336   0.0000000204  -0.0000000440
   1.8949999936   0.0000000346   0.0000000252  -0.0000000490
   1.8999999936   0.0000000306   0.0000000268  -0.0000000471
   1.9049999936   0.0000000218   0.0000000248  -0.0000000381
   1.9099999936   0.0000000093   0.0000000192  -0.0000000230
   1.9149999936  -0.0000000050   0.0000000106  -0.0000000042
   1.9199999936  -0.0000000188   0.0000000004   0.0000000156
   1.9249999935  -0.0000000297  -0.0000000100   0.0000000329
   1.9299999935  -0.0000000356  -0.0000000189   0.0000000447
   1.9349999935  -0.0000000351  -0.0000000246   0.0000000486
   1.9399999935  -0.0000000279  -0.0000000261   0.0000000436
   1.9449999935  -0.0000000151  -0.0000000230   0.0000000302
   1.9499999935   0.0000000014  -0.0000000156   0.0000000104
   1.9549999934   0.0000000184  -0.0000000052  -0.0000000123
   1.9599999934   0.0000000327   0.0000000063  -0.0000000339
   1.9649999934   0.0000000413   0.0000000168  -0.0000000502
   1.9699999934   0.0000000420   0.0000000243  -0.0000000577
   1.9749999934   0.0000000342   0.0000000270  -0.0000000544
   1.9799999934   0.0000000189   0.0000000244  -0.0000000403
   1.9849999933  -0.0000000014   0.0000000165  -0.0000000173
   1.9899999933  -0.0000000229   0.0000000048   0.0000000107
   1.9949999933  -0.0000000415  -0.0000000086   0.0000000388
   1.9999999933  -0.0000000533  -0.0000000213   0.0000000616
   2.0049999933  -0.0000000557  -0.0000000306   0.0000000746
   2.0099999933  -0.0000000477  -0.0000000347   0.0000000749
   2.0149999932  -0.0000000307  -0.0000000325   0.0000000620
   2.0199999932  -0.0000000076  -0.0000000243   0.0000000378
   2.0249999932   0.0000000171  -0.0000000114   0.0000000065
   2.0299999932   0.0000000387   0.0000000037  -0.0000000263
   2.0349999932   0.0000000528   0.0000000182  -0.0000000546
   2.0399999931   0.0000000570   0.0000000296  -0.0000000732
   2.0449999931   0.0000000505   0.0000000357  -0.0000000787
   2.0499999931   0.0000000350   0.0000000356  -0.0000000705
   2.0549999931   0.0000000142   0.0000000296  -0.0000000504
   2.0599999931  -0.0000000075   0.0000000191  -0.0000000227
   2.0649999931  -0.0000000255   0.0000000064   0.0000000068
   2.0699999930  -0.0000000362  -0.0000000060   0.0000000325
   2.0749999930  -0.0000000380  -0.0000000159   0.0000000496
   2.0799999930  -0.0000000316  -0.0000000218   0.0000000557
   2.0849999930  -0.0000000194  -0.0000000232   0.0000000509
   2.0899999930  -0.0000000055  -0.0000000207   0.0000000375
   2.0949999930   0.0000000063  -0.0000000156   0.0000000197
   2.0999999929   0.0000000128  -0.0000000098   0.0000000023
   2.1049999929   0.0000000127  -0.0000000047  -0.0000000108
   2.1099999929   0.0000000067  -0.0000000014  -0.0000000172
   2.1149999929  -0.0000000023   0.0000000000  -0.0000000169
   2.1199999929  -0.0000000104   0.0000000003  -0.0000000120
   2.1249999929  -0.0000000140   0.0000000005  -0.0000000059
   2.1299999928  -0.0000000106   0.0000000018  -0.0000000021
   2.1349999928  -0.0000000001   0.0000000052  -0.0000000031
   2.1399999928   0.0000000151   0.0000000104  -0.0000000093
   2.1449999928   0.0000000305   0.0000000163  -0.0000000189
   2.1499999928   0.0000000408   0.0000000212  -0.0000000279
   2.1549999928   0.0000000412   0.0000000229  -0.0000000319
   2.1599999927   0.0000000294   0.0000000197  -0.0000000271
   2.1649999927   0.0000000063   0.0000000110  -0.0000000119
   2.1699999927  -0.0000000234  -0.0000000023   0.0000000119
   2.1749999927  -0.0000000525  -0.0000000178   0.0000000392
   2.1799999927  -0.0000000724  -0.0000000318   0.0000000628
   2.1849999927  -0.0000000762  -0.0000000405   0.0000000748
   2.1899999926  -0.0000000602  -0.0000000408   0.0000000694
   2.1949999926  -0.0000000258  -0.0000000311   0.0000000446
   2.1999999926   0.0000000203  -0.0000000126   0.0000000039
   2.2049999926   0.0000000673   0.0000000111  -0.0000000444
   2.2099999926   0.0000001026   0.0000000348  -0.0000000884
   2.2149999926   0.0000001154   0.0000000522  -0.0000001155
   2.2199999925   0.0000000995   0.0000000584  -0.0000001163
   2.2249999925   0.0000000560   0.0000000504  -0.0000000871
   2.2299999925  -0.0000000066   0.0000000289  -0.0000000322
   2.2349999925  -0.0000000738  -0.0000000017   0.0000000368
   2.2399999925  -0.0000001283  -0.0000000344   0.0000001030
   2.2449999925  -0.0000001544  -0.0000000607   0.0000001483
   2.2499999924  -0.0000001426  -0.0000000731   0.0000001585
   2.2549999924  -0.0000000926  -0.0000000672   0.0000001275
   2.2599999924  -0.0000000147  -0.0000000430   0.0000000599
   2.2649999924   0.0000000730  -0.0000000056  -0.0000000290
   2.2699999924   0.0000001479   0.0000000360  -0.0000001167
   2.2749999924   0.0000001893   0.0000000705  -0.0000001785
   2.2799999923   0.0000001841   0.0000000877  -0.0000001946
   2.2849999923   0.0000001313   0.0000000810  -0.0000001559
   2.2899999923   0.0000000427   0.0000000497  -0.0000000676
   2.2949999923  -0.0000000594   0.0000000001   0.0000000503
   2.2999999923  -0.0000001476  -0.0000000559   0.0000001676
   2.3049999923  -0.0000001980  -0.0000001030   0.0000002502
   2.3099999922  -0.0000001970  -0.0000001261   0.0000002693
   2.3149999922  -0.0000001473  -0.0000001144   0.0000002095
   2.3199999922  -0.0000000681  -0.0000000647   0.0000000739
   2.3249999922   0.0000000091   0.0000000175  -0.0000001149
   2.3299999922   0.0000000501   0.0000001177  -0.0000003179
   2.3349999922   0.0000000299   0.0000002152  -0.0000004877
   2.3399999921  -0.0000000549   0.0000002862  -0.0000005776
   2.3449999921  -0.0000001782   0.0000003081  -0.0000005506
   2.3499999921  -0.0000002833   0.0000002635  -0.0000003858
   2.3549999921  -0.0000002906   0.0000001420  -0.0000000814
   2.3599999921  -0.0000001156  -0.0000000582   0.0000003465
   2.3649999921   0.0000003073  -0.0000003295   0.0000008660
   2.3699999920   0.0000009959  -0.0000006550   0.0000014312
   2.3749999920   0.0000018946  -0.0000010055   0.0000019806
   2.3799999920   0.0000028560  -0.0000013369   0.0000024312
   2.3849999920   0.0000036362  -0.0000015843   0.0000026693
   2.3899999920   0.0000039080  -0.0000016575   0.0000025419
   2.3949999920   0.0000032949  -0.0000014397   0.0000018559
   2.3999999919   0.0000014265  -0.0000007930   0.0000003924
   2.4049999919  -0.0000019850   0.0000004233  -0.0000020567
   2.4099999919  -0.0000070526   0.0000023204  -0.0000056250
   2.4149999919  -0.0000136115   0.0000049325  -0.0000102832
   2.4199999919  -0.0000211162   0.0000081561  -0.0000157347
   2.4249999919  -0.0000285532   0.0000116868  -0.0000213134
   2.4299999918  -0.0000343872   0.0000149625  -0.0000259089
   2.4349999918  -0.0000365691   0.0000171336  -0.0000279474
   2.4399999918  -0.0000326326   0.0000170752  -0.0000254616
   2.4449999918  -0.0000199104   0.0000134634  -0.0000162738
   2.4499999918   0.0000041035   0.0000049270   0.0000016906
   2.4549999918   0.0000412335  -0.0000097148   0.0000299577
   2.4599999917   0.0000919482  -0.0000311335   0.0000689460
   2.4649999917   0.0001545660  -0.0000591065   0.0001173332
   2.4699999917   0.0002244043  -0.0000920955   0.0001714096
   2.4749999917   0.0002929732  -0.0001268343   0.0002244973
   2.4799999917   0.0003473362  -0.0001579816   0.0002665288
   2.4849999917   0.0003697863  -0.0001779025   0.0002838820
   2.4899999916   0.0003379782  -0.0001766470   0.0002595638
   2.4949999916   0.0002256405  -0.0001421835   0.0001738159
   2.4999999916   0.0000039438  -0.0000609337   0.0000051850
   2.5049999916  -0.0003564664   0.0000813716  -0.0002679465
   2.5099999916  -0.0008828480   0.0002985303  -0.0006654249
   2.5149999916  -0.0015973190   0.0006024520  -0.0012031041
   2.5199999915  -0.0025136476   0.0010015848  -0.0018905161
   2.5249999915  -0.0036342003   0.0014993220  -0.0027286603
   2.5299999915  -0.0049474094   0.0020925561  -0.0037081717
   2.5349999915  -0.0064261238   0.0027705671  -0.0048081324
   2.5399999915  -0.0080271553   0.0035144268  -0.0059957609
   2.5449999915  -0.0096922411   0.0042970736  -0.0072271525
   2.5499999914  -0.0113505083   0.0050841605  -0.0084491427
   2.5549999914  -0.0129223678   0.0058357052  -0.0096022463
   2.5599999914  -0.0143245905   0.0065084803  -0.0106244890
   2.5649999914  -0.0154761652   0.0070589884  -0.0114558233
   2.5699999914  -0.0163044078   0.0074467794  -0.0120427176
   2.5749999914  -0.0167507225   0.0076377995  -0.0123424526
   2.5799999913  -0.0167754105   0.0076074295  -0.0123266568
   2.5849999913  -0.0163609912   0.0073428743  -0.0119836767
   2.5899999913  -0.0155136456   0.0068446192  -0.0113194976
   2.5949999913  -0.0142625920   0.0061267579  -0.0103570975
   2.5999999913  -0.0126574421   0.0052161212  -0.0091343066
   2.6049999913  -0.0107638317   0.0041502757  -0.0077004310
   2.6099999912  -0.0086578340   0.0029745950  -0.0061120555
   2.6149999912  -0.0064198216   0.0017387230  -0.0044285410
   2.6199999912  -0.0041285121   0.0004928209  -0.0027077570
   2.6249999912  -0.0018558948  -0.0007159844  -0.0010025417
   2.6299999912   0.0003363963  -0.0018465712   0.0006417435
   2.6349999912   0.0023989263  -0.0028659148   0.0021883730
   2.6399999911   0.0042944606  -0.0037501334   0.0036091456
   2.6449999911   0.0059963583  -0.0044844686   0.0048832116
   2.6499999911   0.0074858507  -0.0050623340   0.0059952152
   2.6549999911   0.0087488733  -0.0054836882   0.0069332223
   2.6599999911   0.0097731878  -0.0057530791   0.0076869234
   2.6649999911   0.0105464624  -0.0058777290   0.0082465327
   2.6699999910   0.0110557875  -0.0058660016   0.0086026641
   2.6749999910   0.0112888236  -0.0057265013   0.0087472675
   2.6799999910   0.0112364387  -0.0054679241   0.0086754955
   2.6849999910   0.0108963735  -0.0050996274   0.0083881680
   2.6899999910   0.0102772177  -0.0046327377   0.0078943512
   2.6949999909   0.0094018451  -0.0040814970   0.0072134953
   2.6999999909   0.0083094750  -0.0034644814   0.0063765940
   2.7049999909   0.0070556969  -0.0028053224   0.0054259487
   2.7099999909   0.0057101010  -0.0021326273   0.0044133170
   2.7149999909   0.0043515469  -0.0014789207   0.0033964802
   2.7199999909   0.0030615114  -0.0008785972   0.0024345286
   2.7249999908   0.0019163155  -0.0003650569   0.0015824039
   2.7299999908   0.0009792751   0.0000326377   0.0008854050
   2.7349999908   0.0002939018   0.0002931212   0.0003744269
   2.7399999908  -0.0001208177   0.0004055906   0.0000626481
   2.7449999908  -0.0002723025   0.0003716911  -0.0000557890
   2.7499999908  -0.0001930552   0.0002060512  -0.0000048310
   2.7549999907   0.0000637594  -0.0000647241   0.0001766534
   2.7599999907   0.0004312735  -0.0004045730   0.0004398779
   2.7649999907   0.0008374711  -0.0007717492   0.0007323228
   2.7699999907   0.0012141585  -0.0011233906   0.0010042478
   2.7749999907   0.0015051131  -0.0014202898   0.0012146293
   2.7799999907   0.0016723003  -0.0016312293   0.0013356974
   2.7849999906   0.0016993462  -0.0017362902   0.0013554661
   2.7899999906   0.0015918720  -0.0017286901   0.0012779536
   2.7949999906   0.0013747647  -0.0016149171   0.0011211505
   2.7999999906   0.0010869079  -0.0014131750   0.0009131314
   2.8049999906   0.0007742607  -0.0011504015   0.0006869801
   2.8099999906   0.0004823853  -0.0008583207   0.0004753552
   2.8149999905   0.0002495656  -0.0005691209   0.0003055435
   2.8199999905   0.0001015227  -0.0003113769   0.0001957321
   2.8249999905   0.0000484423  -0.0001067754   0.0001529955
   2.8299999905   0.0000846385   0.0000319498   0.0001731934
   2.8349999905   0.0001907459   0.0001016677   0.0002426560
   2.8399999905   0.0003379374   0.0001081085   0.0003412487
   2.8449999904   0.0004933617   0.0000639604   0.0004462141
   2.8499999904   0.0006258372  -0.0000138027   0.0005361009
   2.8549999904   0.0007108436  -0.0001068872   0.0005941246
   2.8599999904   0.0007340195  -0.0001984569   0.0006104473
   2.8649999904   0.0006926632  -0.0002753118   0.0005830821
   2.8699999904   0.0005950989  -0.0003291930   0.0005173763
   2.8749999903   0.0004581424  -0.0003571047   0.0004242711
   2.8799999903   0.0003032149  -0.0003607123   0.0003177243
   2.8849999903   0.0001518616  -0.0003450238   0.0002117921
   2.8899999903   0.0000214945  -0.0003166590   0.0001178884
   2.8949999903  -0.0000778992  -0.0002820505   0.0000426725
   2.8999999903  -0.0001455537  -0.0002459011  -0.0000131203
   2.9049999902  -0.0001899841  -0.0002101474  -0.0000547658
   2.9099999902  -0.0002273856  -0.0001735722  -0.0000926057
   2.9149999902  -0.0002787396  -0.0001320854  -0.0001402812
   2.9199999902  -0.0003661914  -0.0000795754  -0.0002124769
   2.9249999902  -0.0005093640  -0.0000091444  -0.0003225602
   2.9299999902  -0.0007222303   0.0000855124  -0.0004804964
   2.9349999901  -0.0010110323   0.0002088293  -0.0006913435
   2.9399999901  -0.0013735082   0.0003624083  -0.0009545242
   2.9449999901  -0.0017994469   0.0005445176  -0.0012639299
   2.9499999901  -0.0022723508   0.0007501069  -0.0016087782
   2.9549999901  -0.0027718188   0.0009713085  -0.0019750279
   2.9599999901  -0.0032761741   0.0011983120  -0.0023470838
   2.9649999900  -0.0037648657   0.0014204463  -0.0027094946
   2.9699999900  -0.0042202703   0.0016272830  -0.0030483753
   2.9749999900  -0.0046286694   0.0018095854  -0.0033523571
   2.9799999900  -0.0049803578   0.0019599692  -0.0036129665
   2.9849999900  -0.0052690084   0.0020732057  -0.0038244495
   2.9899999900  -0.0054905460   0.0021461672  -0.0039831583
   2.9949999899  -0.0056418542   0.0021774801  -0.0040866949
   2.9999999899  -0.0057196378   0.0021670009  -0.0041330385
   3.0049999899  -0.0057197044   0.0021152541  -0.0041198730
   3.0099999899  -0.0056368225   0.0020229651  -0.0040442784
   3.0149999899  -0.0054651857   0.0018907926  -0.0039028649
   3.0199999899  -0.0051993882   0.0017193132  -0.0036923297
   3.0249999898  -0.0048357172   0.0015092543  -0.0034103277
   3.0299999898  -0.0043735089   0.0012619150  -0.0030564771
   3.0349999898  -0.0038163066   0.0009796740  -0.0026332922
   3.0399999898  -0.0031725940   0.0006664621  -0.0021468439
   3.0449999898  -0.0024559560   0.0003280837  -0.0016070014
   3.0499999898  -0.0016846137  -0.0000277030  -0.0010271816
   3.0549999897  -0.0008803843  -0.0003913922  -0.0004236230
   3.0599999897  -0.0000672082  -0.0007522150   0.0001857150
   3.0649999897   0.0007305554  -0.0010988461   0.0007824675
   3.0699999897   0.0014898333  -0.0014202350   0.0013492045
   3.0749999897   0.0021903274  -0.0017064473   0.0018706105
   3.0799999897   0.0028156182  -0.0019494002   0.0023343597
   3.0849999896   0.0033537830  -0.0021433964   0.0027316002
   3.0899999896   0.0037975133  -0.0022853979   0.0030570332
   3.0949999896   0.0041437900  -0.0023750231   0.0033086400
   3.0999999896   0.0043932369  -0.0024142927   0.0034871550
   3.1049999896   0.0045493064  -0.0024071854   0.0035954137
   3.1099999896   0.0046174526  -0.0023590871   0.0036377029
   3.1149999895   0.0046044227  -0.0022762182   0.0036192148
   3.1199999895   0.0045177532  -0.0021651210   0.0035456732
   3.1249999895   0.0043654990  -0.0020322603   0.0034231483
   3.1299999895   0.0041561716  -0.0018837658   0.0032580368
   3.1349999895   0.0038988173  -0.0017253137   0.0030571488
   3.1399999895   0.0036031443  -0.0015621189   0.0028278257
   3.1449999894   0.0032795996  -0.0013989919   0.0025780089
   3.1499999894   0.0029393171  -0.0012404071   0.0023161980
   3.1549999894   0.0025938855  -0.0010905377   0.0020512563
   3.1599999894   0.0022549253  -0.0009532212   0.0017920612
   3.1649999894   0.0019335049  -0.0008318449   0.0015470248
   3.1699999894   0.0016394592  -0.0007291603   0.0013235442
   3.1749999893   0.0013807017  -0.0006470578   0.0011274572
   3.1799999893   0.0011626310  -0.0005863466   0.0009625902
   3.1849999893   0.0009877264  -0.0005465912   0.0008304774
   3.1899999893   0.0008554134  -0.0005260501   0.0007303085
   3.1949999893   0.0007622396  -0.0005217506   0.0006591330
   3.1999999893   0.0007023642  -0.0005297110   0.0006123058
   3.2049999892   0.0006683133  -0.0005452954   0.0005841217
   3.2099999892   0.0006519070  -0.0005636621   0.0005685486
   3.2149999892   0.0006452326  -0.0005802490   0.0005599507
   3.2199999892   0.0006415200  -0.0005912246   0.0005536893
   3.2249999892   0.0006357846  -0.0005938397   0.0005465074
   3.2299999892   0.0006251375  -0.0005866262   0.0005366434
   3.2349999891   0.0006087216  -0.0005694144   0.0005236698
   3.2399999891   0.0005872984  -0.0005431729   0.0005081069
   3.2449999891   0.0005625843  -0.0005097049   0.0004909083
   3.2499999891   0.0005364827  -0.0004712605   0.0004729404
   3.2549999891   0.0005103853  -0.0004301404   0.0004545774
   3.2599999891   0.0004846995  -0.0003883626   0.0004355065
   3.2649999890   0.0004587072  -0.0003474512   0.0004147839
   3.2699999890   0.0004307826  -0.0003083728   0.0003911203
   3.2749999890   0.0003989092  -0.0002716184   0.0003633161
   3.2799999890   0.0003613595  -0.0002373893   0.0003307239
   3.2849999890   0.0003173566  -0.0002058284   0.0002936077
   3.2899999890   0.0002675378  -0.0001772240   0.0002532899
   3.2949999889   0.0002140828  -0.0001521297   0.0002120328
   3.2999999889   0.0001604550  -0.0001313611   0.0001726679
   3.3049999889   0.0001107981  -0.0001158685   0.0001380559
   3.3099999889   0.0000691230  -0.0001065177   0.0001105070
   3.3149999889   0.0000384756  -0.0001038359   0.0000913056
   3.3199999889   0.0000202862  -0.0001077930   0.0000804598
   3.3249999888   0.0000140597  -0.0001176804   0.0000767382
   3.3299999888   0.0000174837  -0.0001321249   0.0000779838
   3.3349999888   0.0000269290  -0.0001492455   0.0000816219
   3.3399999888   0.0000382223  -0.0001669202   0.0000852298
   3.3449999888   0.0000475048  -0.0001831069   0.0000870237
   3.3499999888   0.0000519771  -0.0001961464   0.0000861455
   3.3549999887   0.0000503622  -0.0002049848   0.0000826894
   3.3599999887   0.0000429978  -0.0002092687   0.0000774852
   3.3649999887   0.0000315595  -0.0002093047   0.0000717184
   3.3699999887   0.0000185098  -0.0002059028   0.0000665094
   3.3749999887   0.0000064249  -0.0002001500   0.0000625777
   3.3799999886  -0.0000026297  -0.0001931741   0.0000600789
   3.3849999886  -0.0000075346  -0.0001859479   0.0000586453
   3.3899999886  -0.0000082803  -0.0001791718   0.0000575917
   3.3949999886  -0.0000058552  -0.0001732417   0.0000561998
   3.3999999886  -0.0000019218  -0.0001682892   0.0000539722
   3.4049999886   0.0000016145  -0.0001642624   0.0000507687
   3.4099999885   0.0000030274  -0.0001610130   0.0000467827
   3.4149999885   0.0000010921  -0.0001583629   0.0000423803
   3.4199999885  -0.0000047431  -0.0001561388   0.0000378752
   3.4249999885  -0.0000143364  -0.0001541818   0.0000333380
   3.4299999885  -0.0000269496  -0.0001523475   0.0000285287
   3.4349999885  -0.0000414130  -0.0001505157   0.0000229898
   3.4399999884  -0.0000563140  -0.0001486197   0.0000162769
   3.4449999884  -0.0000701803  -0.0001466894   0.0000082428
   3.4499999884  -0.0000816557  -0.0001448901  -0.0000007425
   3.4549999884  -0.0000896689  -0.0001435306  -0.0000097400
   3.4599999884  -0.0000935996  -0.0001430203  -0.0000174138
   3.4649999884  -0.0000934248  -0.0001437696  -0.0000223996
   3.4699999883  -0.0000898075  -0.0001460520  -0.0000237684
   3.4749999883  -0.0000840800  -0.0001498662  -0.0000214298
   3.4799999883  -0.0000780802  -0.0001548486  -0.0000163206
   3.4849999883  -0.0000738313  -0.0001602787  -0.0000102778
   3.4899999883  -0.0000731027  -0.0001651992  -0.0000055941
   3.4949999883  -0.0000769451  -0.0001686355  -0.0000043585
   3.4999999882  -0.0000853228  -0.0001698636  -0.0000077761
   3.5049999882  -0.0000969724  -0.0001686507  -0.0000156873
   3.5099999882  -0.0001095707  -0.0001653897  -0.0000264664
   3.5149999882  -0.0001202206  -0.0001610676  -0.0000373770
   3.5199999882  -0.0001261670  -0.0001570566  -0.0000453158
   3.5249999882  -0.0001255706  -0.0001547664  -0.0000477488
   3.5299999881  -0.0001181253  -0.0001552465  -0.0000435595
   3.5349999881  -0.0001053201  -0.0001588515  -0.0000335336
   3.5399999881  -0.0000902294  -0.0001650758  -0.0000202970
   3.5449999881  -0.0000768361  -0.0001726240  -0.0000076795
   3.5499999881  -0.0000690362  -0.0001797150   0.0000003405
   3.5549999881  -0.0000695774  -0.0001845530   0.0000008159
   3.5599999880  -0.0000792287  -0.0001858361  -0.0000072204
   3.5649999880  -0.0000964375  -0.0001831596  -0.0000223464
   3.5699999880  -0.0001176068  -0.0001771867  -0.0000410366
   3.5749999880  -0.0001379558  -0.0001695236  -0.0000585963
   3.5799999880  -0.0001527558  -0.0001623194  -0.0000704915
   3.5849999880  -0.0001586093  -0.0001576925  -0.0000736882
   3.5899999879  -0.0001544130  -0.0001571437  -0.0000675929
   3.5949999879  -0.0001417148  -0.0001611241  -0.0000542915
   3.5999999879  -0.0001243417  -0.0001688897  -0.0000379897
   3.6049999879  -0.0001073791  -0.0001786936  -0.0000237973
   3.6099999879  -0.0000957745  -0.0001882671  -0.0000162103
   3.6149999879  -0.0000929575  -0.0001954562  -0.0000177470
   3.6199999878  -0.0000998726  -0.0001988294  -0.0000281605
   3.6249999878  -0.0001147096  -0.0001980795  -0.0000444831
   3.6299999878  -0.0001334215  -0.0001940962  -0.0000619079
   3.6349999878  -0.0001508856  -0.0001886903  -0.0000752488
   3.6399999878  -0.0001623771  -0.0001840458  -0.0000805394
   3.6449999878  -0.0001649254  -0.0001820663  -0.0000762740
   3.6499999877  -0.0001581577  -0.0001838107  -0.0000639003
   3.6549999877  -0.0001443807  -0.0001891872  -0.0000473964
   3.6599999877  -0.0001278817  -0.0001969986  -0.0000320554
   3.6649999877  -0.0001136562  -0.0002053230  -0.0000228441
   3.6699999877  -0.0001059453  -0.0002121107  -0.0000228504
   3.6749999877  -0.0001070183  -0.0002158147  -0.0000323058
   3.6799999876  -0.0001165574  -0.0002158584  -0.0000484989
   3.6849999876  -0.0001318216  -0.0002127996  -0.0000666157
   3.6899999876  -0.0001485234  -0.0002081420  -0.0000812487
   3.6949999876  -0.0001621418  -0.0002038562  -0.0000881015
   3.6999999876  -0.0001692645  -0.0002017644  -0.0000853482
   3.7049999876  -0.0001685519  -0.0002029815  -0.0000742126
   3.7099999875  -0.0001610395  -0.0002075891  -0.0000585757
   3.7149999875  -0.0001497066  -0.0002146405  -0.0000437304
   3.7199999875  -0.0001384679  -0.0002224904  -0.0000346797
   3.7249999875  -0.0001309205  -0.0002293394  -0.0000345202
   3.7299999875  -0.0001292483  -0.0002338136  -0.0000434354
   3.7349999875  -0.0001336229  -0.0002353936  -0.0000586300
   3.7399999874  -0.0001422751  -0.0002345529  -0.0000752316
   3.7449999874  -0.0001521897  -0.0002325679  -0.0000878797
   3.7499999874  -0.0001601756  -0.0002310624  -0.0000924876
   3.7549999874  -0.0001639494  -0.0002314439  -0.0000876074
   3.7599999874  -0.0001628696  -0.0002344186  -0.0000749453
   3.7649999874  -0.0001580877  -0.0002397490  -0.0000588479
   3.7699999873  -0.0001520756  -0.0002463372  -0.0000449122
   3.7749999873  -0.0001477037  -0.0002526064  -0.0000381589
   3.7799999873  -0.0001471899  -0.0002570555  -0.0000413606
   3.7849999873  -0.0001512862  -0.0002587987  -0.0000540723
   3.7899999873  -0.0001589837  -0.0002579068  -0.0000726944
   3.7949999873  -0.0001678443  -0.0002554278  -0.0000915682
   3.7999999872  -0.0001748488  -0.0002530720  -0.0001047679
   3.8049999872  -0.0001774765  -0.0002526563  -0.0001080212
   3.8099999872  -0.0001746439  -0.0002554878  -0.0001001399
   3.8149999872  -0.0001671736  -0.0002618918  -0.0000834877
   3.8199999872  -0.0001576154  -0.0002710451  -0.0000633147
   3.8249999872  -0.0001494596  -0.0002811838  -0.0000461505
   3.8299999871  -0.0001459891  -0.0002901289  -0.0000377529
   3.8349999871  -0.0001491456  -0.0002959708  -0.0000412589
   3.8399999871  -0.0001587946  -0.0002976952  -0.0000561324
   3.8449999871  -0.0001726499  -0.0002955471  -0.0000782561
   3.8499999871  -0.0001869092  -0.0002910056  -0.0001011578
   3.8549999871  -0.0001974188  -0.0002863670  -0.0001180007
   3.8599999870  -0.0002010053  -0.0002840562  -0.0001237191
   3.8649999870  -0.0001965462  -0.0002858764  -0.0001166310
   3.8699999870  -0.0001854243  -0.0002924324  -0.0000990129
   3.8749999870  -0.0001711986  -0.0003029122  -0.0000764467
   3.8799999870  -0.0001585705  -0.0003153015  -0.0000561296
   3.8849999870  -0.0001519553  -0.0003269758  -0.0000446658
   3.8899999869  -0.0001540960  -0.0003354906  -0.0000460232
   3.8949999869  -0.0001651585  -0.0003393309  -0.0000602889
   3.8999999869  -0.0001826013  -0.0003383889  -0.0000836135
   3.9049999869  -0.0002018765  -0.0003340201  -0.0001093653
   3.9099999869  -0.0002177627  -0.0003286561  -0.0001301396
   3.9149999869  -0.0002259284  -0.0003250885  -0.0001400085
   3.9199999868  -0.0002242523  -0.0003256378  -0.0001363200
   3.9249999868  -0.0002134953  -0.0003314578  -0.0001204983
   3.9299999868  -0.0001971136  -0.0003421846  -0.0000976062
   3.9349999868  -0.0001802668  -0.0003560340  -0.0000748112
   3.9399999868  -0.0001683132  -0.0003703198  -0.0000592268
   3.9449999868  -0.0001652451  -0.0003822361  -0.0000557914
   3.9499999867  -0.0001725275  -0.0003896709  -0.0000658214
   3.9549999867  -0.0001886833  -0.0003918136  -0.0000866666
   3.9599999867  -0.0002097405  -0.0003893781  -0.0001125532
   3.9649999867  -0.0002303989  -0.0003843842  -0.0001363418
   3.9699999867  -0.0002455643  -0.0003795665  -0.0001516564
   3.9749999867  -0.0002517957  -0.0003775890  -0.0001547432
   3.9799999866  -0.0002482464  -0.0003802966  -0.0001455113
   3.9849999866  -0.0002368397  -0.0003882162  -0.0001274681
   3.9899999866  -0.0002216493  -0.0004004447  -0.0001065981
   3.9949999866  -0.0002076874  -0.0004149440  -0.0000895485
   3.9999999866  -0.0001994696  -0.0004291455  -0.0000816758
   4.0049999866  -0.0001997727  -0.0004406828  -0.0000855353
   4.0099999865  -0.0002089346  -0.0004480402  -0.0001002383
   4.0149999865  -0.0002248683  -0.0004509377  -0.0001218359
   4.0199999865  -0.0002437550  -0.0004503548  -0.0001445741
   4.0249999865  -0.0002611856  -0.0004482030  -0.0001626226
   4.0299999865  -0.0002734070  -0.0004467545  -0.0001717509
   4.0349999864  -0.0002783174  -0.0004479983  -0.0001704714
   4.0399999864  -0.0002759491  -0.0004531081  -0.0001603403
   4.0449999864  -0.0002683346  -0.0004621613  -0.0001453727
   4.0499999864  -0.0002588347  -0.0004741766  -0.0001307816
   4.0549999864  -0.0002511488  -0.0004874391  -0.0001214390
   4.0599999864  -0.0002483024  -0.0005000092  -0.0001205121
   4.0649999863  -0.0002518893  -0.0005102625  -0.0001286553
   4.0699999863  -0.0002617545  -0.0005173125  -0.0001439558
   4.0749999863  -0.0002761688  -0.0005212078  -0.0001626054
   4.0799999863  -0.0002924067  -0.0005228635  -0.0001800664
   4.0849999863  -0.0003075401  -0.0005237643  -0.0001923766
   4.0899999863  -0.0003192158  -0.0005255335  -0.0001972177
   4.0949999862  -0.0003262155  -0.0005294921  -0.0001944680
   4.0999999862  -0.0003286698  -0.0005363274  -0.0001861178
   4.1049999862  -0.0003279035  -0.0005459508  -0.0001756140
   4.1099999862  -0.0003259874  -0.0005575686  -0.0001668506
   4.1149999862  -0.0003251392  -0.0005699323  -0.0001631058
   4.1199999862  -0.0003271393  -0.0005816901  -0.0001662167
   4.1249999861  -0.0003329060  -0.0005917414  -0.0001761999
   4.1299999861  -0.0003423194  -0.0005995016  -0.0001913879
   4.1349999861  -0.0003543129  -0.0006050182  -0.0002090091
   4.1399999861  -0.0003671839  -0.0006089181  -0.0002260271
   4.1449999861  -0.0003790303  -0.0006122132  -0.0002399974
   4.1499999861  -0.0003881987  -0.0006160224  -0.0002497126
   4.1549999860  -0.0003936434  -0.0006212874  -0.0002554778
   4.1599999860  -0.0003951217  -0.0006285512  -0.0002589634
   4.1649999860  -0.0003932004  -0.0006378521  -0.0002626942
   4.1699999860  -0.0003890904  -0.0006487500  -0.0002693224
   4.1749999860  -0.0003843630  -0.0006604705  -0.0002808782
   4.1799999860  -0.0003806252  -0.0006721223  -0.0002981872
   4.1849999859  -0.0003792334  -0.0006829308  -0.0003205922
   4.1899999859  -0.0003811120  -0.0006924263  -0.0003460339
   4.1949999859  -0.0003867160  -0.0007005409  -0.0003714566
   4.1999999859  -0.0003961387  -0.0007075942  -0.0003934240
   4.2049999859  -0.0004093326  -0.0007141723  -0.0004087837
   4.2099999859  -0.0004263794  -0.0007209358  -0.0004152138
   4.2149999858  -0.0004477330  -0.0007284077  -0.0004115215
   4.2199999858  -0.0004743623  -0.0007367968  -0.0003976309
   4.2249999858  -0.0005077435  -0.0007459039  -0.0003742834
   4.2299999858  -0.0005496869  -0.0007551355  -0.0003425514
   4.2349999858  -0.0006020254  -0.0007636216  -0.0003033191
   4.2399999858  -0.0006662261  -0.0007704063  -0.0002568990
   4.2449999857  -0.0007430061  -0.0007746592  -0.0002029190
   4.2499999857  -0.0008320319  -0.0007758521  -0.0001405497
   4.2549999857  -0.0009317573  -0.0007738512  -0.0000690490
   4.2599999857  -0.0010394152  -0.0007689012   0.0000114837
   4.2649999857  -0.0011511362  -0.0007615080   0.0000993143
   4.2699999857  -0.0012621289  -0.0007522558   0.0001904304
   4.2749999856  -0.0013668470  -0.0007416153   0.0002782038
   4.2799999856  -0.0014590742  -0.0007298035   0.0003534441
   4.2849999856  -0.0015318940  -0.0007167411   0.0004048297
   4.2899999856  -0.0015775590  -0.0007021258   0.0004196108
   4.2949999856  -0.0015873181  -0.0006856037   0.0003844153
   4.2999999856  -0.0015512928  -0.0006669925   0.0002859751
   4.3049999855  -0.0014584969  -0.0006464893   0.0001116258
   4.3099999855  -0.0012970707  -0.0006247996  -0.0001504806
   4.3149999855  -0.0010547538  -0.0006031449  -0.0005114132
   4.3199999855  -0.0007195633  -0.0005831401  -0.0009816175
   4.3249999855  -0.0002805984  -0.0005665683  -0.0015710063
   4.3299999855   0.0002711393  -0.0005551144  -0.0022888010
   4.3349999854   0.0009420150  -0.0005501246  -0.0031430013
   4.3399999854   0.0017351941  -0.0005524560  -0.0041394586
   4.3449999854   0.0026502657  -0.0005624482  -0.0052806441
   4.3499999854   0.0036830288  -0.0005800129  -0.0065643003
   4.3549999854   0.0048253744  -0.0006047993  -0.0079822153
   4.3599999854   0.0060651886  -0.0006363708  -0.0095193487
   4.3649999853   0.0073862188  -0.0006743241  -0.0111534726
   4.3699999853   0.0087678918  -0.0007182999  -0.0128553815
   4.3749999853   0.0101851323  -0.0007678704  -0.0145896119
   4.3799999853   0.0116082735  -0.0008223256  -0.0163155184
   4.3849999853   0.0130031848  -0.0008804168  -0.0179885110
   4.3899999853   0.0143317260  -0.0009401305  -0.0195612742
   4.3949999852   0.0155525984  -0.0009985623  -0.0209848569
   4.3999999852   0.0166225973  -0.0010519350  -0.0222096206
   4.4049999852   0.0174981926  -0.0010957686  -0.0231861289
   4.4099999852   0.0181373127  -0.0011251712  -0.0238661272
   4.4149999852   0.0185011688  -0.0011351905  -0.0242037695
   4.4199999852   0.0185559694  -0.0011211540  -0.0241572032
   4.4249999851   0.0182744071  -0.0010789327  -0.0236905288
   4.4299999851   0.0176368634  -0.0010050917  -0.0227760353
   4.4349999851   0.0166323302  -0.0008969198  -0.0213965096
   4.4399999851   0.0152590953  -0.0007523694  -0.0195473511
   4.4449999851   0.0135252470  -0.0005699569  -0.0172382199
   4.4499999851   0.0114490429  -0.0003486842  -0.0144939911
   4.4549999850   0.0090591391  -0.0000880298  -0.0113548909
   4.4599999850   0.0063946322   0.0002119626  -0.0078757995
   4.4649999850   0.0035048194   0.0005505068  -0.0041248179
   4.4699999850   0.0004485653   0.0009258423  -0.0001812651
   4.4749999850  -0.0027068245   0.0013350063   0.0038666997
   4.4799999850  -0.0058872786   0.0017736747   0.0079246575
   4.4849999849  -0.0090141710   0.0022361256   0.0118945975
   4.4899999849  -0.0120069857   0.0027153588   0.0156776251
   4.4949999849  -0.0147862806   0.0032033693   0.0191767222
   4.4999999849  -0.0172767609   0.0036915444   0.0222995999
   4.5049999849  -0.0194102536   0.0041711266   0.0249616715
   4.5099999849  -0.0211283990   0.0046336732   0.0270891259
   4.5149999848  -0.0223849127   0.0050714501   0.0286220058
   4.5199999848  -0.0231473283   0.0054777124   0.0295171203
   4.5249999848  -0.0233981859   0.0058468549   0.0297505597
   4.5299999848  -0.0231356715   0.0061744470   0.0293195603
   4.5349999848  -0.0223737373   0.0064571882   0.0282434848
   4.5399999848  -0.0211417392   0.0066928380   0.0265637531
   4.5449999847  -0.0194836147   0.0068801676   0.0243426549
   4.5499999847  -0.0174566118   0.0070189678   0.0216610864
   4.5549999847  -0.0151295628   0.0071101209   0.0186153568
   4.5599999847  -0.0125806970   0.0071557137   0.0153132885
   4.5649999847  -0.0098950004   0.0071591492   0.0118698740
   4.5699999847  -0.0071611630   0.0071251987   0.0084027525
   4.5749999846  -0.0044682004   0.0070599423   0.0050277364
   4.5799999846  -0.0019018838   0.0069705635   0.0018545651
   4.5849999846   0.0004588357   0.0068649914  -0.0010169924
   4.5899999846   0.0025451993   0.0067514195  -0.0035006110
   4.5949999846   0.0043015848   0.0066377565  -0.0055264040
   4.5999999846   0.0056878214   0.0065310827  -0.0070433881
   4.6049999845   0.0066807146   0.0064371866  -0.0080213478
   4.6099999845   0.0072746839   0.0063602426  -0.0084520025
   4.6149999845   0.0074814919   0.0063026613  -0.0083493626
   4.6199999845   0.0073291148   0.0062651103  -0.0077491605
   4.6249999845   0.0068598663   0.0062466731  -0.0067072721
   4.6299999845   0.0061279319   0.0062450886  -0.0052971032
   4.6349999844   0.0051964851   0.0062570093  -0.0036060013
   4.6399999844   0.0041345559   0.0062782251  -0.0017308481
   4.6449999844   0.0030138006   0.0063038214   0.0002269165
   4.6499999844   0.0019052912   0.0063282696   0.0021665189
   4.6549999844   0.0008764174   0.0063454775   0.0039929674
   4.6599999844  -0.0000120202   0.0063488448   0.0056217093
   4.6649999843  -0.0007084518   0.0063313721   0.0069825324
   4.6699999843  -0.0011728244   0.0062858631   0.0080224959
   4.6749999843  -0.0013784266   0.0062052336   0.0087077804
   4.6799999843  -0.0013131285   0.0060829111   0.0090244434
   4.6849999843  -0.0009799156   0.0059132799   0.0089781533
   4.6899999843  -0.0003966157   0.0056921069   0.0085930230
   4.6949999842   0.0004052287   0.0054168786   0.0079096831
   4.6999999842   0.0013823229   0.0050869898   0.0069827294
   4.7049999842   0.0024823140   0.0047037509   0.0058776545
   4.7099999842   0.0036470328   0.0042702121   0.0046673558
   4.7149999842   0.0048160423   0.0037908389   0.0034283086
   4.7199999841   0.0059302211   0.0032710973   0.0022365111
   4.7249999841   0.0069351135   0.0027170224   0.0011633532
   4.7299999841   0.0077838226   0.0021348388   0.0002716075
   4.7349999841   0.0084392814   0.0015306830  -0.0003882050
   4.7399999841   0.0088758151   0.0009104481  -0.0007808029
   4.7449999841   0.0090799773   0.0002797381  -0.0008882233
   4.7499999840   0.0090506968  -0.0003561075  -0.0007107836
   4.7549999840   0.0087988068  -0.0009919736  -0.0002668136
   4.7599999840   0.0083460368  -0.0016229637   0.0004088412
   4.7649999840   0.0077235451  -0.0022444632   0.0012674163
   4.7699999840   0.0069700572  -0.0028522754   0.0022496913
   4.7749999840   0.0061296707  -0.0034428046   0.0032900132
   4.7799999839   0.0052493914  -0.0040132386   0.0043205459
   4.7849999839   0.0043764857  -0.0045616706   0.0052754259
   4.7899999839   0.0035557676  -0.0050871146   0.0060945619
   4.7949999839   0.0028269680  -0.0055893873   0.0067268832
   4.7999999839   0.0022223653  -0.0060688645   0.0071329221
   4.8049999839   0.0017648601  -0.0065261486   0.0072866705
   4.8099999838   0.0014666596  -0.0069617095   0.0071766958
   4.8149999838   0.0013286971  -0.0073755631   0.0068065145
   4.8199999838   0.0013408423  -0.0077670453   0.0061942246
   4.8249999838   0.0014828875  -0.0081347175   0.0053713995
   4.8299999838   0.0017262179  -0.0084764078   0.0043812541
   4.8349999838   0.0020360157  -0.0087893692   0.0032761235
   4.8399999837   0.0023738075  -0.0090705121   0.0021143441
   4.8449999837   0.0027001500  -0.0093166647   0.0009566856
   4.8499999837   0.0029772580  -0.0095248143  -0.0001374508
   4.8549999837   0.0031714032  -0.0096922971  -0.0011138048
   4.8599999837   0.0032549481  -0.0098169215  -0.0019267153
   4.8649999837   0.0032079175  -0.0098970259  -0.0025419874
   4.8699999836   0.0030190478  -0.0099314891  -0.0029389384
   4.8749999836   0.0026862858  -0.0099197150  -0.0031114652
   4.8799999836   0.0022167386  -0.0098616194  -0.0030680644
   4.8849999836   0.0016260984  -0.0097576367  -0.0028308322
   4.8899999836   0.0009375885  -0.0096087561  -0.0024335536
   4.8949999836   0.0001804936  -0.0094165839  -0.0019190621
   4.8999999835  -0.0006116445  -0.0091834129  -0.0013360953
   4.9049999835  -0.0014030718  -0.0089122764  -0.0007358910
   4.9099999835  -0.0021580010  -0.0086069555  -0.0001687709
   4.9149999835  -0.0028428049  -0.0082719182   0.0003190675
   4.9199999835  -0.0034280985  -0.0079121779   0.0006883621
   4.9249999835  -0.0038905784  -0.0075330749   0.0009090595
   4.9299999834  -0.0042144900  -0.0071400044   0.0009619527
   4.9349999834  -0.0043926058  -0.0067381258   0.0008396306
   4.9399999834  -0.0044266256  -0.0063320956   0.0005467193
   4.9449999834  -0.0043269481  -0.0059258657   0.0000994245
   4.9499999834  -0.0041118170  -0.0055225743  -0.0004755971
   4.9549999834  -0.0038059024  -0.0051245410  -0.0011429888
   4.9599999833  -0.0034384359  -0.0047333575  -0.0018609947
   4.9649999833  -0.0030410603  -0.0043500462  -0.0025842071
   4.9699999833  -0.0026455795  -0.0039752487  -0.0032666162
   4.9749999833  -0.0022817937  -0.0036094044  -0.0038647765
   4.9799999833  -0.0019755846  -0.0032528868  -0.0043408656
   4.9849999833  -0.0017473715  -0.0029060784  -0.0046653921
   4.9899999832  -0.0016110171  -0.0025693854  -0.0048193146
   4.9949999832  -0.0015732103  -0.0022432074  -0.0047953739
   4.9999999832  -0.0016333232  -0.0019278897  -0.0045985085
   5.0049999832  -0.0017837105  -0.0016236887  -0.0042453159
   5.0099999832  -0.0020104095  -0.0013307712  -0.0037626221
   5.0149999832  -0.0022941938  -0.0010492578  -0.0031853096
   5.0199999831  -0.0026119275  -0.0007793028  -0.0025536238
   5.0249999831  -0.0029381569  -0.0005211862  -0.0019102069
   5.0299999831  -0.0032468626  -0.0002753890  -0.0012971114
   5.0349999831  -0.0035132711  -0.0000426212  -0.0007530076
   5.0399999831  -0.0037156074   0.0001762149  -0.0003107567
   5.0449999831  -0.0038366568   0.0003801284   0.0000045375
   5.0499999830  -0.0038650042   0.0005681930   0.0001769302
   5.0549999830  -0.0037958428   0.0007397177   0.0002004558
   5.0599999830  -0.0036312752   0.0008943993   0.0000793509
   5.0649999830  -0.0033800809   0.0010324217  -0.0001723224
   5.0699999830  -0.0030569780   0.0011544830  -0.0005316486
   5.0749999830  -0.0026814511   0.0012617462  -0.0009683993
   5.0799999829  -0.0022762562   0.0013557280  -0.0014470853
   5.0849999829  -0.0018657333   0.0014381512  -0.0019294192
   5.0899999829  -0.0014740611   0.0015107890  -0.0023770368
   5.0949999829  -0.0011235800   0.0015753303  -0.0027542826
   5.0999999829  -0.0008332914   0.0016332801  -0.0030308364
   5.1049999829  -0.0006176243   0.0016859031  -0.0031839553
   5.1099999828  -0.0004855364   0.0017342058  -0.0032001345
   5.1149999828  -0.0004399972   0.0017789461  -0.0030760398
   5.1199999828  -0.0004778844   0.0018206584  -0.0028186393
   5.1249999828  -0.0005902947   0.0018596814  -0.0024445373
   5.1299999828  -0.0007632538   0.0018961820  -0.0019785872
   5.1349999828  -0.0009787738   0.0019301706  -0.0014519179
   5.1399999827  -0.0012161862   0.0019615082  -0.0008995494
   5.1449999827  -0.0014536516   0.0019899095  -0.0003577934
   5.1499999827  -0.0016697357   0.0020149477   0.0001383634
   5.1549999827  -0.0018449341   0.0020360693   0.0005577052
   5.1599999827  -0.0019630397   0.0020526252   0.0008748983
   5.1649999827  -0.0020122572   0.0020639232   0.0010721347
   5.1699999826  -0.0019859943   0.0020693033   0.0011402127
   5.1749999826  -0.0018832793   0.0020682280   0.0010790022
   5.1799999826  -0.0017087798   0.0020603786   0.0008972858
   5.1849999826  -0.0014724225   0.0020457376   0.0006120079
   5.1899999826  -0.0011886350   0.0020246420   0.0002470009
   5.1949999826  -0.0008752602   0.0019977917  -0.0001687171
   5.1999999825  -0.0005522177   0.0019662066  -0.0006029603
   5.2049999825  -0.0002400118   0.0019311370  -0.0010225858
   5.2099999825   0.0000417963   0.0018939425  -0.0013957678
   5.2149999825   0.0002760273   0.0018559609  -0.0016942021
   5.2199999825   0.0004491157   0.0018183922  -0.0018951020
   5.2249999825   0.0005520379   0.0017822188  -0.0019828470
   5.2299999824   0.0005808719   0.0017481705  -0.0019501499
   5.2349999824   0.0005369643   0.0017167350  -0.0017986282
   5.2399999824   0.0004267146   0.0016881997  -0.0015387024
   5.2449999824   0.0002610178   0.0016627042  -0.0011887980
   5.2499999824   0.0000544265   0.0016402831  -0.0007738992
   5.2549999824  -0.0001759021   0.0016208825  -0.0003235694
   5.2599999823  -0.0004114031   0.0016043442   0.0001303806
   5.2649999823  -0.0006333791   0.0015903659   0.0005563606
   5.2699999823  -0.0008242866   0.0015784523   0.0009253777
   5.2749999823  -0.0009689595   0.0015678802   0.0012131176
   5.2799999823  -0.0010556958   0.0015576988   0.0014015751
   5.2849999823  -0.0010771221   0.0015467759   0.0014801382
   5.2899999822  -0.0010307597   0.0015338919   0.0014460951
   5.2949999822  -0.0009192264   0.0015178672   0.0013045835
   5.2999999822  -0.0007500401   0.0014977014   0.0010680375
   5.3049999822  -0.0005350260   0.0014726959   0.0007552027
   5.3099999822  -0.0002893716   0.0014425371   0.0003897963
   5.3149999822  -0.0000304176   0.0014073251  -0.0000011121
   5.3199999821   0.0002237059   0.0013675459  -0.0003889207
   5.3249999821   0.0004554700   0.0013239992  -0.0007454286
   5.3299999821   0.0006492442   0.0012777001  -0.0010447753
   5.3349999821   0.0007924017   0.0012297782  -0.0012652662
   5.3399999821   0.0008761581   0.0011813923  -0.0013909469
   5.3449999821   0.0008961031   0.0011336713  -0.0014127956
   5.3499999820   0.0008524112   0.0010876815  -0.0013294177
   5.3549999820   0.0007497392   0.0010444106  -0.0011471672
   5.3599999820   0.0005968315   0.0010047574  -0.0008796681
   5.3649999820   0.0004058674   0.0009695123  -0.0005467676
   5.3699999820   0.0001915904   0.0009393226  -0.0001730049
   5.3749999820  -0.0000297277   0.0009146416   0.0002142763
   5.3799999819  -0.0002414291   0.0008956702   0.0005870110
   5.3849999819  -0.0004276452   0.0008823018   0.0009185260
   5.3899999819  -0.0005744264   0.0008740858   0.0011855133
   5.3949999819  -0.0006707450   0.0008702211   0.0013697150
   5.3999999819  -0.0007092966   0.0008695870   0.0014591988
   5.4049999818  -0.0006870361   0.0008708132   0.0014491353
   5.4099999818  -0.0006054069   0.0008723843   0.0013420307
   5.4149999818  -0.0004702424   0.0008727692   0.0011474115
   5.4199999818  -0.0002913463   0.0008705616   0.0008809996
   5.4249999818  -0.0000817770   0.0008646162   0.0005634557
   5.4299999818   0.0001431130   0.0008541625   0.0002187994
   5.4349999817   0.0003668184   0.0008388798  -0.0001273675
   5.4399999817   0.0005729215   0.0008189217  -0.0004497006
   5.4449999817   0.0007463386   0.0007948828  -0.0007248893
   5.4499999817   0.0008744755   0.0007677104  -0.0009332596
   5.4549999817   0.0009481934   0.0007385747  -0.0010601113
   5.4599999817   0.0009625010   0.0007087173  -0.0010967200
   5.4649999816   0.0009169098   0.0006793051  -0.0010409489
   5.4699999816   0.0008154189   0.0006513124  -0.0008974298
   5.4749999816   0.0006661377   0.0006254515  -0.0006772880
   5.4799999816   0.0004805888   0.0006021543  -0.0003974013
   5.4849999816   0.0002727666   0.0005815999  -0.0000792131
   5.4899999816   0.0000580454   0.0005637692   0.0002528460
   5.4949999815  -0.0001479648   0.0005485040   0.0005732293
   5.4999999815  -0.0003305229   0.0005355511   0.0008572951
   5.5049999815  -0.0004767523   0.0005245801   0.0010833031
   5.5099999815  -0.0005764755   0.0005151785   0.0012341951
   5.5149999815  -0.0006228565   0.0005068361   0.0012989843
   5.5199999815  -0.0006128310   0.0004989397   0.0012736104
   5.5249999814  -0.0005473090   0.0004907961   0.0011611844
   5.5299999814  -0.0004311365   0.0004816916   0.0009716114
   5.5349999814  -0.0002728030   0.0004709860   0.0007206518
   5.5399999814  -0.0000838902   0.0004582216   0.0004285344
   5.5449999814   0.0001217252   0.0004432219   0.0001182703
   5.5499999814   0.0003288784   0.0004261534  -0.0001861764
   5.5549999813   0.0005222653   0.0004075294  -0.0004617101
   5.5599999813   0.0006876411   0.0003881510  -0.0006877918
   5.5649999813   0.0008129565   0.0003689939  -0.0008478900
   5.5699999813   0.0008893219   0.0003510624  -0.0009306172
   5.5749999813   0.0009117006   0.0003352421  -0.0009304927
   5.5799999813   0.0008792673   0.0003221765  -0.0008482898
   5.5849999812   0.0007954008   0.0003121913  -0.0006909439
   5.5899999812   0.0006673268   0.0003052746  -0.0004710170
   5.5949999812   0.0005054564   0.0003011103  -0.0002057470
   5.5999999812   0.0003224932   0.0002991542   0.0000842627
   5.6049999812   0.0001323966   0.0002987323   0.0003766200
   5.6099999812  -0.0000507099   0.0002991443   0.0006488689
   5.6149999811  -0.0002135993   0.0002997543   0.0008802245
   5.6199999811  -0.0003448954   0.0003000560   0.0010531784
   5.6249999811  -0.0004358554   0.0002997059   0.0011548438
   5.6299999811  -0.0004809331   0.0002985221   0.0011779315
   5.6349999811  -0.0004780886   0.0002964525   0.0011212823
   5.6399999811  -0.0004288325   0.0002935208   0.0009899128
   5.6449999810  -0.0003380103   0.0002897625   0.0007945711
   5.6499999810  -0.0002133563   0.0002851658   0.0005508393
   5.6549999810  -0.0000648589   0.0002796335   0.0002778512
   5.6599999810   0.0000960049   0.0002729756  -0.0000032672
   5.6649999810   0.0002571093   0.0002649395  -0.0002711038
   5.6699999810   0.0004065341   0.0002552724  -0.0005056618
   5.6749999809   0.0005333862   0.0002438040  -0.0006899061
   5.6799999809   0.0006285440   0.0002305293  -0.0008110186
   5.6849999809   0.0006852860   0.0002156692  -0.0008612585
   5.6899999809   0.0006997705   0.0001996931  -0.0008383731
   5.6949999809   0.0006713293   0.0001832917  -0.0007455534
   5.6999999809   0.0006025434   0.0001673068  -0.0005909790
   5.7049999808   0.0004990754   0.0001526289  -0.0003870297
   5.7099999808   0.0003692516   0.0001400859  -0.0001492616
   5.7149999808   0.0002234076   0.0001303465   0.0001047559
   5.7199999808   0.0000730455   0.0001238532   0.0003566607
   5.7249999808  -0.0000701231   0.0001207956   0.0005885090
   5.7299999808  -0.0001951537   0.0001211174   0.0007839302
   5.7349999807  -0.0002927615   0.0001245472   0.0009291823
   5.7399999807  -0.0003560410   0.0001306341   0.0010140655
   5.7449999807  -0.0003809445   0.0001387762   0.0010326418
   5.7499999807  -0.0003664893   0.0001482357   0.0009837041
   5.7549999807  -0.0003146984   0.0001581435   0.0008709356
   5.7599999807  -0.0002303097   0.0001675065   0.0007027192
   5.7649999806  -0.0001203071   0.0001752350   0.0004915803
   5.7699999806   0.0000066666   0.0001802016   0.0002532878
   5.7749999806   0.0001409625   0.0001813389   0.0000056752
   5.7799999806   0.0002726005   0.0001777693  -0.0002327184
   5.7849999806   0.0003919349   0.0001689469  -0.0004440711
   5.7899999806   0.0004902858   0.0001547867  -0.0006126380
   5.7949999805   0.0005605128   0.0001357512  -0.0007259381
   5.7999999805   0.0005975027   0.0001128729  -0.0007756759
   5.8049999805   0.0005985404   0.0000876983  -0.0007583375
   5.8099999805   0.0005635301   0.0000621560  -0.0006754295
   5.8149999805   0.0004950381   0.0000383636  -0.0005333530
   5.8199999805   0.0003981398   0.0000183977  -0.0003429311
   5.8249999804   0.0002800733   0.0000040583  -0.0001186222
   5.8299999804   0.0001497159  -0.0000033411   0.0001225254
   5.8349999804   0.0000169218  -0.0000031314   0.0003621137
   5.8399999804  -0.0001082289   0.0000046265   0.0005817435
   5.8449999804  -0.0002162126   0.0000191401   0.0007643808
   5.8499999804  -0.0002988141   0.0000389664   0.0008956404
   5.8549999803  -0.0003497874   0.0000621686   0.0009648917
   5.8599999803  -0.0003653720   0.0000865292   0.0009661027
   5.8649999803  -0.0003446160   0.0001097925   0.0008983577
   5.8699999803  -0.0002894722   0.0001299063   0.0007660052
   5.8749999803  -0.0002046489   0.0001452297   0.0005784224
   5.8799999803  -0.0000972198   0.0001546806   0.0003494028
   5.8849999802   0.0000239789   0.0001578026   0.0000961980
   5.8899999802   0.0001491077   0.0001547484  -0.0001617314
   5.8949999802   0.0002681661   0.0001461877  -0.0004041819
   5.8999999802   0.0003718319   0.0001331619  -0.0006117927
   5.9049999802   0.0004522111   0.0001169151  -0.0007676304
   5.9099999802   0.0005034315   0.0000987318  -0.0008586418
   5.9149999801   0.0005220319   0.0000798043  -0.0008768333
   5.9199999801   0.0005071315   0.0000611448  -0.0008200511
   5.9249999801   0.0004603899   0.0000435420  -0.0006922648
   5.9299999801   0.0003857867   0.0000275553  -0.0005033029
   5.9349999801   0.0002892602   0.0000135320  -0.0002680529
   5.9399999801   0.0001782425   0.0000016350  -0.0000051964
   5.9449999800   0.0000611240  -0.0000081265   0.0002643920
   5.9499999800  -0.0000533284  -0.0000158653   0.0005194197
   5.9549999800  -0.0001565776  -0.0000217811   0.0007399465
   5.9599999800  -0.0002409210  -0.0000261151   0.0009089875
   5.9649999800  -0.0003000617  -0.0000290957   0.0010138125
   5.9699999800  -0.0003296039  -0.0000308784   0.0010468507
   5.9749999799  -0.0003274221  -0.0000314920   0.0010061558
   5.9799999799  -0.0002938617  -0.0000308060   0.0008954257
   5.9849999799  -0.0002317351  -0.0000285342   0.0007236043
   5.9899999799  -0.0001461039  -0.0000242822   0.0005041145
   5.9949999799  -0.0000438611  -0.0000176368   0.0002537901
