   0.0000000000   0.0000000000   0.0000000000   0.0000000000
   0.0050000000   0.0000000000   0.0000000000   0.0000000000
   0.0100000000   0.0000000000   0.0000000000   0.0000000000
   0.0149999999   0.0000000000   0.0000000000   0.0000000000
   0.0199999999   0.0000000000   0.0000000000   0.0000000000
   0.0249999999   0.0000000000   0.0000000000   0.0000000000
   0.0299999999   0.0000000000   0.0000000000   0.0000000000
   0.0349999999   0.0000000000   0.0000000000   0.0000000000
   0.0399999999   0.0000000000   0.0000000000   0.0000000000
   0.0449999998   0.0000000000   0.0000000000   0.0000000000
   0.0499999998   0.0000000000   0.0000000000   0.0000000000
   0.0549999998   0.0000000000   0.0000000000   0.0000000000
   0.0599999998   0.0000000000   0.0000000000   0.0000000000
   0.0649999998   0.0000000000   0.0000000000   0.0000000000
   0.0699999998   0.0000000000   0.0000000000   0.0000000000
   0.0749999997  -0.0000000000   0.0000000000  -0.0000000000
   0.0799999997  -0.0000000000   0.0000000000  -0.0000000000
   0.0849999997  -0.0000000000   0.0000000000  -0.0000000000
   0.0899999997  -0.0000000000   0.0000000000  -0.0000000000
   0.0949999997  -0.0000000000   0.0000000000  -0.0000000000
   0.0999999997  -0.0000000000   0.0000000000  -0.0000000000
   0.1049999996  -0.0000000000   0.0000000000  -0.0000000000
   0.1099999996  -0.0000000000   0.0000000000  -0.0000000000
   0.1149999996  -0.0000000000   0.0000000000  -0.0000000000
   0.1199999996   0.0000000000   0.0000000000   0.0000000000
   0.1249999996   0.0000000000  -0.0000000000   0.0000000000
   0.1299999996   0.0000000000  -0.0000000000   0.0000000000
   0.1349999995   0.0000000000  -0.0000000000   0.0000000000
   0.1399999995   0.0000000000  -0.0000000000   0.0000000000
   0.1449999995   0.0000000000  -0.0000000000   0.0000000000
   0.1499999995   0.0000000000  -0.0000000000   0.0000000000
   0.1549999995   0.0000000000  -0.0000000000   0.0000000000
   0.1599999995   0.0000000000  -0.0000000000   0.0000000000
   0.1649999994   0.0000000000  -0.0000000000   0.0000000000
   0.1699999994   0.0000000000  -0.0000000000   0.0000000000
   0.1749999994   0.0000000000  -0.0000000000   0.0000000000
   0.1799999994   0.0000000000  -0.0000000000   0.0000000000
   0.1849999994   0.0000000000  -0.0000000000   0.0000000000
   0.1899999994   0.0000000000  -0.0000000000   0.0000000000
   0.1949999993   0.0000000000  -0.0000000000   0.0000000000
   0.1999999993   0.0000000000  -0.0000000000   0.0000000000
   0.2049999993   0.0000000000  -0.0000000000   0.0000000000
   0.2099999993   0.0000000000  -0.0000000000   0.0000000000
   0.2149999993   0.0000000000  -0.0000000000   0.0000000000
   0.2199999993   0.0000000000  -0.0000000000   0.0000000000
   0.2249999992   0.0000000000  -0.0000000000   0.0000000000
   0.2299999992   0.0000000000  -0.0000000000   0.0000000000
   0.2349999992   0.0000000000  -0.0000000000   0.0000000000
   0.2399999992   0.0000000000  -0.0000000000   0.0000000000
   0.2449999992   0.0000000000  -0.0000000000   0.0000000000
   0.2499999992   0.0000000000  -0.0000000000   0.0000000000
   0.2549999991   0.0000000000  -0.0000000000   0.0000000000
   0.2599999991   0.0000000000  -0.0000000000   0.0000000000
   0.2649999991   0.0000000000  -0.0000000000   0.0000000000
   0.2699999991   0.0000000000  -0.0000000000   0.0000000000
   0.2749999991   0.0000000000  -0.0000000000   0.0000000000
   0.2799999991   0.0000000000  -0.0000000000   0.0000000000
   0.2849999990   0.0000000000  -0.0000000000   0.0000000000
   0.2899999990   0.0000000000  -0.0000000000   0.0000000000
   0.2949999990   0.0000000000  -0.0000000000   0.0000000000
   0.2999999990   0.0000000000  -0.0000000000   0.0000000000
   0.3049999990   0.0000000000  -0.0000000000   0.0000000000
   0.3099999990   0.0000000000  -0.0000000000   0.0000000000
   0.3149999989   0.0000000000  -0.0000000000   0.0000000000
   0.3199999989   0.0000000000  -0.0000000000   0.0000000000
   0.3249999989   0.0000000000  -0.0000000000   0.0000000000
   0.3299999989   0.0000000000  -0.0000000000   0.0000000000
   0.3349999989   0.0000000000  -0.0000000000   0.0000000000
   0.3399999989   0.0000000000  -0.0000000000   0.0000000000
   0.3449999988   0.0000000000  -0.0000000000   0.0000000000
   0.3499999988   0.0000000000  -0.0000000000   0.0000000000
   0.3549999988   0.0000000000  -0.0000000000   0.0000000000
   0.3599999988   0.0000000000  -0.0000000000   0.0000000000
   0.3649999988   0.0000000000  -0.0000000000   0.0000000000
   0.3699999988   0.0000000000  -0.0000000000   0.0000000000
   0.3749999987   0.0000000000  -0.0000000000   0.0000000000
   0.3799999987   0.0000000000   0.0000000000   0.0000000000
   0.3849999987   0.0000000000   0.0000000000   0.0000000000
   0.3899999987  -0.0000000000   0.0000000000  -0.0000000000
   0.3949999987  -0.0000000000   0.0000000000  -0.0000000000
   0.3999999987  -0.0000000000   0.0000000000  -0.0000000000
   0.4049999986  -0.0000000000   0.0000000000  -0.0000000000
   0.4099999986  -0.0000000000   0.0000000000  -0.0000000000
   0.4149999986  -0.0000000000   0.0000000000  -0.0000000000
   0.4199999986  -0.0000000000   0.0000000000  -0.0000000000
   0.4249999986  -0.0000000000   0.0000000000  -0.0000000000
   0.4299999986  -0.0000000000   0.0000000000  -0.0000000000
   0.4349999985  -0.0000000000   0.0000000000  -0.0000000000
   0.4399999985  -0.0000000000   0.0000000000  -0.0000000000
   0.4449999985  -0.0000000000   0.0000000000  -0.0000000000
   0.4499999985  -0.0000000000   0.0000000000  -0.0000000000
   0.4549999985  -0.0000000000   0.0000000000  -0.0000000000
   0.4599999985  -0.0000000000   0.0000000000  -0.0000000000
   0.4649999984  -0.0000000000   0.0000000000  -0.0000000000
   0.4699999984  -0.0000000000   0.0000000000  -0.0000000000
   0.4749999984  -0.0000000000   0.0000000000  -0.0000000000
   0.4799999984  -0.0000000000   0.0000000000  -0.0000000000
   0.4849999984  -0.0000000000   0.0000000000  -0.0000000000
   0.4899999984  -0.0000000000   0.0000000000  -0.0000000000
   0.4949999983  -0.0000000000   0.0000000000  -0.0000000000
   0.4999999983  -0.0000000000   0.0000000000  -0.0000000000
   0.5049999983  -0.0000000000   0.0000000000  -0.0000000000
   0.5099999983  -0.0000000000   0.0000000000  -0.0000000000
   0.5149999983  -0.0000000000   0.0000000000  -0.0000000000
   0.5199999983  -0.0000000000   0.0000000000  -0.0000000000
   0.5249999982  -0.0000000000   0.0000000000  -0.0000000000
   0.5299999982  -0.0000000000   0.0000000000  -0.0000000000
   0.5349999982  -0.0000000000   0.0000000000  -0.0000000000
   0.5399999982  -0.0000000000   0.0000000000  -0.0000000000
   0.5449999982  -0.0000000000   0.0000000000  -0.0000000000
   0.5499999982  -0.0000000000   0.0000000000  -0.0000000000
   0.5549999981  -0.0000000000   0.0000000000  -0.0000000000
   0.5599999981  -0.0000000000   0.0000000000  -0.0000000000
   0.5649999981  -0.0000000000   0.0000000000  -0.0000000000
   0.5699999981   0.0000000000   0.0000000000   0.0000000000
   0.5749999981   0.0000000000   0.0000000000   0.0000000000
   0.5799999981   0.0000000000   0.0000000000   0.0000000000
   0.5849999980   0.0000000000   0.0000000000   0.0000000000
   0.5899999980   0.0000000000   0.0000000000   0.0000000000
   0.5949999980   0.0000000000   0.0000000000   0.0000000000
   0.5999999980   0.0000000000   0.0000000000   0.0000000000
   0.6049999980   0.0000000000   0.0000000000   0.0000000000
   0.6099999980   0.0000000000   0.0000000000   0.0000000000
   0.6149999979   0.0000000000   0.0000000000   0.0000000000
   0.6199999979   0.0000000000   0.0000000000   0.0000000000
   0.6249999979   0.0000000000  -0.0000000000   0.0000000000
   0.6299999979   0.0000000000  -0.0000000000   0.0000000000
   0.6349999979   0.0000000000  -0.0000000000   0.0000000000
   0.6399999979   0.0000000000  -0.0000000000   0.0000000000
   0.6449999978  -0.0000000000  -0.0000000000  -0.0000000000
   0.6499999978  -0.0000000000  -0.0000000000  -0.0000000000
   0.6549999978  -0.0000000000  -0.0000000000  -0.0000000000
   0.6599999978  -0.0000000000  -0.0000000000  -0.0000000000
   0.6649999978  -0.0000000000  -0.0000000000  -0.0000000000
   0.6699999978  -0.0000000000  -0.0000000000  -0.0000000000
   0.6749999977  -0.0000000000  -0.0000000000  -0.0000000000
   0.6799999977  -0.0000000000  -0.0000000000  -0.0000000000
   0.6849999977  -0.0000000000  -0.0000000000  -0.0000000000
   0.6899999977  -0.0000000000   0.0000000000  -0.0000000000
   0.6949999977   0.0000000000   0.0000000000   0.0000000000
   0.6999999976   0.0000000000   0.0000000000   0.0000000000
   0.7049999976   0.0000000000   0.0000000000   0.0000000000
   0.7099999976   0.0000000000   0.0000000000   0.0000000000
   0.7149999976   0.0000000000   0.0000000000   0.0000000000
   0.7199999976   0.0000000000   0.0000000000   0.0000000000
   0.7249999976   0.0000000000   0.0000000000   0.0000000000
   0.7299999975   0.0000000000   0.0000000000   0.0000000000
   0.7349999975   0.0000000000   0.0000000000   0.0000000000
   0.7399999975   0.0000000000   0.0000000000   0.0000000000
   0.7449999975   0.0000000000   0.0000000000   0.0000000000
   0.7499999975   0.0000000000   0.0000000000   0.0000000000
   0.7549999975   0.0000000000   0.0000000000   0.0000000000
   0.7599999974   0.0000000000   0.0000000000   0.0000000000
   0.7649999974   0.0000000000   0.0000000000   0.0000000000
   0.7699999974   0.0000000000   0.0000000000   0.0000000000
   0.7749999974   0.0000000000   0.0000000000   0.0000000000
   0.7799999974   0.0000000000   0.0000000000   0.0000000000
   0.7849999974   0.0000000000   0.0000000000   0.0000000000
   0.7899999973   0.0000000000   0.0000000000   0.0000000000
   0.7949999973   0.0000000000   0.0000000000   0.0000000000
   0.7999999973   0.0000000000   0.0000000000   0.0000000000
   0.8049999973   0.0000000000   0.0000000000   0.0000000000
   0.8099999973   0.0000000000   0.0000000000   0.0000000000
   0.8149999973   0.0000000000   0.0000000000   0.0000000000
   0.8199999972   0.0000000000   0.0000000000   0.0000000000
   0.8249999972   0.0000000000   0.0000000000   0.0000000000
   0.8299999972   0.0000000000   0.0000000000   0.0000000000
   0.8349999972   0.0000000000   0.0000000000   0.0000000000
   0.8399999972   0.0000000000   0.0000000000   0.0000000000
   0.8449999972   0.0000000000   0.0000000000   0.0000000000
   0.8499999971   0.0000000000   0.0000000000   0.0000000000
   0.8549999971   0.0000000000   0.0000000000   0.0000000000
   0.8599999971   0.0000000000   0.0000000000   0.0000000000
   0.8649999971   0.0000000000   0.0000000000   0.0000000000
   0.8699999971   0.0000000000   0.0000000000   0.0000000000
   0.8749999971   0.0000000000   0.0000000000   0.0000000000
   0.8799999970   0.0000000000   0.0000000000   0.0000000000
   0.8849999970   0.0000000000   0.0000000000   0.0000000000
   0.8899999970   0.0000000000   0.0000000000   0.0000000000
   0.8949999970   0.0000000000   0.0000000000   0.0000000000
   0.8999999970   0.0000000000   0.0000000000   0.0000000000
   0.9049999970   0.0000000000   0.0000000000   0.0000000000
   0.9099999969   0.0000000000   0.0000000000   0.0000000000
   0.9149999969   0.0000000000   0.0000000000   0.0000000000
   0.9199999969   0.0000000000   0.0000000000   0.0000000000
   0.9249999969   0.0000000000   0.0000000000   0.0000000000
   0.9299999969   0.0000000000   0.0000000000   0.0000000000
   0.9349999969   0.0000000000   0.0000000000   0.0000000000
   0.9399999968   0.0000000000   0.0000000000   0.0000000000
   0.9449999968   0.0000000000   0.0000000000   0.0000000000
   0.9499999968   0.0000000000   0.0000000000   0.0000000000
   0.9549999968   0.0000000000   0.0000000000   0.0000000000
   0.9599999968   0.0000000000   0.0000000000   0.0000000000
   0.9649999968   0.0000000000   0.0000000000   0.0000000000
   0.9699999967   0.0000000000   0.0000000000   0.0000000000
   0.9749999967   0.0000000000   0.0000000000   0.0000000000
   0.9799999967   0.0000000000   0.0000000000   0.0000000000
   0.9849999967   0.0000000000   0.0000000000   0.0000000000
   0.9899999967   0.0000000000   0.0000000000   0.0000000000
   0.9949999967   0.0000000000   0.0000000000   0.0000000000
   0.9999999966  -0.0000000000   0.0000000000   0.0000000000
   1.0049999966  -0.0000000000  -0.0000000000  -0.0000000000
   1.0099999966  -0.0000000000  -0.0000000000  -0.0000000000
   1.0149999966  -0.0000000000  -0.0000000000  -0.0000000000
   1.0199999966  -0.0000000000  -0.0000000000  -0.0000000000
   1.0249999966  -0.0000000000  -0.0000000000  -0.0000000000
   1.0299999965  -0.0000000000  -0.0000000000  -0.0000000000
   1.0349999965  -0.0000000000  -0.0000000000  -0.0000000000
   1.0399999965  -0.0000000000  -0.0000000000  -0.0000000000
   1.0449999965  -0.0000000000  -0.0000000000  -0.0000000000
   1.0499999965  -0.0000000000  -0.0000000000  -0.0000000000
   1.0549999965  -0.0000000000  -0.0000000000  -0.0000000000
   1.0599999964  -0.0000000000  -0.0000000000  -0.0000000000
   1.0649999964  -0.0000000000  -0.0000000000  -0.0000000000
   1.0699999964  -0.0000000000  -0.0000000000  -0.0000000000
   1.0749999964   0.0000000000  -0.0000000000  -0.0000000000
   1.0799999964   0.0000000000   0.0000000000   0.0000000000
   1.0849999964   0.0000000000   0.0000000000   0.0000000000
   1.0899999963   0.0000000000   0.0000000000   0.0000000000
   1.0949999963   0.0000000000   0.0000000000   0.0000000000
   1.0999999963   0.0000000000   0.0000000000   0.0000000000
   1.1049999963   0.0000000000   0.0000000000   0.0000000000
   1.1099999963   0.0000000000   0.0000000000   0.0000000000
   1.1149999963   0.0000000000   0.0000000000   0.0000000000
   1.1199999962   0.0000000000   0.0000000000   0.0000000000
   1.1249999962   0.0000000000   0.0000000000   0.0000000000
   1.1299999962   0.0000000000   0.0000000000   0.0000000000
   1.1349999962  -0.0000000000   0.0000000000   0.0000000000
   1.1399999962  -0.0000000000  -0.0000000000  -0.0000000000
   1.1449999962  -0.0000000000  -0.0000000000  -0.0000000000
   1.1499999961  -0.0000000000  -0.0000000000  -0.0000000000
   1.1549999961  -0.0000000000  -0.0000000000  -0.0000000000
   1.1599999961  -0.0000000000  -0.0000000000  -0.0000000000
   1.1649999961  -0.0000000000  -0.0000000000  -0.0000000000
   1.1699999961  -0.0000000000  -0.0000000000  -0.0000000000
   1.1749999961  -0.0000000000  -0.0000000000  -0.0000000000
   1.1799999960  -0.0000000000  -0.0000000000  -0.0000000000
   1.1849999960  -0.0000000000  -0.0000000000  -0.0000000000
   1.1899999960  -0.0000000000  -0.0000000000  -0.0000000000
   1.1949999960   0.0000000000   0.0000000000   0.0000000000
   1.1999999960   0.0000000000   0.0000000000   0.0000000000
   1.2049999960   0.0000000000   0.0000000000   0.0000000000
   1.2099999959   0.0000000000   0.0000000000   0.0000000000
   1.2149999959   0.0000000000   0.0000000000   0.0000000000
   1.2199999959   0.0000000000   0.0000000000   0.0000000000
   1.2249999959   0.0000000000   0.0000000000   0.0000000000
   1.2299999959   0.0000000000   0.0000000000   0.0000000000
   1.2349999959   0.0000000000   0.0000000000   0.0000000000
   1.2399999958   0.0000000000   0.0000000000   0.0000000000
   1.2449999958  -0.0000000000   0.0000000000   0.0000000000
   1.2499999958  -0.0000000000  -0.0000000000  -0.0000000000
   1.2549999958  -0.0000000000  -0.0000000000  -0.0000000000
   1.2599999958  -0.0000000000  -0.0000000000  -0.0000000000
   1.2649999958  -0.0000000000  -0.0000000000  -0.0000000000
   1.2699999957  -0.0000000000  -0.0000000000  -0.0000000000
   1.2749999957  -0.0000000000  -0.0000000000  -0.0000000000
   1.2799999957  -0.0000000000  -0.0000000000  -0.0000000000
   1.2849999957  -0.0000000000  -0.0000000000  -0.0000000000
   1.2899999957   0.0000000000  -0.0000000000  -0.0000000000
   1.2949999957   0.0000000000   0.0000000000   0.0000000000
   1.2999999956   0.0000000000   0.0000000000   0.0000000000
   1.3049999956   0.0000000000   0.0000000000   0.0000000000
   1.3099999956   0.0000000000   0.0000000000   0.0000000000
   1.3149999956   0.0000000000   0.0000000000   0.0000000000
   1.3199999956   0.0000000000   0.0000000000   0.0000000000
   1.3249999956   0.0000000000   0.0000000000   0.0000000000
   1.3299999955   0.0000000000   0.0000000000   0.0000000000
   1.3349999955   0.0000000000   0.0000000000   0.0000000000
   1.3399999955  -0.0000000000   0.0000000000  -0.0000000000
   1.3449999955  -0.0000000000  -0.0000000000  -0.0000000000
   1.3499999955  -0.0000000000  -0.0000000000  -0.0000000000
   1.3549999954  -0.0000000000  -0.0000000000  -0.0000000000
   1.3599999954  -0.0000000000  -0.0000000000  -0.0000000000
   1.3649999954  -0.0000000000  -0.0000000000  -0.0000000000
   1.3699999954  -0.0000000000  -0.0000000000  -0.0000000000
   1.3749999954  -0.0000000000  -0.0000000000  -0.0000000000
   1.3799999954   0.0000000000  -0.0000000000  -0.0000000000
   1.3849999953   0.0000000000   0.0000000000   0.0000000000
   1.3899999953   0.0000000000   0.0000000000   0.0000000000
   1.3949999953   0.0000000000   0.0000000000   0.0000000000
   1.3999999953   0.0000000000   0.0000000000   0.0000000000
   1.4049999953   0.0000000000   0.0000000000   0.0000000000
   1.4099999953   0.0000000000   0.0000000000   0.0000000000
   1.4149999952   0.0000000000   0.0000000000   0.0000000000
   1.4199999952  -0.0000000000   0.0000000000   0.0000000000
   1.4249999952  -0.0000000000   0.0000000000  -0.0000000000
   1.4299999952  -0.0000000000  -0.0000000000  -0.0000000000
   1.4349999952  -0.0000000000  -0.0000000000  -0.0000000000
   1.4399999952  -0.0000000000  -0.0000000000  -0.0000000000
   1.4449999951  -0.0000000000  -0.0000000000  -0.0000000000
   1.4499999951  -0.0000000000  -0.0000000000  -0.0000000000
   1.4549999951  -0.0000000000  -0.0000000000  -0.0000000000
   1.4599999951   0.0000000000  -0.0000000000  -0.0000000000
   1.4649999951   0.0000000000   0.0000000000   0.0000000000
   1.4699999951   0.0000000000   0.0000000000   0.0000000000
   1.4749999950   0.0000000000   0.0000000000   0.0000000000
   1.4799999950   0.0000000000   0.0000000000   0.0000000000
   1.4849999950   0.0000000000   0.0000000000   0.0000000000
   1.4899999950   0.0000000000   0.0000000000   0.0000000000
   1.4949999950   0.0000000000   0.0000000000   0.0000000000
   1.4999999950  -0.0000000000   0.0000000000   0.0000000000
   1.5049999949  -0.0000000000  -0.0000000000  -0.0000000000
   1.5099999949  -0.0000000000  -0.0000000000  -0.0000000000
   1.5149999949  -0.0000000000  -0.0000000000  -0.0000000001
   1.5199999949  -0.0000000000  -0.0000000000  -0.0000000001
   1.5249999949  -0.0000000000  -0.0000000000  -0.0000000001
   1.5299999949  -0.0000000000  -0.0000000000  -0.0000000000
   1.5349999948   0.0000000000  -0.0000000000  -0.0000000000
   1.5399999948   0.0000000000  -0.0000000000   0.0000000000
   1.5449999948   0.0000000000   0.0000000000   0.0000000000
   1.5499999948   0.0000000000   0.0000000000   0.0000000001
   1.5549999948   0.0000000000   0.0000000000   0.0000000001
   1.5599999948   0.0000000000   0.0000000000   0.0000000001
   1.5649999947   0.0000000000   0.0000000000   0.0000000000
   1.5699999947  -0.0000000000   0.0000000000   0.0000000000
   1.5749999947  -0.0000000000   0.0000000000  -0.0000000000
   1.5799999947  -0.0000000000  -0.0000000000  -0.0000000000
   1.5849999947  -0.0000000000  -0.0000000000  -0.0000000000
   1.5899999947  -0.0000000000  -0.0000000000  -0.0000000001
   1.5949999946  -0.0000000000  -0.0000000000  -0.0000000001
   1.5999999946  -0.0000000000  -0.0000000000  -0.0000000000
   1.6049999946  -0.0000000000  -0.0000000000  -0.0000000000
   1.6099999946   0.0000000000  -0.0000000000  -0.0000000000
   1.6149999946   0.0000000000   0.0000000000   0.0000000000
   1.6199999946   0.0000000000   0.0000000000   0.0000000000
   1.6249999945   0.0000000000   0.0000000000   0.0000000000
   1.6299999945   0.0000000000   0.0000000000   0.0000000000
   1.6349999945   0.0000000000   0.0000000000   0.0000000000
   1.6399999945   0.0000000000   0.0000000000   0.0000000000
   1.6449999945   0.0000000000  -0.0000000000  -0.0000000000
   1.6499999945   0.0000000001  -0.0000000000  -0.0000000000
   1.6549999944   0.0000000001  -0.0000000000  -0.0000000000
   1.6599999944   0.0000000001  -0.0000000000  -0.0000000000
   1.6649999944   0.0000000001  -0.0000000000  -0.0000000000
   1.6699999944   0.0000000001  -0.0000000000  -0.0000000000
   1.6749999944   0.0000000000  -0.0000000000  -0.0000000000
   1.6799999944  -0.0000000001   0.0000000000   0.0000000000
   1.6849999943  -0.0000000003   0.0000000001   0.0000000001
   1.6899999943  -0.0000000004   0.0000000001   0.0000000002
   1.6949999943  -0.0000000006   0.0000000002   0.0000000003
   1.6999999943  -0.0000000008   0.0000000003   0.0000000004
   1.7049999943  -0.0000000009   0.0000000003   0.0000000005
   1.7099999943  -0.0000000009   0.0000000004   0.0000000005
   1.7149999942  -0.0000000008   0.0000000004   0.0000000005
   1.7199999942  -0.0000000005   0.0000000004   0.0000000004
   1.7249999942  -0.0000000000   0.0000000002   0.0000000001
   1.7299999942   0.0000000007  -0.0000000001  -0.0000000004
   1.7349999942   0.0000000015  -0.0000000004  -0.0000000010
   1.7399999942   0.0000000025  -0.0000000009  -0.0000000017
   1.7449999941   0.0000000035  -0.0000000015  -0.0000000024
   1.7499999941   0.0000000045  -0.0000000020  -0.0000000030
   1.7549999941   0.0000000052  -0.0000000025  -0.0000000034
   1.7599999941   0.0000000054  -0.0000000027  -0.0000000034
   1.7649999941   0.0000000050  -0.0000000026  -0.0000000029
   1.7699999941   0.0000000039  -0.0000000022  -0.0000000018
   1.7749999940   0.0000000018  -0.0000000013  -0.0000000001
   1.7799999940  -0.0000000011   0.0000000001   0.0000000022
   1.7849999940  -0.0000000048   0.0000000019   0.0000000048
   1.7899999940  -0.0000000089   0.0000000039   0.0000000075
   1.7949999940  -0.0000000130   0.0000000059   0.0000000099
   1.7999999940  -0.0000000165   0.0000000077   0.0000000115
   1.8049999939  -0.0000000187   0.0000000089   0.0000000121
   1.8099999939  -0.0000000191   0.0000000093   0.0000000112
   1.8149999939  -0.0000000171   0.0000000087   0.0000000087
   1.8199999939  -0.0000000125   0.0000000068   0.0000000047
   1.8249999939  -0.0000000054   0.0000000037  -0.0000000008
   1.8299999939   0.0000000036  -0.0000000004  -0.0000000071
   1.8349999938   0.0000000137  -0.0000000052  -0.0000000136
   1.8399999938   0.0000000237  -0.0000000101  -0.0000000194
   1.8449999938   0.0000000321  -0.0000000146  -0.0000000236
   1.8499999938   0.0000000375  -0.0000000180  -0.0000000255
   1.8549999938   0.0000000388  -0.0000000197  -0.0000000243
   1.8599999938   0.0000000351  -0.0000000191  -0.0000000199
   1.8649999937   0.0000000266  -0.0000000160  -0.0000000125
   1.8699999937   0.0000000137  -0.0000000107  -0.0000000027
   1.8749999937  -0.0000000019  -0.0000000034   0.0000000083
   1.8799999937  -0.0000000183   0.0000000049   0.0000000191
   1.8849999937  -0.0000000331   0.0000000132   0.0000000280
   1.8899999937  -0.0000000440   0.0000000203   0.0000000336
   1.8949999936  -0.0000000490   0.0000000252   0.0000000346
   1.8999999936  -0.0000000471   0.0000000268   0.0000000306
   1.9049999936  -0.0000000380   0.0000000248   0.0000000218
   1.9099999936  -0.0000000230   0.0000000192   0.0000000093
   1.9149999936  -0.0000000041   0.0000000107  -0.0000000049
   1.9199999936   0.0000000157   0.0000000004  -0.0000000187
   1.9249999935   0.0000000330  -0.0000000100  -0.0000000296
   1.9299999935   0.0000000447  -0.0000000189  -0.0000000355
   1.9349999935   0.0000000486  -0.0000000246  -0.0000000350
   1.9399999935   0.0000000436  -0.0000000260  -0.0000000278
   1.9449999935   0.0000000301  -0.0000000229  -0.0000000150
   1.9499999935   0.0000000103  -0.0000000155   0.0000000015
   1.9549999934  -0.0000000125  -0.0000000052   0.0000000185
   1.9599999934  -0.0000000341   0.0000000064   0.0000000328
   1.9649999934  -0.0000000504   0.0000000169   0.0000000413
   1.9699999934  -0.0000000578   0.0000000243   0.0000000420
   1.9749999934  -0.0000000545   0.0000000271   0.0000000342
   1.9799999934  -0.0000000403   0.0000000244   0.0000000189
   1.9849999933  -0.0000000173   0.0000000165  -0.0000000015
   1.9899999933   0.0000000108   0.0000000047  -0.0000000231
   1.9949999933   0.0000000390  -0.0000000088  -0.0000000417
   1.9999999933   0.0000000618  -0.0000000214  -0.0000000536
   2.0049999933   0.0000000749  -0.0000000308  -0.0000000559
   2.0099999933   0.0000000753  -0.0000000348  -0.0000000480
   2.0149999932   0.0000000623  -0.0000000326  -0.0000000309
   2.0199999932   0.0000000380  -0.0000000244  -0.0000000077
   2.0249999932   0.0000000066  -0.0000000115   0.0000000171
   2.0299999932  -0.0000000264   0.0000000037   0.0000000388
   2.0349999932  -0.0000000549   0.0000000183   0.0000000531
   2.0399999931  -0.0000000736   0.0000000298   0.0000000573
   2.0449999931  -0.0000000792   0.0000000359   0.0000000509
   2.0499999931  -0.0000000710   0.0000000359   0.0000000355
   2.0549999931  -0.0000000509   0.0000000299   0.0000000146
   2.0599999931  -0.0000000232   0.0000000194  -0.0000000072
   2.0649999931   0.0000000065   0.0000000066  -0.0000000253
   2.0699999930   0.0000000324  -0.0000000059  -0.0000000362
   2.0749999930   0.0000000498  -0.0000000160  -0.0000000383
   2.0799999930   0.0000000562  -0.0000000220  -0.0000000320
   2.0849999930   0.0000000515  -0.0000000235  -0.0000000200
   2.0899999930   0.0000000382  -0.0000000210  -0.0000000061
   2.0949999930   0.0000000204  -0.0000000160   0.0000000057
   2.0999999929   0.0000000029  -0.0000000102   0.0000000123
   2.1049999929  -0.0000000105  -0.0000000050   0.0000000124
   2.1099999929  -0.0000000172  -0.0000000015   0.0000000068
   2.1149999929  -0.0000000174   0.0000000001  -0.0000000019
   2.1199999929  -0.0000000129   0.0000000005  -0.0000000098
   2.1249999929  -0.0000000071   0.0000000008  -0.0000000132
   2.1299999928  -0.0000000035   0.0000000023  -0.0000000097
   2.1349999928  -0.0000000046   0.0000000057   0.0000000007
   2.1399999928  -0.0000000108   0.0000000109   0.0000000157
   2.1449999928  -0.0000000203   0.0000000167   0.0000000309
   2.1499999928  -0.0000000295   0.0000000216   0.0000000411
   2.1549999928  -0.0000000341   0.0000000233   0.0000000418
   2.1599999927  -0.0000000305   0.0000000204   0.0000000309
   2.1649999927  -0.0000000178   0.0000000125   0.0000000098
   2.1699999927   0.0000000019   0.0000000007  -0.0000000164
   2.1749999927   0.0000000227  -0.0000000123  -0.0000000397
   2.1799999927   0.0000000364  -0.0000000223  -0.0000000507
   2.1849999927   0.0000000341  -0.0000000249  -0.0000000413
   2.1899999926   0.0000000082  -0.0000000162  -0.0000000062
   2.1949999926  -0.0000000451   0.0000000062   0.0000000555
   2.1999999926  -0.0000001254   0.0000000427   0.0000001399
   2.2049999926  -0.0000002276   0.0000000913   0.0000002398
   2.2099999926  -0.0000003444   0.0000001490   0.0000003476
   2.2149999926  -0.0000004689   0.0000002125   0.0000004585
   2.2199999925  -0.0000005984   0.0000002801   0.0000005736
   2.2249999925  -0.0000007373   0.0000003532   0.0000007027
   2.2299999925  -0.0000008991   0.0000004372   0.0000008644
   2.2349999925  -0.0000011060   0.0000005422   0.0000010850
   2.2399999925  -0.0000013865   0.0000006813   0.0000013944
   2.2449999925  -0.0000017707   0.0000008696   0.0000018218
   2.2499999924  -0.0000022853   0.0000011215   0.0000023910
   2.2549999924  -0.0000029486   0.0000014483   0.0000031158
   2.2599999924  -0.0000037671   0.0000018563   0.0000039993
   2.2649999924  -0.0000047349   0.0000023460   0.0000050342
   2.2699999924  -0.0000058357   0.0000029122   0.0000062059
   2.2749999924  -0.0000070472   0.0000035457   0.0000074974
   2.2799999923  -0.0000083469   0.0000042350   0.0000088939
   2.2849999923  -0.0000097164   0.0000049693   0.0000103850
   2.2899999923  -0.0000111443   0.0000057392   0.0000119649
   2.2949999923  -0.0000126251   0.0000065371   0.0000136289
   2.2999999923  -0.0000141547   0.0000073562   0.0000153660
   2.3049999923  -0.0000157227   0.0000081871   0.0000171513
   2.3099999922  -0.0000173044   0.0000090147   0.0000189379
   2.3149999922  -0.0000188533   0.0000098141   0.0000206533
   2.3199999922  -0.0000202974   0.0000105490   0.0000221995
   2.3249999922  -0.0000215405   0.0000111706   0.0000234609
   2.3299999922  -0.0000224691   0.0000116202   0.0000243170
   2.3349999922  -0.0000229636   0.0000118335   0.0000246589
   2.3399999921  -0.0000229119   0.0000117472   0.0000244067
   2.3449999921  -0.0000222236   0.0000113053   0.0000235229
   2.3499999921  -0.0000208403   0.0000104662   0.0000220191
   2.3549999921  -0.0000187430   0.0000092078   0.0000199528
   2.3599999921  -0.0000159550   0.0000075315   0.0000174149
   2.3649999921  -0.0000125417   0.0000054641   0.0000145076
   2.3699999920  -0.0000086100   0.0000030599   0.0000113182
   2.3749999920  -0.0000043095   0.0000004025   0.0000078924
   2.3799999920   0.0000001642  -0.0000023925   0.0000042133
   2.3849999920   0.0000045643  -0.0000051753   0.0000001923
   2.3899999920   0.0000085905  -0.0000077600  -0.0000043248
   2.3949999920   0.0000118947  -0.0000099285  -0.0000095322
   2.3999999919   0.0000141042  -0.0000114415  -0.0000156185
   2.4049999919   0.0000148666  -0.0000120632  -0.0000227007
   2.4099999919   0.0000139225  -0.0000115990  -0.0000307425
   2.4149999919   0.0000112015  -0.0000099502  -0.0000394602
   2.4199999919   0.0000069324  -0.0000071787  -0.0000482283
   2.4249999919   0.0000017501  -0.0000035749  -0.0000559961
   2.4299999918  -0.0000032278   0.0000002840  -0.0000612377
   2.4349999918  -0.0000063836   0.0000035030  -0.0000619572
   2.4399999918  -0.0000056724   0.0000048846  -0.0000557818
   2.4449999918   0.0000011883   0.0000030080  -0.0000401704
   2.4499999918   0.0000163968  -0.0000036125  -0.0000127652
   2.4549999918   0.0000416127  -0.0000162826   0.0000280990
   2.4599999917   0.0000773879  -0.0000358007   0.0000827327
   2.4649999917   0.0001225245  -0.0000620637   0.0001493081
   2.4699999917   0.0001734206  -0.0000936375   0.0002230183
   2.4749999917   0.0002234844  -0.0001273372   0.0002952760
   2.4799999917   0.0002627104  -0.0001578738   0.0003530778
   2.4849999917   0.0002775149  -0.0001776332   0.0003786785
   2.4899999916   0.0002509234  -0.0001766529   0.0003497183
   2.4949999916   0.0001631819  -0.0001428576   0.0002399276
   2.4999999916  -0.0000071662  -0.0000625988   0.0000204856
   2.5049999916  -0.0002817416   0.0000784842  -0.0003379570
   2.5099999916  -0.0006803875   0.0002942934  -0.0008626642
   2.5149999916  -0.0012189441   0.0005968480  -0.0015757778
   2.5199999915  -0.0019069174   0.0009947019  -0.0024911098
   2.5249999915  -0.0027452697   0.0014913436  -0.0036110877
   2.5299999915  -0.0037245932   0.0020837436  -0.0049242166
   2.5349999915  -0.0048239273   0.0027612391  -0.0064034193
   2.5399999915  -0.0060104577   0.0035049355  -0.0080055709
   2.5449999915  -0.0072402650   0.0042877810  -0.0096724478
   2.5499999914  -0.0084601962   0.0050754162  -0.0113331814
   2.5549999914  -0.0096108090   0.0058278271  -0.0129081430
   2.5599999914  -0.0106302052   0.0065017385  -0.0143140171
   2.5649999914  -0.0114584437   0.0070535945  -0.0154696605
   2.5699999914  -0.0120421234   0.0074428791  -0.0163022205
   2.5749999914  -0.0123386691   0.0076354695  -0.0167529092
   2.5799999913  -0.0123198535   0.0076066781  -0.0167818292
   2.5849999913  -0.0119741546   0.0073436446  -0.0163713140
   2.5899999913  -0.0113076628   0.0068467944  -0.0155273894
   2.5949999913  -0.0103434256   0.0061301681  -0.0142791638
   2.5999999913  -0.0091193005   0.0052205526  -0.0126761936
   2.6049999913  -0.0076845794   0.0041554802  -0.0107841156
   2.6099999912  -0.0060957964   0.0029803015  -0.0086790542
   2.6149999912  -0.0044122354   0.0017446503  -0.0064414709
   2.6199999912  -0.0026916776   0.0004986921  -0.0041501903
   2.6249999912  -0.0009868769  -0.0007104267  -0.0018773056
   2.6299999912   0.0006568694  -0.0018415485   0.0003154694
   2.6349999912   0.0022028688  -0.0028615965   0.0023786618
   2.6399999911   0.0036229137  -0.0037466214   0.0042750503
   2.6449999911   0.0048961101  -0.0044817853   0.0059780602
   2.6499999911   0.0060070268  -0.0050604140   0.0074690310
   2.6549999911   0.0069436372  -0.0054823758   0.0087340299
   2.6599999911   0.0076955417  -0.0057521333   0.0097609461
   2.6649999911   0.0082528877  -0.0058768356   0.0105375394
   2.6699999910   0.0086062655  -0.0058647942   0.0110509265
   2.6749999910   0.0087476601  -0.0057245886   0.0112887034
   2.6799999910   0.0086723252  -0.0054649231   0.0112415685
   2.6849999910   0.0083812454  -0.0050951992   0.0109069881
   2.6899999910   0.0078837022  -0.0046266223   0.0102931867
   2.6949999909   0.0071993895  -0.0040735451   0.0094226136
   2.6999999909   0.0063595431  -0.0034546770   0.0083340460
   2.7049999909   0.0054066729  -0.0027937956   0.0070826642
   2.7099999909   0.0043926809  -0.0021196529   0.0057377327
   2.7149999909   0.0033754035  -0.0014649036   0.0043779145
   2.7199999909   0.0024138840  -0.0008640437   0.0030846509
   2.7249999908   0.0015629151  -0.0003505347   0.0019344040
   2.7299999908   0.0008675594   0.0000465470   0.0009908017
   2.7349999908   0.0003584161   0.0003058730   0.0002978121
   2.7399999908   0.0000483471   0.0004167257  -0.0001250211
   2.7449999908  -0.0000687997   0.0003808765  -0.0002845163
   2.7499999908  -0.0000172011   0.0002131090  -0.0002125944
   2.7549999907   0.0001641434  -0.0000598032   0.0000380833
   2.7599999907   0.0004264388  -0.0004016331   0.0004010237
   2.7649999907   0.0007172852  -0.0007704892   0.0008044236
   2.7699999907   0.0009871800  -0.0011233982   0.0011801269
   2.7749999907   0.0011954270  -0.0014210864   0.0014717813
   2.7799999907   0.0013146335  -0.0016323189   0.0016410823
   2.7849999906   0.0013331921  -0.0017372088   0.0016712879
   2.7899999906   0.0012554518  -0.0017290487   0.0015676045
   2.7949999906   0.0010996427  -0.0016144349   0.0013545081
   2.7999999906   0.0008939552  -0.0014116995   0.0010705232
   2.8049999906   0.0006714484  -0.0011479143   0.0007613365
   2.8099999906   0.0004646166  -0.0008549308   0.0004723451
   2.8149999905   0.0003004615  -0.0005650465   0.0002417800
   2.8199999905   0.0001967959  -0.0003069204   0.0000954106
   2.8249999905   0.0001602738  -0.0001022954   0.0000435501
   2.8299999905   0.0001863342   0.0000360663   0.0000806878
   2.8349999905   0.0002609310   0.0001050298   0.0001876489
   2.8399999905   0.0003636344   0.0001103405   0.0003357804
   2.8449999904   0.0004714980   0.0000647167   0.0004923636
   2.8499999904   0.0005629989  -0.0000148269   0.0006262904
   2.8549999904   0.0006213950  -0.0001099464   0.0007130488
   2.8599999904   0.0006369884  -0.0002037452   0.0007382217
   2.8649999904   0.0006080034  -0.0002829505   0.0006989989
   2.8699999904   0.0005400376  -0.0003392150   0.0006035597
   2.8749999903   0.0004442884  -0.0003694371   0.0004685583
   2.8799999903   0.0003349460  -0.0003751599   0.0003152590
   2.8849999903   0.0002262511  -0.0003612573   0.0001650744
   2.8899999903   0.0001297411  -0.0003342131   0.0000353254
   2.8949999903   0.0000521333  -0.0003003350  -0.0000640394
   2.8999999903  -0.0000058373  -0.0002642290  -0.0001322330
   2.9049999902  -0.0000494917  -0.0002277792  -0.0001776890
   2.9099999902  -0.0000892412  -0.0001897751  -0.0002164688
   2.9149999902  -0.0001387985  -0.0001461999  -0.0002693781
   2.9199999902  -0.0002129005  -0.0000910832  -0.0003583645
   2.9249999902  -0.0003249314  -0.0000177263  -0.0005028517
   2.9299999902  -0.0004848265   0.0000799366  -0.0007166371
   2.9349999901  -0.0006975663   0.0002060875  -0.0010058331
   2.9399999901  -0.0009624541   0.0003620937  -0.0013681153
   2.9449999901  -0.0012732355   0.0005460356  -0.0017932892
   2.9499999901  -0.0016189751   0.0007527489  -0.0022649580
   2.9549999901  -0.0019854959   0.0009743408  -0.0027628995
   2.9599999901  -0.0023571057   0.0012010686  -0.0032656756
   2.9649999900  -0.0027183148   0.0014224116  -0.0037530079
   2.9699999900  -0.0030552710   0.0016281509  -0.0042075450
   2.9749999900  -0.0033567123   0.0018092858  -0.0046158025
   2.9799999900  -0.0036143408   0.0019586566  -0.0049682371
   2.9849999900  -0.0038226304   0.0020712117  -0.0052585829
   2.9899999900  -0.0039781915   0.0021439240  -0.0054827102
   2.9949999899  -0.0040788859   0.0021754270  -0.0056373300
   2.9999999899  -0.0041229259   0.0021654902  -0.0057188727
   3.0049999899  -0.0041081755   0.0021144724  -0.0057227985
   3.0099999899  -0.0040318221   0.0020228840  -0.0056434981
   3.0149999899  -0.0038904993   0.0018911584  -0.0054748056
   3.0199999899  -0.0036808425   0.0017196791  -0.0052110223
   3.0249999898  -0.0034003696   0.0015090509  -0.0048482520
   3.0299999898  -0.0030485037   0.0012605483  -0.0043857860
   3.0349999898  -0.0026275309   0.0009766352  -0.0038272737
   3.0399999898  -0.0021432881   0.0006614313  -0.0031814476
   3.0449999898  -0.0016054317   0.0003210087  -0.0024622564
   3.0499999898  -0.0010272100  -0.0000365679  -0.0016883545
   3.0549999897  -0.0004247553  -0.0004014946  -0.0008820057
   3.0599999897   0.0001840075  -0.0007627629  -0.0000675487
   3.0649999897   0.0007806760  -0.0011089082   0.0007303641
   3.0699999897   0.0013477169  -0.0014288689   0.0014885169
   3.0749999897   0.0018696614  -0.0017128369   0.0021866455
   3.0799999897   0.0023340003  -0.0019529796   0.0028085438
   3.0849999896   0.0027316924  -0.0021439402   0.0033426598
   3.0899999896   0.0030572695  -0.0022830630   0.0037821679
   3.0949999896   0.0033085865  -0.0023703320   0.0041245817
   3.0999999896   0.0034863143  -0.0024080602   0.0043710372
   3.1049999896   0.0035933007  -0.0024003983   0.0045254074
   3.1099999896   0.0036339241  -0.0023527535   0.0045934177
   3.1149999895   0.0036135411  -0.0022712117   0.0045818987
   3.1199999895   0.0035380958  -0.0021620429   0.0044982711
   3.1249999895   0.0034139075  -0.0020313436   0.0043502911
   3.1299999895   0.0032476180  -0.0018848378   0.0041460317
   3.1349999895   0.0030462431  -0.0017278245   0.0038940236
   3.1399999895   0.0028172568  -0.0015652320   0.0036034527
   3.1449999894   0.0025686365  -0.0014017243   0.0032843075
   3.1499999894   0.0023088075  -0.0012417962   0.0029473829
   3.1549999894   0.0020464531  -0.0010898068   0.0026040832
   3.1599999894   0.0017901837  -0.0009499158   0.0022660064
   3.1649999894   0.0015480910  -0.0008259160   0.0019443424
   3.1699999894   0.0013272398  -0.0007209783   0.0016491521
   3.1749999893   0.0011331678  -0.0006373545   0.0013886273
   3.1799999893   0.0009694730  -0.0005760921   0.0011684422
   3.1849999893   0.0008375594  -0.0005368266   0.0009913042
   3.1899999893   0.0007365970  -0.0005177040   0.0008567890
   3.1949999893   0.0006637196  -0.0005154718   0.0007615079
   3.1999999893   0.0006144502  -0.0005257450   0.0006996093
   3.2049999892   0.0005833040  -0.0005434283   0.0006635601
   3.2099999892   0.0005644868  -0.0005632428   0.0006451093
   3.2149999892   0.0005525873  -0.0005802856   0.0006362944
   3.2199999892   0.0005431550  -0.0005905404   0.0006303430
   3.2249999892   0.0005330749  -0.0005912622   0.0006223267
   3.2299999892   0.0005206831  -0.0005811776   0.0006094671
   3.2349999891   0.0005056154  -0.0005604727   0.0005910534
   3.2399999891   0.0004884367  -0.0005305768   0.0005680034
   3.2449999891   0.0004701393  -0.0004937883   0.0005421713
   3.2499999891   0.0004516286  -0.0004528127   0.0005155575
   3.2549999891   0.0004333180  -0.0004103025   0.0004895971
   3.2599999891   0.0004149240  -0.0003684794   0.0004646866
   3.2649999890   0.0003955083  -0.0003289040   0.0004400518
   3.2699999890   0.0003737509  -0.0002924216   0.0004139831
   3.2749999890   0.0003483768  -0.0002592742   0.0003843700
   3.2799999890   0.0003186203  -0.0002293334   0.0003493967
   3.2849999890   0.0002845968  -0.0002023823   0.0003082124
   3.2899999890   0.0002474696  -0.0001783682   0.0002613949
   3.2949999889   0.0002093559  -0.0001575572   0.0002110747
   3.2999999889   0.0001729777  -0.0001405516   0.0001606659
   3.3049999889   0.0001411342  -0.0001281680   0.0001142550
   3.3099999889   0.0001161234  -0.0001212086   0.0000757822
   3.3149999889   0.0000992537  -0.0001201915   0.0000482093
   3.3199999889   0.0000905717  -0.0001251139   0.0000328735
   3.3249999888   0.0000888725  -0.0001353144   0.0000291861
   3.3299999888   0.0000919918  -0.0001494781   0.0000347489
   3.3349999888   0.0000973018  -0.0001657883   0.0000458612
   3.3399999888   0.0001022838  -0.0001821949   0.0000582957
   3.3449999888   0.0001050337  -0.0001967371   0.0000681572
   3.3499999888   0.0001045767  -0.0002078489   0.0000726267
   3.3549999887   0.0001009273  -0.0002145786   0.0000704244
   3.3599999887   0.0000948983  -0.0002166800   0.0000619056
   3.3649999887   0.0000877348  -0.0002145631   0.0000487914
   3.3699999887   0.0000806902  -0.0002091290   0.0000336276
   3.3749999887   0.0000746677  -0.0002015371   0.0000191196
   3.3799999886   0.0000700244  -0.0001929653   0.0000075091
   3.3849999886   0.0000665736  -0.0001844160   0.0000001302
   3.3899999886   0.0000637591  -0.0001766030  -0.0000027764
   3.3949999886   0.0000609215  -0.0001699263  -0.0000019856
   3.3999999886   0.0000575544  -0.0001645178   0.0000009964
   3.4049999886   0.0000534582  -0.0001603245   0.0000043263
   3.4099999885   0.0000487489  -0.0001571949   0.0000062209
   3.4149999885   0.0000437292  -0.0001549406   0.0000052767
   3.4199999885   0.0000386885  -0.0001533653   0.0000006640
   3.4249999885   0.0000337228  -0.0001522698  -0.0000078044
   3.4299999885   0.0000286554  -0.0001514521  -0.0000197065
   3.4349999885   0.0000231043  -0.0001507212  -0.0000341080
   3.4399999884   0.0000166784  -0.0001499357  -0.0000496945
   3.4449999884   0.0000092283  -0.0001490583  -0.0000649265
   3.4499999884   0.0000010494  -0.0001482051  -0.0000782208
   3.4549999884  -0.0000070636  -0.0001476584  -0.0000881635
   3.4599999884  -0.0000139608  -0.0001478228  -0.0000937476
   3.4649999884  -0.0000184627  -0.0001491156  -0.0000946056
   3.4699999883  -0.0000197729  -0.0001518157  -0.0000911770
   3.4749999883  -0.0000178401  -0.0001559113  -0.0000847462
   3.4799999883  -0.0000135261  -0.0001610035  -0.0000772935
   3.4849999883  -0.0000084896  -0.0001663133  -0.0000711461
   3.4899999883  -0.0000047797  -0.0001708144  -0.0000684738
   3.4949999883  -0.0000042384  -0.0001734751  -0.0000707353
   3.4999999882  -0.0000078870  -0.0001735547  -0.0000782224
   3.5049999882  -0.0000155005  -0.0001708683  -0.0000898498
   3.5099999882  -0.0000255342  -0.0001659324  -0.0001032913
   3.5149999882  -0.0000354692  -0.0001599283  -0.0001154777
   3.5199999882  -0.0000425102  -0.0001544655  -0.0001233642
   3.5249999882  -0.0000444492  -0.0001511902  -0.0001247802
   3.5299999881  -0.0000404327  -0.0001513348  -0.0001191278
   3.5349999881  -0.0000313780  -0.0001553352  -0.0001077096
   3.5399999881  -0.0000198734  -0.0001626351  -0.0000935493
   3.5449999881  -0.0000095458  -0.0001717518  -0.0000807091
   3.5499999881  -0.0000040484  -0.0001806095  -0.0000732499
   3.5549999881  -0.0000059556  -0.0001870641  -0.0000741050
   3.5599999880  -0.0000158974  -0.0001894853  -0.0000841824
   3.5649999880  -0.0000322220  -0.0001872308  -0.0001019704
   3.5699999880  -0.0000513226  -0.0001808733  -0.0001237964
   3.5749999880  -0.0000685727  -0.0001720991  -0.0001447052
   3.5799999880  -0.0000796180  -0.0001632950  -0.0001597437
   3.5849999880  -0.0000816506  -0.0001569245  -0.0001653070
   3.5899999879  -0.0000742791  -0.0001548667  -0.0001601650
   3.5949999879  -0.0000597119  -0.0001579023  -0.0001458635
   3.5999999879  -0.0000421734  -0.0001654989  -0.0001263631
   3.6049999879  -0.0000267032  -0.0001759610  -0.0001069932
   3.6099999879  -0.0000176866  -0.0001869072  -0.0000930030
   3.6149999879  -0.0000175560  -0.0001959400  -0.0000881140
   3.6199999878  -0.0000260646  -0.0002013145  -0.0000934911
   3.6249999878  -0.0000403678  -0.0002024108  -0.0001074341
   3.6299999878  -0.0000559007  -0.0001998735  -0.0001258866
   3.6349999878  -0.0000677940  -0.0001953763  -0.0001436222
   3.6399999878  -0.0000723976  -0.0001910865  -0.0001557646
   3.6449999878  -0.0000684360  -0.0001889921  -0.0001591996
   3.6499999877  -0.0000574300  -0.0001902945  -0.0001534634
   3.6549999877  -0.0000432420  -0.0001950539  -0.0001408462
   3.6599999877  -0.0000308743  -0.0002021919  -0.0001256850
   3.6649999877  -0.0000248925  -0.0002098482  -0.0001130572
   3.6699999877  -0.0000279653  -0.0002159795  -0.0001072690
   3.6749999877  -0.0000399874  -0.0002190105  -0.0001105906
   3.6799999876  -0.0000580705  -0.0002183372  -0.0001226129
   3.6849999876  -0.0000774157  -0.0002145223  -0.0001404104
   3.6899999876  -0.0000927996  -0.0002091254  -0.0001594493
   3.6949999876  -0.0001002076  -0.0002042226  -0.0001749540
   3.6999999876  -0.0000980928  -0.0002017674  -0.0001833107
   3.7049999876  -0.0000878546  -0.0002029947  -0.0001830824
   3.7099999875  -0.0000733774  -0.0002080557  -0.0001753359
   3.7149999875  -0.0000597683  -0.0002159948  -0.0001632010
   3.7199999875  -0.0000516967  -0.0002250725  -0.0001508191
   3.7249999875  -0.0000518703  -0.0002333277  -0.0001420267
   3.7299999875  -0.0000601429  -0.0002391954  -0.0001391916
   3.7349999875  -0.0000735547  -0.0002419826  -0.0001425642
   3.7399999874  -0.0000873002  -0.0002420505  -0.0001503295
   3.7449999874  -0.0000963204  -0.0002406475  -0.0001593214
   3.7499999874  -0.0000970056  -0.0002394540  -0.0001661463
   3.7549999874  -0.0000884487  -0.0002399901  -0.0001683367
   3.7599999874  -0.0000728302  -0.0002430862  -0.0001651564
   3.7649999874  -0.0000547882  -0.0002485920  -0.0001577973
   3.7699999873  -0.0000399604  -0.0002554219  -0.0001489171
   3.7749999873  -0.0000331570  -0.0002619231  -0.0001416848
   3.7799999873  -0.0000367551  -0.0002664456  -0.0001386634
   3.7849999873  -0.0000498466  -0.0002679225  -0.0001409129
   3.7899999873  -0.0000684353  -0.0002662665  -0.0001476185
   3.7949999873  -0.0000866469  -0.0002624430  -0.0001563707
   3.7999999872  -0.0000985831  -0.0002581907  -0.0001640057
   3.8049999872  -0.0001002358  -0.0002554717  -0.0001677203
   3.8099999872  -0.0000908430  -0.0002558299  -0.0001660819
   3.8149999872  -0.0000732350  -0.0002598673  -0.0001595846
   3.8199999872  -0.0000530350  -0.0002670157  -0.0001505511
   3.8249999872  -0.0000369412  -0.0002756871  -0.0001423972
   3.8299999871  -0.0000306198  -0.0002837633  -0.0001384937
   3.8349999871  -0.0000368696  -0.0002892754  -0.0001409983
   3.8399999871  -0.0000546494  -0.0002910566  -0.0001500524
   3.8449999871  -0.0000792939  -0.0002891548  -0.0001636228
   3.8499999871  -0.0001038740  -0.0002848665  -0.0001780651
   3.8549999871  -0.0001212962  -0.0002803708  -0.0001892436
   3.8599999870  -0.0001264951  -0.0002780691  -0.0001938615
   3.8649999870  -0.0001180360  -0.0002798354  -0.0001905697
   3.8699999870  -0.0000986188  -0.0002864112  -0.0001804901
   3.8749999870  -0.0000743145  -0.0002971389  -0.0001669640
   3.8799999870  -0.0000527551  -0.0003101255  -0.0001545848
   3.8849999870  -0.0000408279  -0.0003227908  -0.0001478022
   3.8899999869  -0.0000425807  -0.0003326380  -0.0001495304
   3.8949999869  -0.0000579826  -0.0003380093  -0.0001601972
   3.8999999869  -0.0000829241  -0.0003385950  -0.0001775422
   3.9049999869  -0.0001104577  -0.0003355356  -0.0001972421
   3.9099999869  -0.0001328995  -0.0003310844  -0.0002141818
   3.9149999869  -0.0001441491  -0.0003279308  -0.0002239913
   3.9199999868  -0.0001415207  -0.0003283879  -0.0002243778
   3.9249999868  -0.0001265299  -0.0003336938  -0.0002158453
   3.9299999868  -0.0001044066  -0.0003436345  -0.0002015783
   3.9349999868  -0.0000824906  -0.0003566048  -0.0001865202
   3.9399999868  -0.0000680079  -0.0003700853  -0.0001759222
   3.9449999868  -0.0000659063  -0.0003813916  -0.0001737982
   3.9499999867  -0.0000774018  -0.0003884704  -0.0001817466
   3.9549999867  -0.0000996634  -0.0003905053  -0.0001984876
   3.9599999867  -0.0001267119  -0.0003881538  -0.0002202446
   3.9649999867  -0.0001512423  -0.0003833517  -0.0002418502
   3.9699999867  -0.0001668060  -0.0003787466  -0.0002582381
   3.9749999867  -0.0001696947  -0.0003769327  -0.0002658812
   3.9799999866  -0.0001599711  -0.0003797121  -0.0002637571
   3.9849999866  -0.0001413621  -0.0003875971  -0.0002535733
   3.9899999866  -0.0001200737  -0.0003996897  -0.0002392077
   3.9949999866  -0.0001029104  -0.0004139647  -0.0002255506
   3.9999999866  -0.0000952717  -0.0004278623  -0.0002170985
   4.0049999866  -0.0000996200  -0.0004390138  -0.0002167116
   4.0099999865  -0.0001148530  -0.0004458885  -0.0002248824
   4.0149999865  -0.0001367324  -0.0004481832  -0.0002396978
   4.0199999865  -0.0001592053  -0.0004468537  -0.0002574758
   4.0249999865  -0.0001761994  -0.0004437962  -0.0002738617
   4.0299999865  -0.0001833531  -0.0004412821  -0.0002850544
   4.0349999864  -0.0001791840  -0.0004413173  -0.0002888127
   4.0399999864  -0.0001653850  -0.0004451066  -0.0002849760
   4.0449999864  -0.0001462041  -0.0004527696  -0.0002753857
   4.0499999864  -0.0001271311  -0.0004633700  -0.0002632699
   4.0549999864  -0.0001133003  -0.0004752354  -0.0002522962
   4.0599999864  -0.0001080790  -0.0004864609  -0.0002455753
   4.0649999863  -0.0001122303  -0.0004954469  -0.0002448892
   4.0699999863  -0.0001238547  -0.0005013215  -0.0002503345
   4.0749999863  -0.0001390805  -0.0005041372  -0.0002604418
   4.0799999863  -0.0001532647  -0.0005048044  -0.0002726996
   4.0849999863  -0.0001623384  -0.0005047955  -0.0002843077
   4.0899999863  -0.0001639128  -0.0005057151  -0.0002929410
   4.0949999862  -0.0001578570  -0.0005088623  -0.0002973230
   4.0999999862  -0.0001462229  -0.0005149035  -0.0002974772
   4.1049999862  -0.0001325827  -0.0005237346  -0.0002946226
   4.1099999862  -0.0001209998  -0.0005345582  -0.0002907729
   4.1149999862  -0.0001149388  -0.0005461374  -0.0002881693
   4.1199999862  -0.0001164113  -0.0005571487  -0.0002887035
   4.1249999861  -0.0001255725  -0.0005665335  -0.0002934737
   4.1299999861  -0.0001408404  -0.0005737563  -0.0003025683
   4.1349999861  -0.0001594705  -0.0005789103  -0.0003151068
   4.1399999861  -0.0001783974  -0.0005826551  -0.0003295048
   4.1449999861  -0.0001951035  -0.0005860132  -0.0003438816
   4.1499999861  -0.0002082802  -0.0005900902  -0.0003565042
   4.1549999860  -0.0002181212  -0.0005957920  -0.0003661658
   4.1599999860  -0.0002261912  -0.0006036126  -0.0003724217
   4.1649999860  -0.0002349259  -0.0006135395  -0.0003756421
   4.1699999860  -0.0002469091  -0.0006250928  -0.0003768876
   4.1749999860  -0.0002641209  -0.0006374785  -0.0003776499
   4.1799999860  -0.0002873459  -0.0006498119  -0.0003795280
   4.1849999859  -0.0003158831  -0.0006613497  -0.0003839196
   4.1899999859  -0.0003476134  -0.0006716720  -0.0003918029
   4.1949999859  -0.0003793954  -0.0006807693  -0.0004036567
   4.1999999859  -0.0004076752  -0.0006890163  -0.0004195331
   4.2049999859  -0.0004291518  -0.0006970400  -0.0004392614
   4.2099999859  -0.0004413304  -0.0007055184  -0.0004627220
   4.2149999858  -0.0004428337  -0.0007149632  -0.0004901142
   4.2199999858  -0.0004334044  -0.0007255417  -0.0005221381
   4.2249999858  -0.0004136224  -0.0007369865  -0.0005600291
   4.2299999858  -0.0003844335  -0.0007486171  -0.0006054207
   4.2349999858  -0.0003466416  -0.0007594696  -0.0006600541
   4.2399999858  -0.0003005319  -0.0007685020  -0.0007253924
   4.2449999857  -0.0002457591  -0.0007748211  -0.0008022217
   4.2499999857  -0.0001815684  -0.0007778702  -0.0008903238
   4.2549999857  -0.0001073305  -0.0007775271  -0.0009882847
   4.2599999857  -0.0000232815  -0.0007740838  -0.0010934614
   4.2649999857   0.0000686982  -0.0007681169  -0.0012020853
   4.2699999857   0.0001644512  -0.0007602837  -0.0013094439
   4.2749999856   0.0002572105  -0.0007511081  -0.0014100590
   4.2799999856   0.0003376508  -0.0007408225  -0.0014977923
   4.2849999856   0.0003943091  -0.0007293169  -0.0015658354
   4.2899999856   0.0004142745  -0.0007162177  -0.0016065938
   4.2949999856   0.0003839820  -0.0007010789  -0.0016115161
   4.2999999856   0.0002899332  -0.0006836328  -0.0015709593
   4.3049999855   0.0001192045  -0.0006640263  -0.0014741850
   4.3099999855  -0.0001403199  -0.0006429715  -0.0013095628
   4.3149999855  -0.0004999516  -0.0006217588  -0.0010650135
   4.3199999855  -0.0009703156  -0.0006021222  -0.0007286639
   4.3249999855  -0.0015614060  -0.0005859885  -0.0002896414
   4.3299999855  -0.0022824062  -0.0005751753   0.0002611018
   4.3349999854  -0.0031411560  -0.0005711191   0.0009300418
   4.3399999854  -0.0041432439  -0.0005747038   0.0017204938
   4.3449999854  -0.0052908115  -0.0005862290   0.0026322139
   4.3499999854  -0.0065812493  -0.0006055150   0.0036611711
   4.3549999854  -0.0080060115  -0.0006320961   0.0047994261
   4.3599999854  -0.0095497707  -0.0006654304   0.0060350426
   4.3649999853  -0.0111900654  -0.0007050460   0.0073519673
   4.3699999853  -0.0128974988  -0.0007505668   0.0087298626
   4.3749999853  -0.0146364312  -0.0008015957   0.0101439290
   4.3799999853  -0.0163660250  -0.0008574829   0.0115648083
   4.3849999853  -0.0180414595  -0.0009170413   0.0129586867
   4.3899999853  -0.0196151445  -0.0009782921   0.0142877138
   4.3949999852  -0.0210378277  -0.0010383183   0.0155108157
   4.3999999852  -0.0222595825  -0.0010932774   0.0165849126
   4.4049999852  -0.0232307508  -0.0011385820   0.0174664811
   4.4099999852  -0.0239029778  -0.0011692140   0.0181133368
   4.4149999852  -0.0242304835  -0.0011801066   0.0184864761
   4.4199999852  -0.0241716692  -0.0011665109   0.0185518204
   4.4249999851  -0.0236910707  -0.0011242782   0.0182817379
   4.4299999851  -0.0227615571  -0.0010500112   0.0176562766
   4.4349999851  -0.0213665820  -0.0009410808   0.0166641033
   4.4399999851  -0.0195022299  -0.0007955400   0.0153031908
   4.4449999851  -0.0171787979  -0.0006119951   0.0135813135
   4.4499999851  -0.0144217014  -0.0003895017   0.0115163984
   4.4549999850  -0.0112715862  -0.0001275448   0.0091367422
   4.4599999850  -0.0077836351   0.0001738692   0.0064810495
   4.4649999850  -0.0040261600   0.0005140147   0.0035982067
   4.4699999850  -0.0000786371   0.0008911861   0.0005466775
   4.4749999850   0.0039706369   0.0013024408  -0.0026065810
   4.4799999850   0.0080271066   0.0017434205  -0.0057877463
   4.4849999849   0.0119926319   0.0022083138  -0.0089183014
   4.4899999849   0.0157682279   0.0026899913  -0.0119176711
   4.4949999849   0.0192568748   0.0031803112  -0.0147061815
   4.4999999849   0.0223664260   0.0036705512  -0.0172081503
   4.5049999849   0.0250126237   0.0041519000  -0.0193549004
   4.5099999849   0.0271221898   0.0046159289  -0.0210875025
   4.5149999848   0.0286358869   0.0050549754  -0.0223590910
   4.5199999848   0.0295113801   0.0054623956  -0.0231366524
   4.5249999848   0.0297256767   0.0058326789  -0.0234022419
   4.5299999848   0.0292769054   0.0061614490  -0.0231536292
   4.5349999848   0.0281852182   0.0064454036  -0.0224044074
   4.5399999848   0.0264926647   0.0066822476  -0.0211836060
   4.5449999847   0.0242619757   0.0068706699  -0.0195348463
   4.5499999847   0.0215742999   0.0070103878  -0.0175150585
   4.5549999847   0.0185260323   0.0071022507  -0.0151927649
   4.5599999847   0.0152249470   0.0071483732  -0.0126459249
   4.5649999847   0.0117858866   0.0071522415  -0.0099593447
   4.5699999847   0.0083262626   0.0071187403  -0.0072216796
   4.5749999846   0.0049615923   0.0070540561  -0.0045221000
   4.5799999846   0.0018012509   0.0069654341  -0.0019467427
   4.5849999846  -0.0010554356   0.0068608000   0.0004248796
   4.5899999846  -0.0035226747   0.0067482797   0.0025232980
   4.5949999846  -0.0055312079   0.0066356755   0.0042921065
   4.5999999846  -0.0070307709   0.0065299613   0.0056903611
   4.6049999845  -0.0079919380   0.0064368596   0.0066941824
   4.6099999845  -0.0084072532   0.0063605448   0.0072974475
   4.6149999845  -0.0082915359   0.0063034955   0.0075115420
   4.6199999845  -0.0076812499   0.0062664930   0.0073642215
   4.6249999845  -0.0066328598   0.0062487402   0.0068977042
   4.6299999845  -0.0052201587   0.0062480585   0.0061661644
   4.6349999844  -0.0035306365   0.0062611150   0.0052328153
   4.6399999844  -0.0016610559   0.0062836374   0.0041667616
   4.6449999844   0.0002875101   0.0063105901   0.0030397750
   4.6499999844   0.0022148589   0.0063363032   0.0019231091
   4.6549999844   0.0040267072   0.0063545695   0.0008844360
   4.6599999844   0.0056392722   0.0063587397  -0.0000150312
   4.6649999843   0.0069831029   0.0063418513  -0.0007231675
   4.6699999843   0.0080059597   0.0062968242  -0.0011992359
   4.6749999843   0.0086746400   0.0062167381  -0.0014157534
   4.6799999843   0.0089757364   0.0060951849  -0.0013597958
   4.6849999843   0.0089153898   0.0059266648  -0.0010336073
   4.6899999843   0.0085181460   0.0057069765  -0.0004544032
   4.6949999842   0.0078250410   0.0054335415   0.0003466988
   4.6999999842   0.0068910385   0.0051056082   0.0013266067
   4.7049999842   0.0057819275   0.0047242972   0.0024329424
   4.7099999842   0.0045707783   0.0042924769   0.0036073058
   4.7149999842   0.0033340604   0.0038144880   0.0047888642
   4.7199999841   0.0021475447   0.0032957621   0.0059179841
   4.7249999841   0.0010821578   0.0027423976   0.0069396276
   4.7299999841   0.0001999960   0.0021607590   0.0078062782
   4.7349999841  -0.0004492504   0.0015571547   0.0084802300
   4.7399999841  -0.0008311996   0.0009376266   0.0089351541
   4.7449999841  -0.0009287587   0.0003078533   0.0091569319
   4.7499999840  -0.0007429955  -0.0003268564   0.0091438025
   4.7549999840  -0.0002928000  -0.0009615249   0.0089059035
   4.7599999840   0.0003866505  -0.0015914717   0.0084642915
   4.7649999840   0.0012464927  -0.0022123243   0.0078495184
   4.7699999840   0.0022276182  -0.0028200927   0.0070998230
   4.7749999840   0.0032646572  -0.0034113002   0.0062589864
   4.7799999839   0.0042901816  -0.0039831353   0.0053739062
   4.7849999839   0.0052388214  -0.0045335774   0.0044919642
   4.7899999839   0.0060510361  -0.0050614438   0.0036583014
   4.7949999839   0.0066763487  -0.0055663266   0.0029131530
   4.7999999839   0.0070759208  -0.0060484065   0.0022894280
   4.8049999839   0.0072244052  -0.0065081668   0.0018107287
   4.8099999838   0.0071110498  -0.0069460528   0.0014899873
   4.8149999838   0.0067400458  -0.0073621391   0.0013288496
   4.8199999838   0.0061301199  -0.0077558646   0.0013178663
   4.8249999838   0.0053133749  -0.0081258832   0.0014374727
   4.8299999838   0.0043333975  -0.0084700522   0.0016596575
   4.8349999838   0.0032426832  -0.0087855536   0.0019501637
   4.8399999837   0.0020994768  -0.0090691183   0.0022710241
   4.8449999837   0.0009641849  -0.0093173069   0.0025832261
   4.8499999837  -0.0001044214  -0.0095267970   0.0028493124
   4.8549999837  -0.0010529529  -0.0096946318   0.0030357527
   4.8599999837  -0.0018368165  -0.0098183995   0.0031149594
   4.8649999837  -0.0024230254  -0.0098963333   0.0030668584
   4.8699999836  -0.0027921827  -0.0099273379   0.0028799563
   4.8749999836  -0.0029394827  -0.0099109646   0.0025518769
   4.8799999836  -0.0028746646  -0.0098473650   0.0020893597
   4.8849999836  -0.0026209470  -0.0097372528   0.0015077352
   4.8899999836  -0.0022130561  -0.0095818948   0.0008299117
   4.8949999836  -0.0016945313  -0.0093831384   0.0000849288
   4.8999999835  -0.0011145393  -0.0091434679  -0.0006938472
   4.9049999835  -0.0005244470  -0.0088660660  -0.0014707882
   4.9099999835   0.0000255984  -0.0085548475  -0.0022102165
   4.9149999835   0.0004898590  -0.0082144320  -0.0028786349
   4.9199999835   0.0008297847  -0.0078500327  -0.0034468370
   4.9249999835   0.0010162443  -0.0074672524  -0.0038917592
   4.9299999834   0.0010311223  -0.0070718028  -0.0041979424
   4.9349999834   0.0008682336  -0.0066691806  -0.0043584916
   4.9399999834   0.0005335411  -0.0062643507  -0.0043754508
   4.9449999834   0.0000446785  -0.0058614863  -0.0042595553
   4.9499999834  -0.0005701981  -0.0054638104  -0.0040293703
   4.9549999834  -0.0012741934  -0.0050735613  -0.0037098828
   4.9599999833  -0.0020240265  -0.0046920790  -0.0033306586
   4.9649999833  -0.0027728533  -0.0043199870  -0.0029237180
   4.9699999833  -0.0034734115  -0.0039574230  -0.0025213029
   4.9749999833  -0.0040812894  -0.0036042697  -0.0021537088
   4.9799999833  -0.0045580790  -0.0032603381  -0.0018473384
   4.9849999833  -0.0048741517  -0.0029254792  -0.0016231006
   4.9899999832  -0.0050108067  -0.0025996177  -0.0014952397
   4.9949999832  -0.0049615846  -0.0022827269  -0.0014706386
   4.9999999832  -0.0047326213  -0.0019747782  -0.0015486067
   5.0049999832  -0.0043420154  -0.0016757029  -0.0017211372
   5.0099999832  -0.0038182869  -0.0013853959  -0.0019735991
   5.0149999832  -0.0031980993  -0.0011037735  -0.0022858180
   5.0199999831  -0.0025234772  -0.0008308769  -0.0026334865
   5.0249999831  -0.0018387820  -0.0005669934  -0.0029898306
   5.0299999831  -0.0011876902  -0.0003127579  -0.0033274415
   5.0349999831  -0.0006103873  -0.0000691974  -0.0036201621
   5.0399999831  -0.0001411260   0.0001623060  -0.0038449034
   5.0449999831   0.0001937488   0.0003801363  -0.0039832576
   5.0499999830   0.0003772537   0.0005826333  -0.0040227805
   5.0549999830   0.0004026660   0.0007683137  -0.0039578387
   5.0599999830   0.0002738455   0.0009360805  -0.0037899537
   5.0649999830   0.0000049540   0.0010853812  -0.0035276168
   5.0699999830  -0.0003804427   0.0012162855  -0.0031856023
   5.0749999830  -0.0008508887   0.0013294762  -0.0027838433
   5.0799999829  -0.0013691260   0.0014261619  -0.0023459711
   5.0849999829  -0.0018946571   0.0015079386  -0.0018976357
   5.0899999829  -0.0023866217   0.0015766313  -0.0014647300
   5.0949999829  -0.0028067699   0.0016341450  -0.0010716397
   5.0999999829  -0.0031222835   0.0016823481  -0.0007396268
   5.1049999829  -0.0033081927   0.0017229950  -0.0004854461
   5.1099999828  -0.0033491726   0.0017576855  -0.0003202789
   5.1149999828  -0.0032405666   0.0017878497  -0.0002490514
   5.1199999828  -0.0029885640   0.0018147426  -0.0002701875
   5.1249999828  -0.0026095456   0.0018394352  -0.0003758145
   5.1299999828  -0.0021286858   0.0018627945  -0.0005524121
   5.1349999828  -0.0015779544   0.0018854506  -0.0007818565
   5.1399999827  -0.0009936973   0.0019077576  -0.0010427766
   5.1449999827  -0.0004139895   0.0019297585  -0.0013121171
   5.1499999827   0.0001240469   0.0019511678  -0.0015667831
   5.1549999827   0.0005867811   0.0019713829  -0.0017852460
   5.1599999827   0.0009463041   0.0019895315  -0.0019489985
   5.1649999827   0.0011822183   0.0020045581  -0.0020437696
   5.1699999826   0.0012828811   0.0020153414  -0.0020604299
   5.1749999826   0.0012460376   0.0020208309  -0.0019955429
   5.1799999826   0.0010788170   0.0020201836  -0.0018515340
   5.1849999826   0.0007971130   0.0020128806  -0.0016364672
   5.1899999826   0.0004244021   0.0019988043  -0.0013634369
   5.1949999826  -0.0000099108   0.0019782642  -0.0010496058
   5.1999999825  -0.0004725156   0.0019519670  -0.0007149442
   5.2049999825  -0.0009284648   0.0019209371  -0.0003807563
   5.2099999825  -0.0013435573   0.0018864046  -0.0000681057
   5.2149999825  -0.0016867005   0.0018496806   0.0002037335
   5.2199999825  -0.0019321039   0.0018120422   0.0004186679
   5.2249999825  -0.0020611505   0.0017746440   0.0005649049
   5.2299999824  -0.0020637968   0.0017384661   0.0006357152
   5.2349999824  -0.0019393628   0.0017042949   0.0006297924
   5.2399999824  -0.0016966131   0.0016727286   0.0005512053
   5.2449999824  -0.0013530873   0.0016441904   0.0004089738
   5.2499999824  -0.0009337099   0.0016189362   0.0002163248
   5.2549999824  -0.0004687925   0.0015970479  -0.0000103038
   5.2599999823   0.0000083897   0.0015784107  -0.0002524382
   5.2649999823   0.0004642150   0.0015626856  -0.0004908515
   5.2699999823   0.0008672796   0.0015492901  -0.0007068861
   5.2749999823   0.0011906806   0.0015374041  -0.0008837408
   5.2799999823   0.0014138396   0.0015260124  -0.0010076498
   5.2849999823   0.0015237562   0.0015139847  -0.0010688684
   5.2899999822   0.0015156502   0.0015001858  -0.0010623873
   5.2949999822   0.0013930116   0.0014835989  -0.0009883039
   5.2999999822   0.0011671194   0.0014634393  -0.0008518028
   5.3049999822   0.0008561064   0.0014392385  -0.0006627324
   5.3099999822   0.0004836527   0.0014108859  -0.0004348045
   5.3149999822   0.0000773831   0.0013786227  -0.0001844859
   5.3199999821  -0.0003329610   0.0013429941   0.0000703150
   5.3249999821  -0.0007174966   0.0013047720   0.0003116474
   5.3299999821  -0.0010482291   0.0012648656   0.0005228761
   5.3349999821  -0.0013010220   0.0012242330   0.0006898888
   5.3399999821  -0.0014573654   0.0011838061   0.0008020653
   5.3449999821  -0.0015057971   0.0011444336   0.0008529527
   5.3499999820  -0.0014428307   0.0011068430   0.0008406200
   5.3549999820  -0.0012732825   0.0010716186   0.0007676888
   5.3599999820  -0.0010099369   0.0010391922   0.0006410589
   5.3649999820  -0.0006725587   0.0010098429   0.0004713549
   5.3699999820  -0.0002863294   0.0009837012   0.0002721349
   5.3749999820   0.0001201528   0.0009607567   0.0000589069
   5.3799999819   0.0005171292   0.0009408662  -0.0001519858
   5.3849999819   0.0008759873   0.0009237622  -0.0003445419
   5.3899999819   0.0011714234   0.0009090609  -0.0005042616
   5.3949999819   0.0013832834   0.0008962721  -0.0006192028
   5.3999999819   0.0014979500   0.0008848151  -0.0006808540
   5.4049999818   0.0015091873   0.0008740429  -0.0006847521
   5.4099999818   0.0014184059   0.0008632813  -0.0006307974
   5.4149999818   0.0012343579   0.0008518799  -0.0005232400
   5.4199999818   0.0009723135   0.0008392747  -0.0003703390
   5.4249999818   0.0006528054   0.0008250516  -0.0001837225
   5.4299999818   0.0003000496   0.0008089994   0.0000225055
   5.4349999817  -0.0000598309   0.0007911409   0.0002328459
   5.4399999817  -0.0004006551   0.0007717308   0.0004315951
   5.4449999817  -0.0006979838   0.0007512177   0.0006040577
   5.4499999817  -0.0009307660   0.0007301730   0.0007376856
   5.4549999817  -0.0010827410   0.0007092006   0.0008230497
   5.4599999817  -0.0011435273   0.0006888417   0.0008545575
   5.4649999816  -0.0011093354   0.0006694959   0.0008308489
   5.4699999816  -0.0009832608   0.0006513725   0.0007548332
   5.4749999816  -0.0007751170   0.0006344816   0.0006333680
   5.4799999816  -0.0005007931   0.0006186648   0.0004766202
   5.4849999816  -0.0001811412   0.0006036553   0.0002971829
   5.4899999816   0.0001595568   0.0005891511   0.0001090420
   5.4949999815   0.0004954483   0.0005748832  -0.0000735052
   5.4999999815   0.0008011497   0.0005606599  -0.0002368918
   5.5049999815   0.0010537879   0.0005463794  -0.0003692141
   5.5099999815   0.0012348426   0.0005320088  -0.0004610087
   5.5149999815   0.0013316076   0.0005175400  -0.0005058520
   5.5199999815   0.0013381265   0.0005029403  -0.0005007635
   5.5249999814   0.0012555248   0.0004881170  -0.0004464034
   5.5299999814   0.0010917337   0.0004729117  -0.0003470483
   5.5349999814   0.0008606676   0.0004571312  -0.0002103286
   5.5399999814   0.0005809699   0.0004406101  -0.0000467189
   5.5449999814   0.0002744661   0.0004232865   0.0001312082
   5.5499999814  -0.0000355318   0.0004052696   0.0003097302
   5.5549999813  -0.0003259410   0.0003868744   0.0004750551
   5.5599999813  -0.0005755365   0.0003686106   0.0006144397
   5.5649999813  -0.0007664058   0.0003511225   0.0007172375
   5.5699999813  -0.0008851562   0.0003350926   0.0007757685
   5.5749999813  -0.0009238125   0.0003211328   0.0007859255
   5.5799999813  -0.0008803489   0.0003096878   0.0007474617
   5.5849999812  -0.0007588126   0.0003009740   0.0006639436
   5.5899999812  -0.0005690167   0.0002949637   0.0005423884
   5.5949999812  -0.0003258102   0.0002914134   0.0003926343
   5.5999999812  -0.0000479681   0.0002899221   0.0002265100
   5.6049999812   0.0002432189   0.0002900003   0.0000568785
   5.6099999812   0.0005255485   0.0002911341  -0.0001033666
   5.6149999811   0.0007775816   0.0002928306  -0.0002422781
   5.6199999811   0.0009802586   0.0002946434  -0.0003497345
   5.6249999811   0.0011183371   0.0002961825  -0.0004181618
   5.6299999811   0.0011815429   0.0002971145  -0.0004430458
   5.6349999811   0.0011653508   0.0002971607  -0.0004232007
   5.6399999811   0.0010713292   0.0002960959  -0.0003607810
   5.6449999810   0.0009070158   0.0002937459  -0.0002610428
   5.6499999810   0.0006853210   0.0002899853  -0.0001318843
   5.6549999810   0.0004234950   0.0002847319   0.0000167904
   5.6599999810   0.0001417355   0.0002779441   0.0001738270
   5.6649999810  -0.0001384495   0.0002696251   0.0003276394
   5.6699999810  -0.0003959766   0.0002598378   0.0004670354
   5.6749999809  -0.0006118622   0.0002487306   0.0005820003
   5.6799999809  -0.0007706843   0.0002365659   0.0006643954
   5.6849999809  -0.0008617031   0.0002237387   0.0007085327
   5.6899999809  -0.0008795581   0.0002107699   0.0007115904
   5.6949999809  -0.0008245052   0.0001982656   0.0006738344
   5.6999999809  -0.0007022106   0.0001868422   0.0005986194
   5.7049999808  -0.0005231531   0.0001770323   0.0004921528
   5.7099999808  -0.0003017148   0.0001691930   0.0003630226
   5.7149999808  -0.0000550486   0.0001634432   0.0002215147
   5.7199999808   0.0001981900   0.0001596499   0.0000787703
   5.7249999808   0.0004391683   0.0001574680  -0.0000541435
   5.7299999808   0.0006501847   0.0001564234  -0.0001671588
   5.7349999807   0.0008158957   0.0001560162  -0.0002520362
   5.7399999807   0.0009243949   0.0001558141  -0.0003030142
   5.7449999807   0.0009680762   0.0001555131  -0.0003172174
   5.7499999807   0.0009442166   0.0001549517  -0.0002947943
   5.7549999807   0.0008552188   0.0001540844  -0.0002387853
   5.7599999807   0.0007084712   0.0001529297  -0.0001547572
   5.7649999806   0.0005158136   0.0001515147  -0.0000502570
   5.7699999806   0.0002926287   0.0001498367   0.0000658482
   5.7749999806   0.0000566243   0.0001478517   0.0001840811
   5.7799999806  -0.0001735949   0.0001454889   0.0002950578
   5.7849999806  -0.0003800384   0.0001426822   0.0003901429
   5.7899999806  -0.0005467845   0.0001394041   0.0004620269
   5.7949999805  -0.0006612461   0.0001356897   0.0005052033
   5.7999999805  -0.0007151344   0.0001316463   0.0005163309
   5.8049999805  -0.0007050457   0.0001274448   0.0004944607
   5.8099999805  -0.0006326335   0.0001233006   0.0004411132
   5.8149999805  -0.0005043709   0.0001194447   0.0003601904
   5.8199999805  -0.0003309429   0.0001160928   0.0002577159
   5.8249999804  -0.0001263335   0.0001134117   0.0001414115
   5.8299999804   0.0000933061   0.0001114862   0.0000201321
   5.8349999804   0.0003109183   0.0001102898  -0.0000968000
   5.8399999804   0.0005098301   0.0001096655  -0.0002003096
   5.8449999804   0.0006749839   0.0001093243  -0.0002822744
   5.8499999804   0.0007940217   0.0001088679  -0.0003361644
   5.8549999803   0.0008581520   0.0001078371  -0.0003575645
   5.8599999803   0.0008627457   0.0001057798  -0.0003445379
   5.8649999803   0.0008076263   0.0001023270  -0.0002978025
   5.8699999803   0.0006970460   0.0000972571  -0.0002206999
   5.8749999803   0.0005393572   0.0000905346  -0.0001189546
   5.8799999803   0.0003464070   0.0000823125  -0.0000002354
   5.8849999802   0.0001326954   0.0000728981   0.0001264537
   5.8899999802  -0.0000856531   0.0000626927   0.0002515000
   5.8949999802  -0.0002920479   0.0000521214   0.0003654635
   5.8999999802  -0.0004706548   0.0000415718   0.0004598368
   5.9049999802  -0.0006076058   0.0000313544   0.0005277076
   5.9099999802  -0.0006921079   0.0000216916   0.0005642658
   5.9149999801  -0.0007173544   0.0000127321   0.0005671137
   5.9199999801  -0.0006811462   0.0000045821   0.0005363716
   5.9249999801  -0.0005861432  -0.0000026618   0.0004745915
   5.9299999801  -0.0004397000  -0.0000088862   0.0003865125
   5.9349999801  -0.0002532857  -0.0000139524   0.0002786951
   5.9399999801  -0.0000415343  -0.0000177046   0.0001590684
   5.9449999800   0.0001789778  -0.0000199950   0.0000364129
   5.9499999800   0.0003911041  -0.0000207165  -0.0000802060
   5.9549999800   0.0005785125  -0.0000198351  -0.0001820409
   5.9599999800   0.0007269557  -0.0000174144  -0.0002612830
   5.9649999800   0.0008253299  -0.0000136224  -0.0003116660
   5.9699999800   0.0008664522  -0.0000087195  -0.0003290047
   5.9749999799   0.0008475272  -0.0000030264  -0.0003116080
   5.9799999799   0.0007702923   0.0000031220  -0.0002605072
   5.9849999799   0.0006408529   0.0000094272  -0.0001794574
   5.9899999799   0.0004692237   0.0000156708  -0.0000746919
   5.9949999799   0.0002686030   0.0000217408   0.0000455539
