   0.0000000000   0.0000000000   0.0000000000   0.0000000000
   0.0020000000   0.0000000000   0.0000000000   0.0000000000
   0.0040000000   0.0000000000   0.0000000000   0.0000000000
   0.0060000000   0.0000000000   0.0000000000   0.0000000000
   0.0080000000   0.0000000000   0.0000000000   0.0000000000
   0.0100000000   0.0000000000   0.0000000000   0.0000000000
   0.0120000000   0.0000000000   0.0000000000   0.0000000000
   0.0140000000   0.0000000000   0.0000000000   0.0000000000
   0.0159999999   0.0000000000   0.0000000000   0.0000000000
   0.0179999999   0.0000000000   0.0000000000   0.0000000000
   0.0199999999   0.0000000000   0.0000000000   0.0000000000
   0.0219999999   0.0000000000   0.0000000000   0.0000000000
   0.0239999999   0.0000000000   0.0000000000   0.0000000000
   0.0259999999   0.0000000000   0.0000000000   0.0000000000
   0.0279999999   0.0000000000   0.0000000000   0.0000000000
   0.0299999999   0.0000000000   0.0000000000   0.0000000000
   0.0319999999   0.0000000000   0.0000000000   0.0000000000
   0.0339999999   0.0000000000   0.0000000000   0.0000000000
   0.0359999999   0.0000000000   0.0000000000   0.0000000000
   0.0379999999   0.0000000000   0.0000000000   0.0000000000
   0.0399999999   0.0000000000   0.0000000000   0.0000000000
   0.0419999999   0.0000000000   0.0000000000   0.0000000000
   0.0439999999   0.0000000000   0.0000000000   0.0000000000
   0.0459999998   0.0000000000   0.0000000000   0.0000000000
   0.0479999998   0.0000000000   0.0000000000   0.0000000000
   0.0499999998   0.0000000000   0.0000000000   0.0000000000
   0.0519999998   0.0000000000   0.0000000000   0.0000000000
   0.0539999998   0.0000000000   0.0000000000   0.0000000000
   0.0559999998   0.0000000000   0.0000000000   0.0000000000
   0.0579999998   0.0000000000   0.0000000000   0.0000000000
   0.0599999998   0.0000000000   0.0000000000   0.0000000000
   0.0619999998   0.0000000000   0.0000000000   0.0000000000
   0.0639999998   0.0000000000   0.0000000000   0.0000000000
   0.0659999998   0.0000000000   0.0000000000   0.0000000000
   0.0679999998   0.0000000000   0.0000000000   0.0000000000
   0.0699999998   0.0000000000   0.0000000000   0.0000000000
   0.0719999998   0.0000000000   0.0000000000   0.0000000000
   0.0739999998   0.0000000000   0.0000000000   0.0000000000
   0.0759999997   0.0000000000   0.0000000000   0.0000000000
   0.0779999997   0.0000000000   0.0000000000   0.0000000000
   0.0799999997   0.0000000000   0.0000000000   0.0000000000
   0.0819999997   0.0000000000   0.0000000000   0.0000000000
   0.0839999997   0.0000000000   0.0000000000   0.0000000000
   0.0859999997   0.0000000000   0.0000000000   0.0000000000
   0.0879999997   0.0000000000   0.0000000000   0.0000000000
   0.0899999997   0.0000000000   0.0000000000   0.0000000000
   0.0919999997   0.0000000000   0.0000000000   0.0000000000
   0.0939999997   0.0000000000   0.0000000000   0.0000000000
   0.0959999997   0.0000000000   0.0000000000   0.0000000000
   0.0979999997   0.0000000000   0.0000000000   0.0000000000
   0.0999999997   0.0000000000   0.0000000000   0.0000000000
   0.1019999997   0.0000000000   0.0000000000   0.0000000000
   0.1039999997   0.0000000000   0.0000000000   0.0000000000
   0.1059999996   0.0000000000   0.0000000000   0.0000000000
   0.1079999996   0.0000000000   0.0000000000   0.0000000000
   0.1099999996   0.0000000000   0.0000000000   0.0000000000
   0.1119999996   0.0000000000   0.0000000000   0.0000000000
   0.1139999996   0.0000000000   0.0000000000   0.0000000000
   0.1159999996   0.0000000000   0.0000000000   0.0000000000
   0.1179999996   0.0000000000   0.0000000000   0.0000000000
   0.1199999996   0.0000000000   0.0000000000   0.0000000000
   0.1219999996   0.0000000000   0.0000000000   0.0000000000
   0.1239999996   0.0000000000   0.0000000000   0.0000000000
   0.1259999996   0.0000000000   0.0000000000   0.0000000000
   0.1279999996   0.0000000000   0.0000000000   0.0000000000
   0.1299999996  -0.0000000000  -0.0000000000  -0.0000000000
   0.1319999996   0.0000000000  -0.0000000000   0.0000000000
   0.1339999996   0.0000000000  -0.0000000000   0.0000000000
   0.1359999995   0.0000000000  -0.0000000000   0.0000000000
   0.1379999995   0.0000000000  -0.0000000000   0.0000000000
   0.1399999995   0.0000000000  -0.0000000000   0.0000000000
   0.1419999995   0.0000000000  -0.0000000000   0.0000000000
   0.1439999995   0.0000000000  -0.0000000000   0.0000000000
   0.1459999995   0.0000000000  -0.0000000000   0.0000000000
   0.1479999995   0.0000000000  -0.0000000000   0.0000000000
   0.1499999995   0.0000000000  -0.0000000000   0.0000000000
   0.1519999995   0.0000000000  -0.0000000000   0.0000000000
   0.1539999995   0.0000000000  -0.0000000000   0.0000000000
   0.1559999995   0.0000000000  -0.0000000000   0.0000000000
   0.1579999995   0.0000000000  -0.0000000000   0.0000000000
   0.1599999995   0.0000000000  -0.0000000000   0.0000000000
   0.1619999995   0.0000000000  -0.0000000000   0.0000000000
   0.1639999994   0.0000000000  -0.0000000000   0.0000000000
   0.1659999994   0.0000000000  -0.0000000000   0.0000000000
   0.1679999994   0.0000000000  -0.0000000000   0.0000000000
   0.1699999994   0.0000000000  -0.0000000000   0.0000000000
   0.1719999994   0.0000000000  -0.0000000000   0.0000000000
   0.1739999994   0.0000000000  -0.0000000000   0.0000000000
   0.1759999994   0.0000000000  -0.0000000000   0.0000000000
   0.1779999994   0.0000000000  -0.0000000000   0.0000000000
   0.1799999994   0.0000000000  -0.0000000000   0.0000000000
   0.1819999994   0.0000000000  -0.0000000000   0.0000000000
   0.1839999994   0.0000000000  -0.0000000000   0.0000000000
   0.1859999994   0.0000000000  -0.0000000000   0.0000000000
   0.1879999994   0.0000000000  -0.0000000000   0.0000000000
   0.1899999994   0.0000000000  -0.0000000000   0.0000000000
   0.1919999994   0.0000000000  -0.0000000000   0.0000000000
   0.1939999993   0.0000000000  -0.0000000000   0.0000000000
   0.1959999993   0.0000000000  -0.0000000000   0.0000000000
   0.1979999993   0.0000000000  -0.0000000000   0.0000000000
   0.1999999993   0.0000000000  -0.0000000000   0.0000000000
   0.2019999993   0.0000000000  -0.0000000000   0.0000000000
   0.2039999993   0.0000000000  -0.0000000000   0.0000000000
   0.2059999993   0.0000000000  -0.0000000000   0.0000000000
   0.2079999993   0.0000000000  -0.0000000000   0.0000000000
   0.2099999993   0.0000000000  -0.0000000000   0.0000000000
   0.2119999993   0.0000000000  -0.0000000000   0.0000000000
   0.2139999993   0.0000000000  -0.0000000000   0.0000000000
   0.2159999993   0.0000000000  -0.0000000000   0.0000000000
   0.2179999993   0.0000000000  -0.0000000000   0.0000000000
   0.2199999993   0.0000000000  -0.0000000000   0.0000000000
   0.2219999993   0.0000000000  -0.0000000000   0.0000000000
   0.2239999992   0.0000000000  -0.0000000000   0.0000000000
   0.2259999992   0.0000000000  -0.0000000000   0.0000000000
   0.2279999992   0.0000000000  -0.0000000000   0.0000000000
   0.2299999992   0.0000000000  -0.0000000000   0.0000000000
   0.2319999992   0.0000000000  -0.0000000000   0.0000000000
   0.2339999992   0.0000000000  -0.0000000000   0.0000000000
   0.2359999992   0.0000000000  -0.0000000000   0.0000000000
   0.2379999992   0.0000000000  -0.0000000000   0.0000000000
   0.2399999992   0.0000000000  -0.0000000000   0.0000000000
   0.2419999992   0.0000000000  -0.0000000000   0.0000000000
   0.2439999992   0.0000000000  -0.0000000000   0.0000000000
   0.2459999992   0.0000000000  -0.0000000000   0.0000000000
   0.2479999992   0.0000000000  -0.0000000000   0.0000000000
   0.2499999992   0.0000000000  -0.0000000000   0.0000000000
   0.2519999992   0.0000000000  -0.0000000000   0.0000000000
   0.2539999991   0.0000000000  -0.0000000000   0.0000000000
   0.2559999991   0.0000000000  -0.0000000000   0.0000000000
   0.2579999991   0.0000000000  -0.0000000000   0.0000000000
   0.2599999991   0.0000000000  -0.0000000000   0.0000000000
   0.2619999991   0.0000000000  -0.0000000000   0.0000000000
   0.2639999991   0.0000000000  -0.0000000000   0.0000000000
   0.2659999991   0.0000000000  -0.0000000000   0.0000000000
   0.2679999991   0.0000000000  -0.0000000000   0.0000000000
   0.2699999991   0.0000000000  -0.0000000000   0.0000000000
   0.2719999991   0.0000000000  -0.0000000000   0.0000000000
   0.2739999991   0.0000000000  -0.0000000000   0.0000000000
   0.2759999991   0.0000000000  -0.0000000000   0.0000000000
   0.2779999991   0.0000000000  -0.0000000000   0.0000000000
   0.2799999991   0.0000000000  -0.0000000000   0.0000000000
   0.2819999991   0.0000000000  -0.0000000000   0.0000000000
   0.2839999990   0.0000000000  -0.0000000000   0.0000000000
   0.2859999990   0.0000000000  -0.0000000000   0.0000000000
   0.2879999990   0.0000000000  -0.0000000000   0.0000000000
   0.2899999990   0.0000000000  -0.0000000000   0.0000000000
   0.2919999990   0.0000000000  -0.0000000000   0.0000000000
   0.2939999990   0.0000000000  -0.0000000000   0.0000000000
   0.2959999990   0.0000000000  -0.0000000000   0.0000000000
   0.2979999990   0.0000000000  -0.0000000000   0.0000000000
   0.2999999990   0.0000000000  -0.0000000000   0.0000000000
   0.3019999990   0.0000000000  -0.0000000000   0.0000000000
   0.3039999990   0.0000000000  -0.0000000000   0.0000000000
   0.3059999990   0.0000000000  -0.0000000000   0.0000000000
   0.3079999990   0.0000000000  -0.0000000000   0.0000000000
   0.3099999990   0.0000000000  -0.0000000000   0.0000000000
   0.3119999990   0.0000000000  -0.0000000000   0.0000000000
   0.3139999989   0.0000000000  -0.0000000000   0.0000000000
   0.3159999989   0.0000000000  -0.0000000000   0.0000000000
   0.3179999989   0.0000000000  -0.0000000000   0.0000000000
   0.3199999989   0.0000000000  -0.0000000000   0.0000000000
   0.3219999989   0.0000000000  -0.0000000000   0.0000000000
   0.3239999989   0.0000000000  -0.0000000000   0.0000000000
   0.3259999989   0.0000000000  -0.0000000000   0.0000000000
   0.3279999989   0.0000000000  -0.0000000000   0.0000000000
   0.3299999989   0.0000000000  -0.0000000000   0.0000000000
   0.3319999989   0.0000000000  -0.0000000000   0.0000000000
   0.3339999989   0.0000000000  -0.0000000000   0.0000000000
   0.3359999989   0.0000000000  -0.0000000000   0.0000000000
   0.3379999989   0.0000000000  -0.0000000000   0.0000000000
   0.3399999989   0.0000000000  -0.0000000000   0.0000000000
   0.3419999989   0.0000000000  -0.0000000000   0.0000000000
   0.3439999988   0.0000000000  -0.0000000000   0.0000000000
   0.3459999988   0.0000000000  -0.0000000000   0.0000000000
   0.3479999988   0.0000000000  -0.0000000000   0.0000000000
   0.3499999988   0.0000000000  -0.0000000000   0.0000000000
   0.3519999988   0.0000000000  -0.0000000000   0.0000000000
   0.3539999988   0.0000000000  -0.0000000000   0.0000000000
   0.3559999988   0.0000000000  -0.0000000000   0.0000000000
   0.3579999988   0.0000000000  -0.0000000000   0.0000000000
   0.3599999988   0.0000000000  -0.0000000000   0.0000000000
   0.3619999988   0.0000000000  -0.0000000000   0.0000000000
   0.3639999988   0.0000000000  -0.0000000000   0.0000000000
   0.3659999988   0.0000000000  -0.0000000000   0.0000000000
   0.3679999988   0.0000000000  -0.0000000000   0.0000000000
   0.3699999988   0.0000000000  -0.0000000000   0.0000000000
   0.3719999988   0.0000000000  -0.0000000000   0.0000000000
   0.3739999987   0.0000000000  -0.0000000000   0.0000000000
   0.3759999987   0.0000000000  -0.0000000000   0.0000000000
   0.3779999987   0.0000000000  -0.0000000000   0.0000000000
   0.3799999987   0.0000000000  -0.0000000000   0.0000000000
   0.3819999987   0.0000000000  -0.0000000000   0.0000000000
   0.3839999987   0.0000000000  -0.0000000000   0.0000000000
   0.3859999987   0.0000000000  -0.0000000000   0.0000000000
   0.3879999987   0.0000000000  -0.0000000000   0.0000000000
   0.3899999987   0.0000000000  -0.0000000000   0.0000000000
   0.3919999987   0.0000000000  -0.0000000000   0.0000000000
   0.3939999987   0.0000000000  -0.0000000000   0.0000000000
   0.3959999987   0.0000000000  -0.0000000000   0.0000000000
   0.3979999987   0.0000000000  -0.0000000000   0.0000000000
   0.3999999987   0.0000000000  -0.0000000000   0.0000000000
   0.4019999987   0.0000000000  -0.0000000000   0.0000000000
   0.4039999986   0.0000000000  -0.0000000000   0.0000000000
   0.4059999986   0.0000000000  -0.0000000000   0.0000000000
   0.4079999986   0.0000000000  -0.0000000000   0.0000000000
   0.4099999986   0.0000000000  -0.0000000000   0.0000000000
   0.4119999986   0.0000000000  -0.0000000000   0.0000000000
   0.4139999986   0.0000000000  -0.0000000000   0.0000000000
   0.4159999986   0.0000000000  -0.0000000000   0.0000000000
   0.4179999986   0.0000000000  -0.0000000000   0.0000000000
   0.4199999986   0.0000000000  -0.0000000000   0.0000000000
   0.4219999986   0.0000000000  -0.0000000000   0.0000000000
   0.4239999986   0.0000000000  -0.0000000000   0.0000000000
   0.4259999986   0.0000000000  -0.0000000000   0.0000000000
   0.4279999986   0.0000000000  -0.0000000000   0.0000000000
   0.4299999986   0.0000000000  -0.0000000000   0.0000000000
   0.4319999985   0.0000000000  -0.0000000000   0.0000000000
   0.4339999985   0.0000000000  -0.0000000000   0.0000000000
   0.4359999985   0.0000000000  -0.0000000000   0.0000000000
   0.4379999985   0.0000000000  -0.0000000000   0.0000000000
   0.4399999985   0.0000000000  -0.0000000000   0.0000000000
   0.4419999985   0.0000000000  -0.0000000000   0.0000000000
   0.4439999985   0.0000000000  -0.0000000000   0.0000000000
   0.4459999985   0.0000000000  -0.0000000000   0.0000000000
   0.4479999985   0.0000000000  -0.0000000000   0.0000000000
   0.4499999985   0.0000000000  -0.0000000000   0.0000000000
   0.4519999985   0.0000000000  -0.0000000000   0.0000000000
   0.4539999985   0.0000000000  -0.0000000000   0.0000000000
   0.4559999985   0.0000000000  -0.0000000000   0.0000000000
   0.4579999985   0.0000000000  -0.0000000000   0.0000000000
   0.4599999985   0.0000000000  -0.0000000000   0.0000000000
   0.4619999984   0.0000000000  -0.0000000000   0.0000000000
   0.4639999984   0.0000000000  -0.0000000000   0.0000000000
   0.4659999984   0.0000000000  -0.0000000000   0.0000000000
   0.4679999984   0.0000000000  -0.0000000000   0.0000000000
   0.4699999984   0.0000000000  -0.0000000000   0.0000000000
   0.4719999984   0.0000000000  -0.0000000000   0.0000000000
   0.4739999984   0.0000000000  -0.0000000000   0.0000000000
   0.4759999984   0.0000000000  -0.0000000000   0.0000000000
   0.4779999984   0.0000000000  -0.0000000000   0.0000000000
   0.4799999984   0.0000000000  -0.0000000000   0.0000000000
   0.4819999984   0.0000000000  -0.0000000000   0.0000000000
   0.4839999984   0.0000000000  -0.0000000000   0.0000000000
   0.4859999984   0.0000000000  -0.0000000000   0.0000000000
   0.4879999984   0.0000000000  -0.0000000000   0.0000000000
   0.4899999984   0.0000000000  -0.0000000000   0.0000000000
   0.4919999983   0.0000000000  -0.0000000000   0.0000000000
   0.4939999983   0.0000000000  -0.0000000000   0.0000000000
   0.4959999983   0.0000000000  -0.0000000000   0.0000000000
   0.4979999983   0.0000000000  -0.0000000000   0.0000000000
   0.4999999983   0.0000000000  -0.0000000000   0.0000000000
   0.5019999983   0.0000000000  -0.0000000000   0.0000000000
   0.5039999983   0.0000000000  -0.0000000000   0.0000000000
   0.5059999983   0.0000000000  -0.0000000000   0.0000000000
   0.5079999983   0.0000000000  -0.0000000000   0.0000000000
   0.5099999983   0.0000000000  -0.0000000000   0.0000000000
   0.5119999983   0.0000000000  -0.0000000000   0.0000000000
   0.5139999983   0.0000000000  -0.0000000000   0.0000000000
   0.5159999983   0.0000000000  -0.0000000000   0.0000000000
   0.5179999983   0.0000000000  -0.0000000000   0.0000000000
   0.5199999983   0.0000000000  -0.0000000000   0.0000000000
   0.5219999982   0.0000000000  -0.0000000000   0.0000000000
   0.5239999982   0.0000000000  -0.0000000000   0.0000000000
   0.5259999982   0.0000000000  -0.0000000000   0.0000000000
   0.5279999982   0.0000000000  -0.0000000000   0.0000000000
   0.5299999982   0.0000000000  -0.0000000000   0.0000000000
   0.5319999982   0.0000000000  -0.0000000000   0.0000000000
   0.5339999982   0.0000000000  -0.0000000000   0.0000000000
   0.5359999982   0.0000000000  -0.0000000000   0.0000000000
   0.5379999982   0.0000000000  -0.0000000000   0.0000000000
   0.5399999982   0.0000000000  -0.0000000000   0.0000000000
   0.5419999982   0.0000000000  -0.0000000000   0.0000000000
   0.5439999982   0.0000000000  -0.0000000000   0.0000000000
   0.5459999982   0.0000000000  -0.0000000000   0.0000000000
   0.5479999982   0.0000000000   0.0000000000   0.0000000000
   0.5499999982   0.0000000000   0.0000000000   0.0000000000
   0.5519999981  -0.0000000000   0.0000000000  -0.0000000000
   0.5539999981  -0.0000000000   0.0000000000  -0.0000000000
   0.5559999981  -0.0000000000   0.0000000000  -0.0000000000
   0.5579999981  -0.0000000000   0.0000000000  -0.0000000000
   0.5599999981  -0.0000000000   0.0000000000  -0.0000000000
   0.5619999981  -0.0000000000   0.0000000000  -0.0000000000
   0.5639999981  -0.0000000000   0.0000000000  -0.0000000000
   0.5659999981  -0.0000000000   0.0000000000  -0.0000000000
   0.5679999981  -0.0000000000   0.0000000000  -0.0000000000
   0.5699999981  -0.0000000000   0.0000000000  -0.0000000000
   0.5719999981  -0.0000000000   0.0000000000  -0.0000000000
   0.5739999981  -0.0000000000   0.0000000000  -0.0000000000
   0.5759999981  -0.0000000000   0.0000000000  -0.0000000000
   0.5779999981  -0.0000000000   0.0000000000  -0.0000000000
   0.5799999981  -0.0000000000   0.0000000000  -0.0000000000
   0.5819999980  -0.0000000000   0.0000000000  -0.0000000000
   0.5839999980  -0.0000000000   0.0000000000  -0.0000000000
   0.5859999980  -0.0000000000   0.0000000000  -0.0000000000
   0.5879999980  -0.0000000000   0.0000000000  -0.0000000000
   0.5899999980  -0.0000000000   0.0000000000  -0.0000000000
   0.5919999980  -0.0000000000   0.0000000000  -0.0000000000
   0.5939999980  -0.0000000000   0.0000000000  -0.0000000000
   0.5959999980  -0.0000000000   0.0000000000  -0.0000000000
   0.5979999980  -0.0000000000   0.0000000000  -0.0000000000
   0.5999999980  -0.0000000000   0.0000000000  -0.0000000000
   0.6019999980  -0.0000000000   0.0000000000  -0.0000000000
   0.6039999980  -0.0000000000   0.0000000000  -0.0000000000
   0.6059999980  -0.0000000000   0.0000000000  -0.0000000000
   0.6079999980  -0.0000000000   0.0000000000  -0.0000000000
   0.6099999980  -0.0000000000   0.0000000000  -0.0000000000
   0.6119999979  -0.0000000000   0.0000000000  -0.0000000000
   0.6139999979  -0.0000000000   0.0000000000  -0.0000000000
   0.6159999979  -0.0000000000   0.0000000000  -0.0000000000
   0.6179999979  -0.0000000000   0.0000000000  -0.0000000000
   0.6199999979  -0.0000000000   0.0000000000  -0.0000000000
   0.6219999979  -0.0000000000   0.0000000000  -0.0000000000
   0.6239999979  -0.0000000000   0.0000000000  -0.0000000000
   0.6259999979  -0.0000000000   0.0000000000  -0.0000000000
   0.6279999979  -0.0000000000   0.0000000000  -0.0000000000
   0.6299999979  -0.0000000000   0.0000000000  -0.0000000000
   0.6319999979  -0.0000000000   0.0000000000  -0.0000000000
   0.6339999979  -0.0000000000   0.0000000000  -0.0000000000
   0.6359999979  -0.0000000000   0.0000000000  -0.0000000000
   0.6379999979  -0.0000000000   0.0000000000  -0.0000000000
   0.6399999979  -0.0000000000   0.0000000000  -0.0000000000
   0.6419999978  -0.0000000000   0.0000000000  -0.0000000000
   0.6439999978  -0.0000000000   0.0000000000  -0.0000000000
   0.6459999978  -0.0000000000   0.0000000000  -0.0000000000
   0.6479999978  -0.0000000000   0.0000000000  -0.0000000000
   0.6499999978  -0.0000000000   0.0000000000  -0.0000000000
   0.6519999978  -0.0000000000   0.0000000000  -0.0000000000
   0.6539999978  -0.0000000000   0.0000000000  -0.0000000000
   0.6559999978  -0.0000000000   0.0000000000  -0.0000000000
   0.6579999978  -0.0000000000   0.0000000000  -0.0000000000
   0.6599999978  -0.0000000000   0.0000000000  -0.0000000000
   0.6619999978  -0.0000000000   0.0000000000  -0.0000000000
   0.6639999978  -0.0000000000   0.0000000000  -0.0000000000
   0.6659999978  -0.0000000000   0.0000000000  -0.0000000000
   0.6679999978  -0.0000000000   0.0000000000  -0.0000000000
   0.6699999978  -0.0000000000   0.0000000000  -0.0000000000
   0.6719999977  -0.0000000000   0.0000000000  -0.0000000000
   0.6739999977  -0.0000000000   0.0000000000  -0.0000000000
   0.6759999977  -0.0000000000   0.0000000000  -0.0000000000
   0.6779999977  -0.0000000000   0.0000000000  -0.0000000000
   0.6799999977  -0.0000000000   0.0000000000  -0.0000000000
   0.6819999977  -0.0000000000   0.0000000000  -0.0000000000
   0.6839999977  -0.0000000000   0.0000000000  -0.0000000000
   0.6859999977  -0.0000000000   0.0000000000  -0.0000000000
   0.6879999977  -0.0000000000   0.0000000000  -0.0000000000
   0.6899999977  -0.0000000000   0.0000000000  -0.0000000000
   0.6919999977  -0.0000000000   0.0000000000  -0.0000000000
   0.6939999977  -0.0000000000   0.0000000000  -0.0000000000
   0.6959999977  -0.0000000000   0.0000000000  -0.0000000000
   0.6979999977  -0.0000000000   0.0000000000  -0.0000000000
   0.6999999976  -0.0000000000   0.0000000000  -0.0000000000
   0.7019999976  -0.0000000000   0.0000000000  -0.0000000000
   0.7039999976  -0.0000000000   0.0000000000  -0.0000000000
   0.7059999976  -0.0000000000   0.0000000000  -0.0000000000
   0.7079999976  -0.0000000000   0.0000000000  -0.0000000000
   0.7099999976  -0.0000000000   0.0000000000  -0.0000000000
   0.7119999976  -0.0000000000   0.0000000000  -0.0000000000
   0.7139999976  -0.0000000000   0.0000000000  -0.0000000000
   0.7159999976  -0.0000000000   0.0000000000  -0.0000000000
   0.7179999976  -0.0000000000   0.0000000000  -0.0000000000
   0.7199999976  -0.0000000000   0.0000000000  -0.0000000000
   0.7219999976  -0.0000000000   0.0000000000  -0.0000000000
   0.7239999976  -0.0000000000   0.0000000000  -0.0000000000
   0.7259999976  -0.0000000000   0.0000000000  -0.0000000000
   0.7279999976  -0.0000000000   0.0000000000  -0.0000000000
   0.7299999975  -0.0000000000   0.0000000000  -0.0000000000
   0.7319999975  -0.0000000000   0.0000000000  -0.0000000000
   0.7339999975  -0.0000000000   0.0000000000  -0.0000000000
   0.7359999975  -0.0000000000   0.0000000000  -0.0000000000
   0.7379999975  -0.0000000000   0.0000000000  -0.0000000000
   0.7399999975  -0.0000000000  -0.0000000000  -0.0000000000
   0.7419999975  -0.0000000000  -0.0000000000  -0.0000000000
   0.7439999975  -0.0000000000  -0.0000000000  -0.0000000000
   0.7459999975  -0.0000000000  -0.0000000000  -0.0000000000
   0.7479999975  -0.0000000000  -0.0000000000  -0.0000000000
   0.7499999975  -0.0000000000  -0.0000000000  -0.0000000000
   0.7519999975  -0.0000000000  -0.0000000000  -0.0000000000
   0.7539999975  -0.0000000000  -0.0000000000  -0.0000000000
   0.7559999975  -0.0000000000  -0.0000000000  -0.0000000000
   0.7579999975  -0.0000000000  -0.0000000000  -0.0000000000
   0.7599999974  -0.0000000000  -0.0000000000  -0.0000000000
   0.7619999974  -0.0000000000  -0.0000000000  -0.0000000000
   0.7639999974  -0.0000000000  -0.0000000000  -0.0000000000
   0.7659999974  -0.0000000000  -0.0000000000  -0.0000000000
   0.7679999974  -0.0000000000  -0.0000000000  -0.0000000000
   0.7699999974  -0.0000000000  -0.0000000000  -0.0000000000
   0.7719999974  -0.0000000000  -0.0000000000  -0.0000000000
   0.7739999974  -0.0000000000  -0.0000000000  -0.0000000000
   0.7759999974  -0.0000000000  -0.0000000000  -0.0000000000
   0.7779999974  -0.0000000000  -0.0000000000  -0.0000000000
   0.7799999974  -0.0000000000  -0.0000000000  -0.0000000000
   0.7819999974  -0.0000000000  -0.0000000000  -0.0000000000
   0.7839999974  -0.0000000000  -0.0000000000  -0.0000000000
   0.7859999974  -0.0000000000  -0.0000000000  -0.0000000000
   0.7879999974  -0.0000000000  -0.0000000000  -0.0000000000
   0.7899999973  -0.0000000000  -0.0000000000  -0.0000000000
   0.7919999973  -0.0000000000  -0.0000000000  -0.0000000000
   0.7939999973  -0.0000000000  -0.0000000000  -0.0000000000
   0.7959999973  -0.0000000000  -0.0000000000  -0.0000000000
   0.7979999973  -0.0000000000  -0.0000000000  -0.0000000000
   0.7999999973  -0.0000000000  -0.0000000000  -0.0000000000
   0.8019999973  -0.0000000000  -0.0000000000  -0.0000000000
   0.8039999973  -0.0000000000  -0.0000000000  -0.0000000000
   0.8059999973  -0.0000000000  -0.0000000000  -0.0000000000
   0.8079999973  -0.0000000000  -0.0000000000  -0.0000000000
   0.8099999973  -0.0000000000  -0.0000000000  -0.0000000000
   0.8119999973  -0.0000000000  -0.0000000000  -0.0000000000
   0.8139999973  -0.0000000000  -0.0000000000  -0.0000000000
   0.8159999973  -0.0000000000  -0.0000000000  -0.0000000000
   0.8179999973  -0.0000000000  -0.0000000000  -0.0000000000
   0.8199999972  -0.0000000000  -0.0000000000  -0.0000000000
   0.8219999972  -0.0000000000  -0.0000000000  -0.0000000000
   0.8239999972  -0.0000000000  -0.0000000000  -0.0000000000
   0.8259999972  -0.0000000000  -0.0000000000  -0.0000000000
   0.8279999972  -0.0000000000  -0.0000000000  -0.0000000000
   0.8299999972  -0.0000000000  -0.0000000000  -0.0000000000
   0.8319999972  -0.0000000000  -0.0000000000  -0.0000000000
   0.8339999972  -0.0000000000  -0.0000000000  -0.0000000000
   0.8359999972  -0.0000000000  -0.0000000000  -0.0000000000
   0.8379999972  -0.0000000000  -0.0000000000  -0.0000000000
   0.8399999972  -0.0000000000  -0.0000000000  -0.0000000000
   0.8419999972  -0.0000000000  -0.0000000000  -0.0000000000
   0.8439999972  -0.0000000000  -0.0000000000  -0.0000000000
   0.8459999972  -0.0000000000  -0.0000000000  -0.0000000000
   0.8479999972  -0.0000000000  -0.0000000000  -0.0000000000
   0.8499999971  -0.0000000000  -0.0000000000  -0.0000000000
   0.8519999971  -0.0000000000  -0.0000000000  -0.0000000000
   0.8539999971  -0.0000000000  -0.0000000000  -0.0000000000
   0.8559999971  -0.0000000000  -0.0000000000  -0.0000000000
   0.8579999971  -0.0000000000  -0.0000000000  -0.0000000000
   0.8599999971  -0.0000000000  -0.0000000000  -0.0000000000
   0.8619999971  -0.0000000000  -0.0000000000  -0.0000000000
   0.8639999971  -0.0000000000  -0.0000000000  -0.0000000000
   0.8659999971  -0.0000000000  -0.0000000000  -0.0000000000
   0.8679999971  -0.0000000000  -0.0000000000  -0.0000000000
   0.8699999971  -0.0000000000  -0.0000000000  -0.0000000000
   0.8719999971  -0.0000000000  -0.0000000000  -0.0000000000
   0.8739999971  -0.0000000000  -0.0000000000  -0.0000000000
   0.8759999971  -0.0000000000  -0.0000000000  -0.0000000000
   0.8779999971  -0.0000000000  -0.0000000000  -0.0000000000
   0.8799999970  -0.0000000000  -0.0000000000  -0.0000000000
   0.8819999970  -0.0000000000  -0.0000000000  -0.0000000000
   0.8839999970  -0.0000000000  -0.0000000000  -0.0000000000
   0.8859999970  -0.0000000000  -0.0000000000  -0.0000000000
   0.8879999970  -0.0000000000  -0.0000000000  -0.0000000000
   0.8899999970  -0.0000000000  -0.0000000000  -0.0000000000
   0.8919999970  -0.0000000000  -0.0000000000  -0.0000000000
   0.8939999970  -0.0000000000  -0.0000000000  -0.0000000000
   0.8959999970  -0.0000000000  -0.0000000000  -0.0000000000
   0.8979999970  -0.0000000000  -0.0000000000  -0.0000000000
   0.8999999970  -0.0000000000  -0.0000000000  -0.0000000000
   0.9019999970  -0.0000000000  -0.0000000000  -0.0000000000
   0.9039999970  -0.0000000000  -0.0000000000  -0.0000000000
   0.9059999970  -0.0000000000  -0.0000000000  -0.0000000000
   0.9079999970  -0.0000000000  -0.0000000000  -0.0000000000
   0.9099999969  -0.0000000000  -0.0000000000  -0.0000000000
   0.9119999969  -0.0000000000  -0.0000000000  -0.0000000000
   0.9139999969  -0.0000000000  -0.0000000000  -0.0000000000
   0.9159999969  -0.0000000000  -0.0000000000  -0.0000000000
   0.9179999969  -0.0000000000  -0.0000000000  -0.0000000000
   0.9199999969  -0.0000000000  -0.0000000000  -0.0000000000
   0.9219999969  -0.0000000000  -0.0000000000  -0.0000000000
   0.9239999969  -0.0000000000  -0.0000000000  -0.0000000000
   0.9259999969  -0.0000000000  -0.0000000000  -0.0000000000
   0.9279999969  -0.0000000000  -0.0000000000  -0.0000000000
   0.9299999969  -0.0000000000  -0.0000000000  -0.0000000000
   0.9319999969  -0.0000000000  -0.0000000000  -0.0000000000
   0.9339999969  -0.0000000000  -0.0000000000  -0.0000000000
   0.9359999969  -0.0000000000  -0.0000000000  -0.0000000000
   0.9379999969  -0.0000000000  -0.0000000000  -0.0000000000
   0.9399999968  -0.0000000000  -0.0000000000  -0.0000000000
   0.9419999968  -0.0000000000  -0.0000000000  -0.0000000000
   0.9439999968  -0.0000000000  -0.0000000000  -0.0000000000
   0.9459999968  -0.0000000000  -0.0000000000  -0.0000000000
   0.9479999968  -0.0000000000  -0.0000000000  -0.0000000000
   0.9499999968  -0.0000000000  -0.0000000000  -0.0000000000
   0.9519999968  -0.0000000000  -0.0000000000  -0.0000000000
   0.9539999968  -0.0000000000  -0.0000000000  -0.0000000000
   0.9559999968  -0.0000000000  -0.0000000000  -0.0000000000
   0.9579999968  -0.0000000000  -0.0000000000  -0.0000000000
   0.9599999968  -0.0000000000  -0.0000000000  -0.0000000000
   0.9619999968  -0.0000000000  -0.0000000000  -0.0000000000
   0.9639999968  -0.0000000000  -0.0000000000  -0.0000000000
   0.9659999968  -0.0000000000  -0.0000000000  -0.0000000000
   0.9679999967  -0.0000000000  -0.0000000000  -0.0000000000
   0.9699999967  -0.0000000000  -0.0000000000  -0.0000000000
   0.9719999967  -0.0000000000  -0.0000000000  -0.0000000000
   0.9739999967  -0.0000000000  -0.0000000000  -0.0000000000
   0.9759999967  -0.0000000000  -0.0000000000  -0.0000000000
   0.9779999967  -0.0000000000  -0.0000000000  -0.0000000000
   0.9799999967  -0.0000000000  -0.0000000000  -0.0000000000
   0.9819999967  -0.0000000000  -0.0000000000  -0.0000000000
   0.9839999967  -0.0000000000  -0.0000000000  -0.0000000000
   0.9859999967  -0.0000000000  -0.0000000000  -0.0000000000
   0.9879999967  -0.0000000000  -0.0000000000  -0.0000000000
   0.9899999967  -0.0000000000  -0.0000000000  -0.0000000000
   0.9919999967  -0.0000000000  -0.0000000000  -0.0000000000
   0.9939999967  -0.0000000000  -0.0000000000  -0.0000000000
   0.9959999967  -0.0000000000  -0.0000000000  -0.0000000000
   0.9979999966  -0.0000000000  -0.0000000000  -0.0000000000
   0.9999999966  -0.0000000000  -0.0000000000  -0.0000000000
   1.0019999966  -0.0000000000  -0.0000000000  -0.0000000000
   1.0039999966  -0.0000000000  -0.0000000000  -0.0000000000
   1.0059999966  -0.0000000000  -0.0000000000  -0.0000000000
   1.0079999966  -0.0000000000  -0.0000000000  -0.0000000000
   1.0099999966  -0.0000000000  -0.0000000000  -0.0000000000
   1.0119999966  -0.0000000000  -0.0000000000  -0.0000000000
   1.0139999966  -0.0000000000  -0.0000000000  -0.0000000000
   1.0159999966  -0.0000000000  -0.0000000000  -0.0000000000
   1.0179999966  -0.0000000000  -0.0000000000  -0.0000000000
   1.0199999966  -0.0000000000  -0.0000000000  -0.0000000000
   1.0219999966  -0.0000000000  -0.0000000000  -0.0000000000
   1.0239999966  -0.0000000000  -0.0000000000  -0.0000000000
   1.0259999966  -0.0000000000  -0.0000000000  -0.0000000000
   1.0279999965  -0.0000000000  -0.0000000000  -0.0000000000
   1.0299999965  -0.0000000000  -0.0000000000  -0.0000000000
   1.0319999965  -0.0000000000  -0.0000000000  -0.0000000000
   1.0339999965  -0.0000000000  -0.0000000000  -0.0000000000
   1.0359999965  -0.0000000000  -0.0000000000  -0.0000000000
   1.0379999965  -0.0000000000  -0.0000000000  -0.0000000000
   1.0399999965  -0.0000000000  -0.0000000000  -0.0000000000
   1.0419999965  -0.0000000000  -0.0000000000  -0.0000000000
   1.0439999965  -0.0000000000  -0.0000000000  -0.0000000000
   1.0459999965  -0.0000000000  -0.0000000000  -0.0000000000
   1.0479999965  -0.0000000000  -0.0000000000  -0.0000000000
   1.0499999965  -0.0000000000  -0.0000000000  -0.0000000000
   1.0519999965  -0.0000000000  -0.0000000000  -0.0000000000
   1.0539999965  -0.0000000000  -0.0000000000  -0.0000000000
   1.0559999965  -0.0000000000  -0.0000000000  -0.0000000000
   1.0579999964  -0.0000000000  -0.0000000000  -0.0000000000
   1.0599999964  -0.0000000000  -0.0000000000  -0.0000000000
   1.0619999964  -0.0000000000  -0.0000000000  -0.0000000000
   1.0639999964  -0.0000000000  -0.0000000000  -0.0000000000
   1.0659999964  -0.0000000000  -0.0000000000  -0.0000000000
   1.0679999964  -0.0000000000  -0.0000000000  -0.0000000000
   1.0699999964  -0.0000000000  -0.0000000000  -0.0000000000
   1.0719999964  -0.0000000000  -0.0000000000  -0.0000000000
   1.0739999964  -0.0000000000  -0.0000000000  -0.0000000000
   1.0759999964  -0.0000000000  -0.0000000000  -0.0000000000
   1.0779999964  -0.0000000000  -0.0000000000  -0.0000000000
   1.0799999964   0.0000000000   0.0000000000   0.0000000000
   1.0819999964   0.0000000000   0.0000000000   0.0000000000
   1.0839999964   0.0000000000   0.0000000000   0.0000000000
   1.0859999964   0.0000000000   0.0000000000   0.0000000000
   1.0879999963   0.0000000000   0.0000000000   0.0000000000
   1.0899999963   0.0000000000   0.0000000000   0.0000000000
   1.0919999963   0.0000000000   0.0000000000   0.0000000000
   1.0939999963   0.0000000000   0.0000000000   0.0000000000
   1.0959999963   0.0000000000   0.0000000000   0.0000000000
   1.0979999963   0.0000000000   0.0000000000   0.0000000000
   1.0999999963   0.0000000000   0.0000000000   0.0000000000
   1.1019999963   0.0000000000   0.0000000000   0.0000000000
   1.1039999963   0.0000000000   0.0000000000   0.0000000000
   1.1059999963   0.0000000000   0.0000000000   0.0000000000
   1.1079999963   0.0000000000   0.0000000000   0.0000000000
   1.1099999963   0.0000000000   0.0000000000   0.0000000000
   1.1119999963   0.0000000000   0.0000000000   0.0000000000
   1.1139999963   0.0000000000   0.0000000000   0.0000000000
   1.1159999963   0.0000000000   0.0000000000   0.0000000000
   1.1179999962   0.0000000000   0.0000000000   0.0000000000
   1.1199999962   0.0000000000   0.0000000000  -0.0000000000
   1.1219999962  -0.0000000000  -0.0000000000  -0.0000000000
   1.1239999962  -0.0000000000  -0.0000000000  -0.0000000000
   1.1259999962  -0.0000000000  -0.0000000000  -0.0000000000
   1.1279999962  -0.0000000000  -0.0000000000  -0.0000000000
   1.1299999962  -0.0000000000  -0.0000000000  -0.0000000000
   1.1319999962  -0.0000000000  -0.0000000000  -0.0000000000
   1.1339999962  -0.0000000000  -0.0000000000  -0.0000000000
   1.1359999962  -0.0000000000  -0.0000000000  -0.0000000000
   1.1379999962  -0.0000000000  -0.0000000000  -0.0000000000
   1.1399999962  -0.0000000000  -0.0000000000  -0.0000000000
   1.1419999962  -0.0000000000  -0.0000000000  -0.0000000000
   1.1439999962  -0.0000000000  -0.0000000000  -0.0000000000
   1.1459999962  -0.0000000000  -0.0000000000  -0.0000000000
   1.1479999961  -0.0000000000  -0.0000000000  -0.0000000000
   1.1499999961  -0.0000000000  -0.0000000000  -0.0000000000
   1.1519999961  -0.0000000000  -0.0000000000  -0.0000000000
   1.1539999961  -0.0000000000  -0.0000000000  -0.0000000000
   1.1559999961   0.0000000000   0.0000000000   0.0000000000
   1.1579999961   0.0000000000   0.0000000000   0.0000000000
   1.1599999961   0.0000000000   0.0000000000   0.0000000000
   1.1619999961   0.0000000000   0.0000000000   0.0000000000
   1.1639999961   0.0000000000   0.0000000000   0.0000000000
   1.1659999961   0.0000000000   0.0000000000   0.0000000000
   1.1679999961   0.0000000000   0.0000000000   0.0000000000
   1.1699999961   0.0000000000   0.0000000000   0.0000000000
   1.1719999961   0.0000000000   0.0000000000   0.0000000000
   1.1739999961   0.0000000000   0.0000000000   0.0000000000
   1.1759999961   0.0000000000   0.0000000000   0.0000000000
   1.1779999960   0.0000000000   0.0000000000   0.0000000000
   1.1799999960   0.0000000000   0.0000000000   0.0000000000
   1.1819999960   0.0000000000   0.0000000000   0.0000000000
   1.1839999960   0.0000000000   0.0000000000   0.0000000000
   1.1859999960  -0.0000000000  -0.0000000000  -0.0000000000
   1.1879999960  -0.0000000000  -0.0000000000  -0.0000000000
   1.1899999960  -0.0000000000  -0.0000000000  -0.0000000000
   1.1919999960  -0.0000000000  -0.0000000000  -0.0000000000
   1.1939999960  -0.0000000000  -0.0000000000  -0.0000000000
   1.1959999960  -0.0000000000  -0.0000000000  -0.0000000000
   1.1979999960  -0.0000000000  -0.0000000000  -0.0000000000
   1.1999999960  -0.0000000000  -0.0000000000  -0.0000000000
   1.2019999960  -0.0000000000  -0.0000000000  -0.0000000000
   1.2039999960  -0.0000000000  -0.0000000000  -0.0000000000
   1.2059999960  -0.0000000000  -0.0000000000  -0.0000000000
   1.2079999959  -0.0000000000  -0.0000000000  -0.0000000000
   1.2099999959  -0.0000000000  -0.0000000000  -0.0000000000
   1.2119999959  -0.0000000000  -0.0000000000  -0.0000000000
   1.2139999959   0.0000000000   0.0000000000   0.0000000000
   1.2159999959   0.0000000000   0.0000000000   0.0000000000
   1.2179999959   0.0000000000   0.0000000000   0.0000000000
   1.2199999959   0.0000000000   0.0000000000   0.0000000000
   1.2219999959   0.0000000000   0.0000000000   0.0000000000
   1.2239999959   0.0000000000   0.0000000000   0.0000000000
   1.2259999959   0.0000000000   0.0000000000   0.0000000000
   1.2279999959   0.0000000000   0.0000000000   0.0000000000
   1.2299999959   0.0000000000   0.0000000000   0.0000000000
   1.2319999959   0.0000000000   0.0000000000   0.0000000000
   1.2339999959   0.0000000000   0.0000000000   0.0000000000
   1.2359999958   0.0000000000   0.0000000000   0.0000000000
   1.2379999958   0.0000000000   0.0000000000  -0.0000000000
   1.2399999958  -0.0000000000  -0.0000000000  -0.0000000000
   1.2419999958  -0.0000000000  -0.0000000000  -0.0000000000
   1.2439999958  -0.0000000000  -0.0000000000  -0.0000000000
   1.2459999958  -0.0000000000  -0.0000000000  -0.0000000000
   1.2479999958  -0.0000000000  -0.0000000000  -0.0000000000
   1.2499999958  -0.0000000000  -0.0000000000  -0.0000000000
   1.2519999958  -0.0000000000  -0.0000000000  -0.0000000000
   1.2539999958  -0.0000000000  -0.0000000000  -0.0000000000
   1.2559999958  -0.0000000000  -0.0000000000  -0.0000000000
   1.2579999958  -0.0000000000  -0.0000000000  -0.0000000000
   1.2599999958  -0.0000000000  -0.0000000000  -0.0000000000
   1.2619999958  -0.0000000000  -0.0000000000   0.0000000000
   1.2639999958   0.0000000000   0.0000000000   0.0000000000
   1.2659999957   0.0000000000   0.0000000000   0.0000000000
   1.2679999957   0.0000000000   0.0000000000   0.0000000000
   1.2699999957   0.0000000000   0.0000000000   0.0000000000
   1.2719999957   0.0000000000   0.0000000000   0.0000000000
   1.2739999957   0.0000000000   0.0000000000   0.0000000000
   1.2759999957   0.0000000000   0.0000000000   0.0000000000
   1.2779999957   0.0000000000   0.0000000000   0.0000000000
   1.2799999957   0.0000000000   0.0000000000   0.0000000000
   1.2819999957   0.0000000000   0.0000000000   0.0000000000
   1.2839999957   0.0000000000   0.0000000000   0.0000000000
   1.2859999957  -0.0000000000   0.0000000000  -0.0000000000
   1.2879999957  -0.0000000000  -0.0000000000  -0.0000000000
   1.2899999957  -0.0000000000  -0.0000000000  -0.0000000000
   1.2919999957  -0.0000000000  -0.0000000000  -0.0000000000
   1.2939999957  -0.0000000000  -0.0000000000  -0.0000000000
   1.2959999956  -0.0000000000  -0.0000000000  -0.0000000000
   1.2979999956  -0.0000000000  -0.0000000000  -0.0000000000
   1.2999999956  -0.0000000000  -0.0000000000  -0.0000000000
   1.3019999956  -0.0000000000  -0.0000000000  -0.0000000000
   1.3039999956  -0.0000000000  -0.0000000000  -0.0000000000
   1.3059999956  -0.0000000000  -0.0000000000  -0.0000000000
   1.3079999956   0.0000000000   0.0000000000   0.0000000000
   1.3099999956   0.0000000000   0.0000000000   0.0000000000
   1.3119999956   0.0000000000   0.0000000000   0.0000000000
   1.3139999956   0.0000000000   0.0000000000   0.0000000000
   1.3159999956   0.0000000000   0.0000000000   0.0000000000
   1.3179999956   0.0000000000   0.0000000000   0.0000000000
   1.3199999956   0.0000000000   0.0000000000   0.0000000000
   1.3219999956   0.0000000000   0.0000000000   0.0000000000
   1.3239999956   0.0000000000   0.0000000000   0.0000000000
   1.3259999955   0.0000000000   0.0000000000   0.0000000000
   1.3279999955  -0.0000000000   0.0000000000  -0.0000000000
   1.3299999955  -0.0000000000  -0.0000000000  -0.0000000000
   1.3319999955  -0.0000000000  -0.0000000000  -0.0000000000
   1.3339999955  -0.0000000000  -0.0000000000  -0.0000000000
   1.3359999955  -0.0000000000  -0.0000000000  -0.0000000000
   1.3379999955  -0.0000000000  -0.0000000000  -0.0000000000
   1.3399999955  -0.0000000000  -0.0000000000  -0.0000000000
   1.3419999955  -0.0000000000  -0.0000000000  -0.0000000000
   1.3439999955  -0.0000000000  -0.0000000000  -0.0000000000
   1.3459999955  -0.0000000000  -0.0000000000  -0.0000000000
   1.3479999955   0.0000000000  -0.0000000000   0.0000000000
   1.3499999955   0.0000000000   0.0000000000   0.0000000000
   1.3519999955   0.0000000000   0.0000000000   0.0000000000
   1.3539999955   0.0000000000   0.0000000000   0.0000000000
   1.3559999954   0.0000000000   0.0000000000   0.0000000000
   1.3579999954   0.0000000000   0.0000000000   0.0000000000
   1.3599999954   0.0000000000   0.0000000000   0.0000000000
   1.3619999954   0.0000000000   0.0000000000   0.0000000000
   1.3639999954   0.0000000000   0.0000000000   0.0000000000
   1.3659999954   0.0000000000   0.0000000000   0.0000000000
   1.3679999954  -0.0000000000   0.0000000000  -0.0000000000
   1.3699999954  -0.0000000000  -0.0000000000  -0.0000000000
   1.3719999954  -0.0000000000  -0.0000000000  -0.0000000000
   1.3739999954  -0.0000000000  -0.0000000000  -0.0000000000
   1.3759999954  -0.0000000000  -0.0000000000  -0.0000000000
   1.3779999954  -0.0000000000  -0.0000000000  -0.0000000000
   1.3799999954  -0.0000000000  -0.0000000000  -0.0000000000
   1.3819999954  -0.0000000000  -0.0000000000  -0.0000000000
   1.3839999954  -0.0000000000  -0.0000000000  -0.0000000000
   1.3859999953   0.0000000000  -0.0000000000   0.0000000000
   1.3879999953   0.0000000000   0.0000000000   0.0000000000
   1.3899999953   0.0000000000   0.0000000000   0.0000000000
   1.3919999953   0.0000000000   0.0000000000   0.0000000000
   1.3939999953   0.0000000000   0.0000000000   0.0000000000
   1.3959999953   0.0000000000   0.0000000000   0.0000000000
   1.3979999953   0.0000000000   0.0000000000   0.0000000000
   1.3999999953   0.0000000000   0.0000000000   0.0000000000
   1.4019999953   0.0000000000   0.0000000000   0.0000000000
   1.4039999953   0.0000000000   0.0000000000  -0.0000000000
   1.4059999953  -0.0000000000  -0.0000000000  -0.0000000000
   1.4079999953  -0.0000000000  -0.0000000000  -0.0000000000
   1.4099999953  -0.0000000000  -0.0000000000  -0.0000000000
   1.4119999953  -0.0000000000  -0.0000000000  -0.0000000000
   1.4139999953  -0.0000000000  -0.0000000000  -0.0000000000
   1.4159999952  -0.0000000000  -0.0000000000  -0.0000000000
   1.4179999952  -0.0000000000  -0.0000000000  -0.0000000000
   1.4199999952  -0.0000000000  -0.0000000000  -0.0000000000
   1.4219999952  -0.0000000000  -0.0000000000   0.0000000000
   1.4239999952   0.0000000000   0.0000000000   0.0000000000
   1.4259999952   0.0000000000   0.0000000000   0.0000000000
   1.4279999952   0.0000000000   0.0000000000   0.0000000000
   1.4299999952   0.0000000000   0.0000000000   0.0000000000
   1.4319999952   0.0000000000   0.0000000000   0.0000000000
   1.4339999952   0.0000000000   0.0000000000   0.0000000000
   1.4359999952   0.0000000000   0.0000000000   0.0000000000
   1.4379999952   0.0000000000   0.0000000000   0.0000000000
   1.4399999952  -0.0000000000   0.0000000000  -0.0000000000
   1.4419999952  -0.0000000000  -0.0000000000  -0.0000000000
   1.4439999952  -0.0000000000  -0.0000000000  -0.0000000000
   1.4459999951  -0.0000000000  -0.0000000000  -0.0000000000
   1.4479999951  -0.0000000000  -0.0000000000  -0.0000000000
   1.4499999951  -0.0000000000  -0.0000000000  -0.0000000000
   1.4519999951  -0.0000000000  -0.0000000000  -0.0000000000
   1.4539999951  -0.0000000000  -0.0000000000  -0.0000000000
   1.4559999951  -0.0000000000  -0.0000000000  -0.0000000000
   1.4579999951   0.0000000000  -0.0000000000   0.0000000000
   1.4599999951   0.0000000000   0.0000000000   0.0000000000
   1.4619999951   0.0000000000   0.0000000000   0.0000000000
   1.4639999951   0.0000000000   0.0000000000   0.0000000000
   1.4659999951   0.0000000000   0.0000000000   0.0000000000
   1.4679999951   0.0000000000   0.0000000000   0.0000000000
   1.4699999951   0.0000000000   0.0000000000   0.0000000000
   1.4719999951   0.0000000000   0.0000000000   0.0000000000
   1.4739999951  -0.0000000000   0.0000000000  -0.0000000000
   1.4759999950  -0.0000000000  -0.0000000000  -0.0000000000
   1.4779999950  -0.0000000000  -0.0000000000  -0.0000000000
   1.4799999950  -0.0000000000  -0.0000000000  -0.0000000000
   1.4819999950  -0.0000000000  -0.0000000000  -0.0000000000
   1.4839999950  -0.0000000000  -0.0000000000  -0.0000000000
   1.4859999950  -0.0000000000  -0.0000000000  -0.0000000000
   1.4879999950  -0.0000000000  -0.0000000000  -0.0000000000
   1.4899999950  -0.0000000000  -0.0000000000   0.0000000000
   1.4919999950   0.0000000000  -0.0000000000   0.0000000000
   1.4939999950   0.0000000000   0.0000000000   0.0000000000
   1.4959999950   0.0000000000   0.0000000000   0.0000000000
   1.4979999950   0.0000000000   0.0000000000   0.0000000000
   1.4999999950   0.0000000000   0.0000000000   0.0000000000
   1.5019999950   0.0000000000   0.0000000000   0.0000000000
   1.5039999949   0.0000000000   0.0000000000   0.0000000000
   1.5059999949   0.0000000000   0.0000000000   0.0000000000
   1.5079999949  -0.0000000000   0.0000000000  -0.0000000000
   1.5099999949  -0.0000000000  -0.0000000000  -0.0000000000
   1.5119999949  -0.0000000000  -0.0000000000  -0.0000000000
   1.5139999949  -0.0000000000  -0.0000000000  -0.0000000000
   1.5159999949  -0.0000000000  -0.0000000000  -0.0000000000
   1.5179999949  -0.0000000000  -0.0000000000  -0.0000000000
   1.5199999949  -0.0000000000  -0.0000000000  -0.0000000000
   1.5219999949  -0.0000000000  -0.0000000000  -0.0000000000
   1.5239999949  -0.0000000000  -0.0000000000   0.0000000000
   1.5259999949   0.0000000000  -0.0000000000   0.0000000000
   1.5279999949   0.0000000000   0.0000000000   0.0000000000
   1.5299999949   0.0000000000   0.0000000000   0.0000000000
   1.5319999949   0.0000000000   0.0000000000   0.0000000000
   1.5339999948   0.0000000000   0.0000000000   0.0000000000
   1.5359999948   0.0000000000   0.0000000000   0.0000000000
   1.5379999948   0.0000000000   0.0000000000   0.0000000000
   1.5399999948   0.0000000000   0.0000000000  -0.0000000000
   1.5419999948  -0.0000000000   0.0000000000  -0.0000000000
   1.5439999948  -0.0000000000  -0.0000000000  -0.0000000000
   1.5459999948  -0.0000000000  -0.0000000000  -0.0000000000
   1.5479999948  -0.0000000000  -0.0000000000  -0.0000000000
   1.5499999948  -0.0000000000  -0.0000000000  -0.0000000000
   1.5519999948  -0.0000000000  -0.0000000000  -0.0000000000
   1.5539999948  -0.0000000000  -0.0000000000  -0.0000000000
   1.5559999948  -0.0000000000  -0.0000000000  -0.0000000000
   1.5579999948   0.0000000000  -0.0000000000   0.0000000000
   1.5599999948   0.0000000000   0.0000000000   0.0000000000
   1.5619999948   0.0000000000   0.0000000000   0.0000000000
   1.5639999947   0.0000000000   0.0000000000   0.0000000000
   1.5659999947   0.0000000000   0.0000000000   0.0000000000
   1.5679999947   0.0000000000   0.0000000000   0.0000000000
   1.5699999947   0.0000000000   0.0000000000   0.0000000000
   1.5719999947   0.0000000000   0.0000000000   0.0000000000
   1.5739999947  -0.0000000000   0.0000000000  -0.0000000000
   1.5759999947  -0.0000000000  -0.0000000000  -0.0000000000
   1.5779999947  -0.0000000000  -0.0000000000  -0.0000000000
   1.5799999947  -0.0000000000  -0.0000000000  -0.0000000000
   1.5819999947  -0.0000000000  -0.0000000000  -0.0000000000
   1.5839999947  -0.0000000000  -0.0000000000  -0.0000000000
   1.5859999947  -0.0000000000  -0.0000000000  -0.0000000000
   1.5879999947  -0.0000000000  -0.0000000000   0.0000000000
   1.5899999947   0.0000000000  -0.0000000000   0.0000000000
   1.5919999947   0.0000000000   0.0000000000   0.0000000000
   1.5939999946   0.0000000000   0.0000000000   0.0000000000
   1.5959999946   0.0000000000   0.0000000000   0.0000000000
   1.5979999946   0.0000000000   0.0000000000   0.0000000000
   1.5999999946   0.0000000000   0.0000000000   0.0000000000
   1.6019999946   0.0000000000   0.0000000000   0.0000000000
   1.6039999946  -0.0000000000   0.0000000000  -0.0000000000
   1.6059999946  -0.0000000000  -0.0000000000  -0.0000000000
   1.6079999946  -0.0000000000  -0.0000000000  -0.0000000000
   1.6099999946  -0.0000000000  -0.0000000000  -0.0000000000
   1.6119999946  -0.0000000000  -0.0000000000  -0.0000000000
   1.6139999946  -0.0000000000  -0.0000000000  -0.0000000000
   1.6159999946  -0.0000000000  -0.0000000000  -0.0000000000
   1.6179999946   0.0000000000  -0.0000000000   0.0000000000
   1.6199999946   0.0000000000   0.0000000000   0.0000000000
   1.6219999946   0.0000000000   0.0000000000   0.0000000000
   1.6239999945   0.0000000000   0.0000000000   0.0000000000
   1.6259999945   0.0000000000   0.0000000000   0.0000000000
   1.6279999945   0.0000000000   0.0000000000   0.0000000000
   1.6299999945   0.0000000000   0.0000000000   0.0000000000
   1.6319999945   0.0000000000   0.0000000000  -0.0000000000
   1.6339999945  -0.0000000000  -0.0000000000  -0.0000000000
   1.6359999945  -0.0000000000  -0.0000000000  -0.0000000000
   1.6379999945  -0.0000000000  -0.0000000000  -0.0000000000
   1.6399999945  -0.0000000000  -0.0000000000  -0.0000000000
   1.6419999945  -0.0000000000  -0.0000000000  -0.0000000000
   1.6439999945  -0.0000000000  -0.0000000000  -0.0000000000
   1.6459999945  -0.0000000000  -0.0000000000   0.0000000000
   1.6479999945   0.0000000000  -0.0000000000   0.0000000000
   1.6499999945   0.0000000000   0.0000000000   0.0000000000
   1.6519999945   0.0000000000   0.0000000000   0.0000000000
   1.6539999944   0.0000000000   0.0000000000   0.0000000000
   1.6559999944   0.0000000000   0.0000000000   0.0000000000
   1.6579999944   0.0000000000   0.0000000000   0.0000000000
   1.6599999944   0.0000000000   0.0000000000   0.0000000000
   1.6619999944   0.0000000000   0.0000000000  -0.0000000000
   1.6639999944  -0.0000000000   0.0000000000  -0.0000000000
   1.6659999944  -0.0000000000  -0.0000000000  -0.0000000000
   1.6679999944  -0.0000000000  -0.0000000000  -0.0000000000
   1.6699999944  -0.0000000000  -0.0000000000  -0.0000000000
   1.6719999944  -0.0000000000  -0.0000000000  -0.0000000000
   1.6739999944  -0.0000000000  -0.0000000000  -0.0000000000
   1.6759999944  -0.0000000000  -0.0000000000  -0.0000000000
   1.6779999944  -0.0000000000  -0.0000000000   0.0000000000
   1.6799999944   0.0000000000   0.0000000000   0.0000000000
   1.6819999944   0.0000000000   0.0000000000   0.0000000000
   1.6839999943   0.0000000000   0.0000000000   0.0000000000
   1.6859999943   0.0000000000   0.0000000000   0.0000000000
   1.6879999943   0.0000000000   0.0000000000   0.0000000000
   1.6899999943   0.0000000000   0.0000000000   0.0000000000
   1.6919999943   0.0000000000   0.0000000000   0.0000000000
   1.6939999943  -0.0000000000   0.0000000000  -0.0000000000
   1.6959999943  -0.0000000000  -0.0000000000  -0.0000000000
   1.6979999943  -0.0000000000  -0.0000000000  -0.0000000000
   1.6999999943  -0.0000000000  -0.0000000000  -0.0000000000
   1.7019999943  -0.0000000000  -0.0000000000  -0.0000000000
   1.7039999943  -0.0000000000  -0.0000000000  -0.0000000000
   1.7059999943  -0.0000000000  -0.0000000000  -0.0000000000
   1.7079999943  -0.0000000000  -0.0000000000  -0.0000000000
   1.7099999943   0.0000000000  -0.0000000000   0.0000000000
   1.7119999943   0.0000000000   0.0000000000   0.0000000000
   1.7139999942   0.0000000000   0.0000000000   0.0000000000
   1.7159999942   0.0000000000   0.0000000000   0.0000000000
   1.7179999942   0.0000000000   0.0000000000   0.0000000000
   1.7199999942   0.0000000000   0.0000000000   0.0000000000
   1.7219999942   0.0000000000   0.0000000000   0.0000000000
   1.7239999942  -0.0000000000   0.0000000000   0.0000000000
   1.7259999942  -0.0000000000  -0.0000000000   0.0000000000
   1.7279999942  -0.0000000000  -0.0000000000  -0.0000000000
   1.7299999942  -0.0000000000  -0.0000000000  -0.0000000000
   1.7319999942  -0.0000000000  -0.0000000000  -0.0000000000
   1.7339999942  -0.0000000000   0.0000000000  -0.0000000000
   1.7359999942   0.0000000000   0.0000000000  -0.0000000000
   1.7379999942   0.0000000000   0.0000000000  -0.0000000000
   1.7399999942   0.0000000000   0.0000000000  -0.0000000001
   1.7419999942   0.0000000000   0.0000000000  -0.0000000001
   1.7439999941   0.0000000001   0.0000000000  -0.0000000001
   1.7459999941   0.0000000001   0.0000000000  -0.0000000001
   1.7479999941   0.0000000001   0.0000000001  -0.0000000001
   1.7499999941   0.0000000001   0.0000000001  -0.0000000001
   1.7519999941   0.0000000001   0.0000000000  -0.0000000001
   1.7539999941   0.0000000000   0.0000000000  -0.0000000001
   1.7559999941   0.0000000000   0.0000000000  -0.0000000000
   1.7579999941  -0.0000000000  -0.0000000000   0.0000000000
   1.7599999941  -0.0000000001  -0.0000000000   0.0000000001
   1.7619999941  -0.0000000001  -0.0000000001   0.0000000002
   1.7639999941  -0.0000000002  -0.0000000001   0.0000000003
   1.7659999941  -0.0000000003  -0.0000000002   0.0000000004
   1.7679999941  -0.0000000003  -0.0000000002   0.0000000005
   1.7699999941  -0.0000000004  -0.0000000003   0.0000000006
   1.7719999940  -0.0000000004  -0.0000000003   0.0000000006
   1.7739999940  -0.0000000004  -0.0000000003   0.0000000007
   1.7759999940  -0.0000000003  -0.0000000003   0.0000000006
   1.7779999940  -0.0000000003  -0.0000000003   0.0000000005
   1.7799999940  -0.0000000002  -0.0000000002   0.0000000004
   1.7819999940  -0.0000000000  -0.0000000001   0.0000000001
   1.7839999940   0.0000000002   0.0000000000  -0.0000000002
   1.7859999940   0.0000000004   0.0000000002  -0.0000000005
   1.7879999940   0.0000000006   0.0000000004  -0.0000000009
   1.7899999940   0.0000000008   0.0000000006  -0.0000000013
   1.7919999940   0.0000000010   0.0000000007  -0.0000000016
   1.7939999940   0.0000000012   0.0000000009  -0.0000000019
   1.7959999940   0.0000000012   0.0000000010  -0.0000000020
   1.7979999940   0.0000000012   0.0000000010  -0.0000000020
   1.7999999940   0.0000000011   0.0000000010  -0.0000000019
   1.8019999939   0.0000000009   0.0000000009  -0.0000000016
   1.8039999939   0.0000000005   0.0000000006  -0.0000000010
   1.8059999939   0.0000000001   0.0000000003  -0.0000000004
   1.8079999939  -0.0000000004  -0.0000000001   0.0000000004
   1.8099999939  -0.0000000010  -0.0000000005   0.0000000013
   1.8119999939  -0.0000000015  -0.0000000010   0.0000000021
   1.8139999939  -0.0000000020  -0.0000000014   0.0000000029
   1.8159999939  -0.0000000023  -0.0000000017   0.0000000035
   1.8179999939  -0.0000000025  -0.0000000020   0.0000000038
   1.8199999939  -0.0000000024  -0.0000000021   0.0000000038
   1.8219999939  -0.0000000021  -0.0000000020   0.0000000035
   1.8239999939  -0.0000000016  -0.0000000017   0.0000000028
   1.8259999939  -0.0000000009  -0.0000000012   0.0000000018
   1.8279999939  -0.0000000000  -0.0000000006   0.0000000005
   1.8299999939   0.0000000009   0.0000000001  -0.0000000009
   1.8319999938   0.0000000018   0.0000000009  -0.0000000023
   1.8339999938   0.0000000026   0.0000000017  -0.0000000037
   1.8359999938   0.0000000032   0.0000000024  -0.0000000047
   1.8379999938   0.0000000035   0.0000000028  -0.0000000053
   1.8399999938   0.0000000034   0.0000000031  -0.0000000054
   1.8419999938   0.0000000030   0.0000000030  -0.0000000049
   1.8439999938   0.0000000023   0.0000000026  -0.0000000039
   1.8459999938   0.0000000012   0.0000000019  -0.0000000024
   1.8479999938  -0.0000000000   0.0000000010  -0.0000000006
   1.8499999938  -0.0000000013  -0.0000000001   0.0000000014
   1.8519999938  -0.0000000025  -0.0000000012   0.0000000033
   1.8539999938  -0.0000000035  -0.0000000023   0.0000000050
   1.8559999938  -0.0000000041  -0.0000000031   0.0000000061
   1.8579999938  -0.0000000043  -0.0000000037   0.0000000066
   1.8599999938  -0.0000000040  -0.0000000038   0.0000000063
   1.8619999937  -0.0000000032  -0.0000000036   0.0000000053
   1.8639999937  -0.0000000019  -0.0000000029   0.0000000036
   1.8659999937  -0.0000000004  -0.0000000019   0.0000000014
   1.8679999937   0.0000000012  -0.0000000006  -0.0000000010
   1.8699999937   0.0000000027   0.0000000008  -0.0000000034
   1.8719999937   0.0000000039   0.0000000022  -0.0000000055
   1.8739999937   0.0000000047   0.0000000033  -0.0000000069
   1.8759999937   0.0000000049   0.0000000040  -0.0000000074
   1.8779999937   0.0000000044   0.0000000043  -0.0000000071
   1.8799999937   0.0000000034   0.0000000040  -0.0000000058
   1.8819999937   0.0000000019   0.0000000033  -0.0000000037
   1.8839999937   0.0000000002   0.0000000021  -0.0000000011
   1.8859999937  -0.0000000017   0.0000000006   0.0000000017
   1.8879999937  -0.0000000033  -0.0000000010   0.0000000044
   1.8899999937  -0.0000000046  -0.0000000024   0.0000000065
   1.8919999936  -0.0000000052  -0.0000000036   0.0000000078
   1.8939999936  -0.0000000052  -0.0000000043   0.0000000081
   1.8959999936  -0.0000000044  -0.0000000044   0.0000000072
   1.8979999936  -0.0000000030  -0.0000000040   0.0000000053
   1.8999999936  -0.0000000011  -0.0000000030   0.0000000026
   1.9019999936   0.0000000009  -0.0000000016  -0.0000000004
   1.9039999936   0.0000000028   0.0000000001  -0.0000000035
   1.9059999936   0.0000000044   0.0000000017  -0.0000000061
   1.9079999936   0.0000000053   0.0000000031  -0.0000000079
   1.9099999936   0.0000000055   0.0000000041  -0.0000000086
   1.9119999936   0.0000000049   0.0000000044  -0.0000000080
   1.9139999936   0.0000000036   0.0000000042  -0.0000000062
   1.9159999936   0.0000000017   0.0000000033  -0.0000000035
   1.9179999936  -0.0000000004   0.0000000020  -0.0000000003
   1.9199999936  -0.0000000025   0.0000000004   0.0000000031
   1.9219999935  -0.0000000043  -0.0000000013   0.0000000060
   1.9239999935  -0.0000000054  -0.0000000028   0.0000000080
   1.9259999935  -0.0000000057  -0.0000000039   0.0000000088
   1.9279999935  -0.0000000051  -0.0000000044   0.0000000083
   1.9299999935  -0.0000000038  -0.0000000042   0.0000000065
   1.9319999935  -0.0000000018  -0.0000000034   0.0000000037
   1.9339999935   0.0000000004  -0.0000000020   0.0000000003
   1.9359999935   0.0000000026  -0.0000000004  -0.0000000031
   1.9379999935   0.0000000044   0.0000000013  -0.0000000061
   1.9399999935   0.0000000055   0.0000000028  -0.0000000081
   1.9419999935   0.0000000057   0.0000000038  -0.0000000088
   1.9439999935   0.0000000050   0.0000000043  -0.0000000081
   1.9459999935   0.0000000035   0.0000000040  -0.0000000061
   1.9479999935   0.0000000014   0.0000000031  -0.0000000031
   1.9499999935  -0.0000000009   0.0000000017   0.0000000003
   1.9519999934  -0.0000000030   0.0000000000   0.0000000038
   1.9539999934  -0.0000000047  -0.0000000016   0.0000000066
   1.9559999934  -0.0000000056  -0.0000000030   0.0000000083
   1.9579999934  -0.0000000055  -0.0000000039   0.0000000086
   1.9599999934  -0.0000000045  -0.0000000041   0.0000000075
   1.9619999934  -0.0000000028  -0.0000000036   0.0000000052
   1.9639999934  -0.0000000005  -0.0000000025   0.0000000019
   1.9659999934   0.0000000018  -0.0000000010  -0.0000000017
   1.9679999934   0.0000000039   0.0000000007  -0.0000000051
   1.9699999934   0.0000000053   0.0000000023  -0.0000000077
   1.9719999934   0.0000000059   0.0000000035  -0.0000000090
   1.9739999934   0.0000000055   0.0000000042  -0.0000000089
   1.9759999934   0.0000000042   0.0000000041  -0.0000000074
   1.9779999934   0.0000000022   0.0000000034  -0.0000000046
   1.9799999934  -0.0000000002   0.0000000021  -0.0000000011
   1.9819999933  -0.0000000025   0.0000000005   0.0000000026
   1.9839999933  -0.0000000043  -0.0000000012   0.0000000058
   1.9859999933  -0.0000000055  -0.0000000027   0.0000000081
   1.9879999933  -0.0000000057  -0.0000000038   0.0000000091
   1.9899999933  -0.0000000051  -0.0000000043   0.0000000087
   1.9919999933  -0.0000000037  -0.0000000041   0.0000000069
   1.9939999933  -0.0000000018  -0.0000000033   0.0000000042
   1.9959999933   0.0000000002  -0.0000000020   0.0000000009
   1.9979999933   0.0000000021  -0.0000000006  -0.0000000023
   1.9999999933   0.0000000034   0.0000000009  -0.0000000048
   2.0019999933   0.0000000040   0.0000000020  -0.0000000063
   2.0039999933   0.0000000039   0.0000000028  -0.0000000066
   2.0059999933   0.0000000030   0.0000000030  -0.0000000057
   2.0079999933   0.0000000018   0.0000000027  -0.0000000038
   2.0099999933   0.0000000003   0.0000000020  -0.0000000014
   2.0119999932  -0.0000000010   0.0000000011   0.0000000010
   2.0139999932  -0.0000000018   0.0000000001   0.0000000029
   2.0159999932  -0.0000000022  -0.0000000006   0.0000000038
   2.0179999932  -0.0000000018  -0.0000000011   0.0000000037
   2.0199999932  -0.0000000010  -0.0000000011   0.0000000025
   2.0219999932   0.0000000003  -0.0000000007   0.0000000005
   2.0239999932   0.0000000016  -0.0000000001  -0.0000000019
   2.0259999932   0.0000000026   0.0000000007  -0.0000000040
   2.0279999932   0.0000000032   0.0000000014  -0.0000000054
   2.0299999932   0.0000000031   0.0000000018  -0.0000000057
   2.0319999932   0.0000000023   0.0000000017  -0.0000000047
   2.0339999932   0.0000000008   0.0000000013  -0.0000000025
   2.0359999932  -0.0000000010   0.0000000003   0.0000000005
   2.0379999932  -0.0000000029  -0.0000000009   0.0000000039
   2.0399999931  -0.0000000046  -0.0000000022   0.0000000069
   2.0419999931  -0.0000000056  -0.0000000034   0.0000000091
   2.0439999931  -0.0000000058  -0.0000000041   0.0000000098
   2.0459999931  -0.0000000051  -0.0000000043   0.0000000089
   2.0479999931  -0.0000000034  -0.0000000038   0.0000000065
   2.0499999931  -0.0000000011  -0.0000000026   0.0000000028
   2.0519999931   0.0000000016  -0.0000000008  -0.0000000016
   2.0539999931   0.0000000042   0.0000000012  -0.0000000059
   2.0559999931   0.0000000063   0.0000000033  -0.0000000095
   2.0579999931   0.0000000075   0.0000000049  -0.0000000117
   2.0599999931   0.0000000077   0.0000000060  -0.0000000122
   2.0619999931   0.0000000066   0.0000000062  -0.0000000107
   2.0639999931   0.0000000045   0.0000000055  -0.0000000076
   2.0659999931   0.0000000016   0.0000000039  -0.0000000033
   2.0679999931  -0.0000000016   0.0000000017   0.0000000015
   2.0699999930  -0.0000000046  -0.0000000008   0.0000000062
   2.0719999930  -0.0000000069  -0.0000000033   0.0000000099
   2.0739999930  -0.0000000082  -0.0000000052   0.0000000121
   2.0759999930  -0.0000000082  -0.0000000065   0.0000000125
   2.0779999930  -0.0000000070  -0.0000000067   0.0000000110
   2.0799999930  -0.0000000046  -0.0000000060   0.0000000079
   2.0819999930  -0.0000000016  -0.0000000044   0.0000000037
   2.0839999930   0.0000000017  -0.0000000021  -0.0000000010
   2.0859999930   0.0000000046   0.0000000004  -0.0000000055
   2.0879999930   0.0000000068   0.0000000028  -0.0000000091
   2.0899999930   0.0000000078   0.0000000047  -0.0000000113
   2.0919999930   0.0000000076   0.0000000059  -0.0000000117
   2.0939999930   0.0000000062   0.0000000061  -0.0000000104
   2.0959999930   0.0000000039   0.0000000054  -0.0000000076
   2.0979999930   0.0000000011   0.0000000039  -0.0000000037
   2.0999999929  -0.0000000017   0.0000000019   0.0000000007
   2.1019999929  -0.0000000041  -0.0000000002   0.0000000048
   2.1039999929  -0.0000000057  -0.0000000022   0.0000000081
   2.1059999929  -0.0000000064  -0.0000000038   0.0000000101
   2.1079999929  -0.0000000061  -0.0000000047   0.0000000105
   2.1099999929  -0.0000000049  -0.0000000048   0.0000000092
   2.1119999929  -0.0000000030  -0.0000000043   0.0000000066
   2.1139999929  -0.0000000009  -0.0000000032   0.0000000031
   2.1159999929   0.0000000012  -0.0000000017  -0.0000000008
   2.1179999929   0.0000000030  -0.0000000001  -0.0000000043
   2.1199999929   0.0000000042   0.0000000014  -0.0000000070
   2.1219999929   0.0000000047   0.0000000026  -0.0000000085
   2.1239999929   0.0000000046   0.0000000034  -0.0000000085
   2.1259999929   0.0000000038   0.0000000036  -0.0000000073
   2.1279999929   0.0000000027   0.0000000034  -0.0000000050
   2.1299999928   0.0000000013   0.0000000027  -0.0000000021
