   0.0000000000   0.0000000000   0.0000000000   0.0000000000
   0.0050000000   0.0000000000   0.0000000000   0.0000000000
   0.0100000000   0.0000000000   0.0000000000   0.0000000000
   0.0149999999   0.0000000000   0.0000000000   0.0000000000
   0.0199999999   0.0000000000   0.0000000000   0.0000000000
   0.0249999999   0.0000000000   0.0000000000   0.0000000000
   0.0299999999   0.0000000000   0.0000000000   0.0000000000
   0.0349999999   0.0000000000   0.0000000000   0.0000000000
   0.0399999999   0.0000000000   0.0000000000   0.0000000000
   0.0449999998   0.0000000000   0.0000000000   0.0000000000
   0.0499999998   0.0000000000   0.0000000000   0.0000000000
   0.0549999998   0.0000000000   0.0000000000   0.0000000000
   0.0599999998   0.0000000000   0.0000000000   0.0000000000
   0.0649999998   0.0000000000   0.0000000000   0.0000000000
   0.0699999998   0.0000000000   0.0000000000   0.0000000000
   0.0749999997   0.0000000000   0.0000000000   0.0000000000
   0.0799999997   0.0000000000   0.0000000000   0.0000000000
   0.0849999997   0.0000000000   0.0000000000   0.0000000000
   0.0899999997   0.0000000000   0.0000000000   0.0000000000
   0.0949999997  -0.0000000000   0.0000000000  -0.0000000000
   0.0999999997  -0.0000000000   0.0000000000  -0.0000000000
   0.1049999996  -0.0000000000   0.0000000000  -0.0000000000
   0.1099999996  -0.0000000000   0.0000000000  -0.0000000000
   0.1149999996  -0.0000000000   0.0000000000  -0.0000000000
   0.1199999996  -0.0000000000   0.0000000000  -0.0000000000
   0.1249999996  -0.0000000000   0.0000000000  -0.0000000000
   0.1299999996  -0.0000000000   0.0000000000  -0.0000000000
   0.1349999995  -0.0000000000   0.0000000000  -0.0000000000
   0.1399999995  -0.0000000000   0.0000000000  -0.0000000000
   0.1449999995   0.0000000000   0.0000000000   0.0000000000
   0.1499999995   0.0000000000  -0.0000000000   0.0000000000
   0.1549999995   0.0000000000  -0.0000000000   0.0000000000
   0.1599999995   0.0000000000  -0.0000000000   0.0000000000
   0.1649999994   0.0000000000  -0.0000000000   0.0000000000
   0.1699999994   0.0000000000  -0.0000000000   0.0000000000
   0.1749999994   0.0000000000  -0.0000000000   0.0000000000
   0.1799999994   0.0000000000  -0.0000000000   0.0000000000
   0.1849999994   0.0000000000  -0.0000000000   0.0000000000
   0.1899999994   0.0000000000  -0.0000000000   0.0000000000
   0.1949999993   0.0000000000  -0.0000000000   0.0000000000
   0.1999999993   0.0000000000  -0.0000000000   0.0000000000
   0.2049999993   0.0000000000  -0.0000000000   0.0000000000
   0.2099999993   0.0000000000  -0.0000000000   0.0000000000
   0.2149999993   0.0000000000  -0.0000000000   0.0000000000
   0.2199999993   0.0000000000  -0.0000000000   0.0000000000
   0.2249999992   0.0000000000  -0.0000000000   0.0000000000
   0.2299999992   0.0000000000  -0.0000000000   0.0000000000
   0.2349999992   0.0000000000  -0.0000000000   0.0000000000
   0.2399999992   0.0000000000  -0.0000000000   0.0000000000
   0.2449999992   0.0000000000  -0.0000000000   0.0000000000
   0.2499999992   0.0000000000  -0.0000000000   0.0000000000
   0.2549999991   0.0000000000  -0.0000000000   0.0000000000
   0.2599999991   0.0000000000  -0.0000000000   0.0000000000
   0.2649999991   0.0000000000  -0.0000000000   0.0000000000
   0.2699999991   0.0000000000  -0.0000000000   0.0000000000
   0.2749999991   0.0000000000  -0.0000000000   0.0000000000
   0.2799999991   0.0000000000  -0.0000000000   0.0000000000
   0.2849999990   0.0000000000  -0.0000000000   0.0000000000
   0.2899999990   0.0000000000  -0.0000000000   0.0000000000
   0.2949999990   0.0000000000  -0.0000000000   0.0000000000
   0.2999999990   0.0000000000  -0.0000000000   0.0000000000
   0.3049999990   0.0000000000  -0.0000000000   0.0000000000
   0.3099999990   0.0000000000  -0.0000000000   0.0000000000
   0.3149999989   0.0000000000  -0.0000000000   0.0000000000
   0.3199999989   0.0000000000  -0.0000000000   0.0000000000
   0.3249999989   0.0000000000  -0.0000000000   0.0000000000
   0.3299999989   0.0000000000  -0.0000000000   0.0000000000
   0.3349999989   0.0000000000  -0.0000000000   0.0000000000
   0.3399999989   0.0000000000  -0.0000000000   0.0000000000
   0.3449999988   0.0000000000  -0.0000000000   0.0000000000
   0.3499999988   0.0000000000  -0.0000000000   0.0000000000
   0.3549999988   0.0000000000  -0.0000000000   0.0000000000
   0.3599999988   0.0000000000  -0.0000000000   0.0000000000
   0.3649999988   0.0000000000  -0.0000000000   0.0000000000
   0.3699999988   0.0000000000  -0.0000000000   0.0000000000
   0.3749999987   0.0000000000  -0.0000000000   0.0000000000
   0.3799999987   0.0000000000  -0.0000000000   0.0000000000
   0.3849999987   0.0000000000  -0.0000000000   0.0000000000
   0.3899999987   0.0000000000  -0.0000000000   0.0000000000
   0.3949999987   0.0000000000  -0.0000000000   0.0000000000
   0.3999999987   0.0000000000  -0.0000000000   0.0000000000
   0.4049999986   0.0000000000  -0.0000000000   0.0000000000
   0.4099999986   0.0000000000  -0.0000000000   0.0000000000
   0.4149999986   0.0000000000  -0.0000000000   0.0000000000
   0.4199999986   0.0000000000  -0.0000000000   0.0000000000
   0.4249999986   0.0000000000   0.0000000000   0.0000000000
   0.4299999986   0.0000000000   0.0000000000   0.0000000000
   0.4349999985  -0.0000000000   0.0000000000  -0.0000000000
   0.4399999985  -0.0000000000   0.0000000000  -0.0000000000
   0.4449999985  -0.0000000000   0.0000000000  -0.0000000000
   0.4499999985  -0.0000000000   0.0000000000  -0.0000000000
   0.4549999985  -0.0000000000   0.0000000000  -0.0000000000
   0.4599999985  -0.0000000000   0.0000000000  -0.0000000000
   0.4649999984  -0.0000000000   0.0000000000  -0.0000000000
   0.4699999984  -0.0000000000   0.0000000000  -0.0000000000
   0.4749999984  -0.0000000000   0.0000000000  -0.0000000000
   0.4799999984  -0.0000000000   0.0000000000  -0.0000000000
   0.4849999984  -0.0000000000   0.0000000000  -0.0000000000
   0.4899999984  -0.0000000000   0.0000000000  -0.0000000000
   0.4949999983  -0.0000000000   0.0000000000  -0.0000000000
   0.4999999983  -0.0000000000   0.0000000000  -0.0000000000
   0.5049999983  -0.0000000000   0.0000000000  -0.0000000000
   0.5099999983  -0.0000000000   0.0000000000  -0.0000000000
   0.5149999983  -0.0000000000   0.0000000000  -0.0000000000
   0.5199999983  -0.0000000000   0.0000000000  -0.0000000000
   0.5249999982  -0.0000000000   0.0000000000  -0.0000000000
   0.5299999982  -0.0000000000   0.0000000000  -0.0000000000
   0.5349999982  -0.0000000000   0.0000000000  -0.0000000000
   0.5399999982  -0.0000000000   0.0000000000  -0.0000000000
   0.5449999982  -0.0000000000   0.0000000000  -0.0000000000
   0.5499999982  -0.0000000000   0.0000000000  -0.0000000000
   0.5549999981  -0.0000000000   0.0000000000  -0.0000000000
   0.5599999981  -0.0000000000   0.0000000000  -0.0000000000
   0.5649999981  -0.0000000000   0.0000000000  -0.0000000000
   0.5699999981  -0.0000000000   0.0000000000  -0.0000000000
   0.5749999981  -0.0000000000   0.0000000000  -0.0000000000
   0.5799999981  -0.0000000000   0.0000000000  -0.0000000000
   0.5849999980  -0.0000000000   0.0000000000  -0.0000000000
   0.5899999980  -0.0000000000   0.0000000000  -0.0000000000
   0.5949999980  -0.0000000000   0.0000000000  -0.0000000000
   0.5999999980  -0.0000000000   0.0000000000  -0.0000000000
   0.6049999980  -0.0000000000   0.0000000000  -0.0000000000
   0.6099999980  -0.0000000000   0.0000000000  -0.0000000000
   0.6149999979  -0.0000000000   0.0000000000  -0.0000000000
   0.6199999979  -0.0000000000   0.0000000000  -0.0000000000
   0.6249999979  -0.0000000000   0.0000000000  -0.0000000000
   0.6299999979  -0.0000000000   0.0000000000  -0.0000000000
   0.6349999979  -0.0000000000   0.0000000000  -0.0000000000
   0.6399999979   0.0000000000   0.0000000000   0.0000000000
   0.6449999978   0.0000000000   0.0000000000   0.0000000000
   0.6499999978   0.0000000000   0.0000000000   0.0000000000
   0.6549999978   0.0000000000   0.0000000000   0.0000000000
   0.6599999978   0.0000000000   0.0000000000   0.0000000000
   0.6649999978   0.0000000000   0.0000000000   0.0000000000
   0.6699999978   0.0000000000   0.0000000000   0.0000000000
   0.6749999977   0.0000000000   0.0000000000   0.0000000000
   0.6799999977   0.0000000000   0.0000000000   0.0000000000
   0.6849999977   0.0000000000   0.0000000000   0.0000000000
   0.6899999977   0.0000000000   0.0000000000   0.0000000000
   0.6949999977   0.0000000000   0.0000000000   0.0000000000
   0.6999999976   0.0000000000   0.0000000000   0.0000000000
   0.7049999976   0.0000000000  -0.0000000000   0.0000000000
   0.7099999976   0.0000000000  -0.0000000000   0.0000000000
   0.7149999976   0.0000000000  -0.0000000000   0.0000000000
   0.7199999976   0.0000000000  -0.0000000000   0.0000000000
   0.7249999976  -0.0000000000  -0.0000000000  -0.0000000000
   0.7299999975  -0.0000000000  -0.0000000000  -0.0000000000
   0.7349999975  -0.0000000000  -0.0000000000  -0.0000000000
   0.7399999975  -0.0000000000  -0.0000000000  -0.0000000000
   0.7449999975  -0.0000000000  -0.0000000000  -0.0000000000
   0.7499999975  -0.0000000000  -0.0000000000  -0.0000000000
   0.7549999975  -0.0000000000  -0.0000000000  -0.0000000000
   0.7599999974  -0.0000000000  -0.0000000000  -0.0000000000
   0.7649999974  -0.0000000000  -0.0000000000  -0.0000000000
   0.7699999974  -0.0000000000   0.0000000000  -0.0000000000
   0.7749999974   0.0000000000   0.0000000000   0.0000000000
   0.7799999974   0.0000000000   0.0000000000   0.0000000000
   0.7849999974   0.0000000000   0.0000000000   0.0000000000
   0.7899999973   0.0000000000   0.0000000000   0.0000000000
   0.7949999973   0.0000000000   0.0000000000   0.0000000000
   0.7999999973   0.0000000000   0.0000000000   0.0000000000
   0.8049999973   0.0000000000   0.0000000000   0.0000000000
   0.8099999973   0.0000000000   0.0000000000   0.0000000000
   0.8149999973   0.0000000000   0.0000000000   0.0000000000
   0.8199999972   0.0000000000   0.0000000000   0.0000000000
   0.8249999972   0.0000000000   0.0000000000   0.0000000000
   0.8299999972   0.0000000000   0.0000000000   0.0000000000
   0.8349999972   0.0000000000   0.0000000000   0.0000000000
   0.8399999972   0.0000000000   0.0000000000   0.0000000000
   0.8449999972   0.0000000000   0.0000000000   0.0000000000
   0.8499999971   0.0000000000   0.0000000000   0.0000000000
   0.8549999971   0.0000000000   0.0000000000   0.0000000000
   0.8599999971   0.0000000000   0.0000000000   0.0000000000
   0.8649999971   0.0000000000   0.0000000000   0.0000000000
   0.8699999971   0.0000000000   0.0000000000   0.0000000000
   0.8749999971   0.0000000000   0.0000000000   0.0000000000
   0.8799999970   0.0000000000   0.0000000000   0.0000000000
   0.8849999970   0.0000000000   0.0000000000   0.0000000000
   0.8899999970   0.0000000000   0.0000000000   0.0000000000
   0.8949999970   0.0000000000   0.0000000000   0.0000000000
   0.8999999970   0.0000000000   0.0000000000   0.0000000000
   0.9049999970   0.0000000000   0.0000000000   0.0000000000
   0.9099999969   0.0000000000   0.0000000000   0.0000000000
   0.9149999969   0.0000000000   0.0000000000   0.0000000000
   0.9199999969   0.0000000000   0.0000000000   0.0000000000
   0.9249999969   0.0000000000   0.0000000000   0.0000000000
   0.9299999969   0.0000000000   0.0000000000   0.0000000000
   0.9349999969   0.0000000000   0.0000000000   0.0000000000
   0.9399999968   0.0000000000   0.0000000000   0.0000000000
   0.9449999968   0.0000000000   0.0000000000   0.0000000000
   0.9499999968   0.0000000000   0.0000000000   0.0000000000
   0.9549999968   0.0000000000   0.0000000000   0.0000000000
   0.9599999968   0.0000000000   0.0000000000   0.0000000000
   0.9649999968   0.0000000000   0.0000000000   0.0000000000
   0.9699999967   0.0000000000   0.0000000000   0.0000000000
   0.9749999967   0.0000000000   0.0000000000   0.0000000000
   0.9799999967   0.0000000000   0.0000000000   0.0000000000
   0.9849999967   0.0000000000   0.0000000000   0.0000000000
   0.9899999967   0.0000000000   0.0000000000   0.0000000000
   0.9949999967   0.0000000000   0.0000000000   0.0000000000
   0.9999999966   0.0000000000   0.0000000000   0.0000000000
   1.0049999966   0.0000000000   0.0000000000   0.0000000000
   1.0099999966   0.0000000000   0.0000000000   0.0000000000
   1.0149999966   0.0000000000   0.0000000000   0.0000000000
   1.0199999966   0.0000000000   0.0000000000   0.0000000000
   1.0249999966   0.0000000000   0.0000000000   0.0000000000
   1.0299999965   0.0000000000   0.0000000000   0.0000000000
   1.0349999965   0.0000000000   0.0000000000   0.0000000000
   1.0399999965   0.0000000000   0.0000000000   0.0000000000
   1.0449999965   0.0000000000   0.0000000000   0.0000000000
   1.0499999965   0.0000000000   0.0000000000   0.0000000000
   1.0549999965   0.0000000000   0.0000000000   0.0000000000
   1.0599999964   0.0000000000   0.0000000000   0.0000000000
   1.0649999964   0.0000000000   0.0000000000   0.0000000000
   1.0699999964   0.0000000000   0.0000000000   0.0000000000
   1.0749999964   0.0000000000   0.0000000000   0.0000000000
   1.0799999964   0.0000000000   0.0000000000   0.0000000000
   1.0849999964   0.0000000000   0.0000000000   0.0000000000
   1.0899999963   0.0000000000   0.0000000000   0.0000000000
   1.0949999963   0.0000000000   0.0000000000   0.0000000000
   1.0999999963   0.0000000000   0.0000000000   0.0000000000
   1.1049999963   0.0000000000   0.0000000000   0.0000000000
   1.1099999963   0.0000000000   0.0000000000   0.0000000000
   1.1149999963   0.0000000000   0.0000000000   0.0000000000
   1.1199999962   0.0000000000   0.0000000000   0.0000000000
   1.1249999962   0.0000000000   0.0000000000   0.0000000000
   1.1299999962   0.0000000000   0.0000000000   0.0000000000
   1.1349999962   0.0000000000   0.0000000000   0.0000000000
   1.1399999962   0.0000000000   0.0000000000   0.0000000000
   1.1449999962   0.0000000000   0.0000000000   0.0000000000
   1.1499999961   0.0000000000   0.0000000000   0.0000000000
   1.1549999961   0.0000000000   0.0000000000   0.0000000000
   1.1599999961   0.0000000000   0.0000000000   0.0000000000
   1.1649999961   0.0000000000   0.0000000000   0.0000000000
   1.1699999961   0.0000000000   0.0000000000   0.0000000000
   1.1749999961   0.0000000000   0.0000000000   0.0000000000
   1.1799999960   0.0000000000   0.0000000000   0.0000000000
   1.1849999960   0.0000000000   0.0000000000   0.0000000000
   1.1899999960   0.0000000000   0.0000000000   0.0000000000
   1.1949999960   0.0000000000   0.0000000000   0.0000000000
   1.1999999960   0.0000000000   0.0000000000   0.0000000000
   1.2049999960   0.0000000000   0.0000000000   0.0000000000
   1.2099999959   0.0000000000   0.0000000000   0.0000000000
   1.2149999959   0.0000000000   0.0000000000   0.0000000000
   1.2199999959   0.0000000000   0.0000000000   0.0000000000
   1.2249999959   0.0000000000   0.0000000000   0.0000000000
   1.2299999959   0.0000000000   0.0000000000   0.0000000000
   1.2349999959   0.0000000000   0.0000000000   0.0000000000
   1.2399999958   0.0000000000   0.0000000000   0.0000000000
   1.2449999958  -0.0000000000  -0.0000000000  -0.0000000000
   1.2499999958  -0.0000000000  -0.0000000000  -0.0000000000
   1.2549999958  -0.0000000000  -0.0000000000  -0.0000000000
   1.2599999958  -0.0000000000  -0.0000000000  -0.0000000000
   1.2649999958  -0.0000000000  -0.0000000000  -0.0000000000
   1.2699999957  -0.0000000000  -0.0000000000  -0.0000000000
   1.2749999957  -0.0000000000  -0.0000000000  -0.0000000000
   1.2799999957  -0.0000000000  -0.0000000000  -0.0000000000
   1.2849999957  -0.0000000000  -0.0000000000  -0.0000000000
   1.2899999957  -0.0000000000  -0.0000000000  -0.0000000000
   1.2949999957  -0.0000000000  -0.0000000000  -0.0000000000
   1.2999999956  -0.0000000000  -0.0000000000  -0.0000000000
   1.3049999956  -0.0000000000  -0.0000000000  -0.0000000000
   1.3099999956  -0.0000000000  -0.0000000000  -0.0000000000
   1.3149999956  -0.0000000000  -0.0000000000  -0.0000000000
   1.3199999956  -0.0000000000  -0.0000000000  -0.0000000000
   1.3249999956   0.0000000000   0.0000000000   0.0000000000
   1.3299999955   0.0000000000   0.0000000000   0.0000000000
   1.3349999955   0.0000000000   0.0000000000   0.0000000000
   1.3399999955   0.0000000000   0.0000000000   0.0000000000
   1.3449999955   0.0000000000   0.0000000000   0.0000000000
   1.3499999955   0.0000000000   0.0000000000   0.0000000000
   1.3549999954   0.0000000000   0.0000000000   0.0000000000
   1.3599999954   0.0000000000   0.0000000000   0.0000000000
   1.3649999954   0.0000000000   0.0000000000   0.0000000000
   1.3699999954   0.0000000000   0.0000000000   0.0000000000
   1.3749999954   0.0000000000   0.0000000000   0.0000000000
   1.3799999954   0.0000000000   0.0000000000   0.0000000000
   1.3849999953   0.0000000000   0.0000000000   0.0000000000
   1.3899999953  -0.0000000000   0.0000000000  -0.0000000000
   1.3949999953  -0.0000000000  -0.0000000000  -0.0000000000
   1.3999999953  -0.0000000000  -0.0000000000  -0.0000000000
   1.4049999953  -0.0000000000  -0.0000000000  -0.0000000000
   1.4099999953  -0.0000000000  -0.0000000000  -0.0000000000
   1.4149999952  -0.0000000000  -0.0000000000  -0.0000000000
   1.4199999952  -0.0000000000  -0.0000000000  -0.0000000000
   1.4249999952  -0.0000000000  -0.0000000000  -0.0000000000
   1.4299999952  -0.0000000000  -0.0000000000  -0.0000000000
   1.4349999952  -0.0000000000  -0.0000000000  -0.0000000000
   1.4399999952  -0.0000000000  -0.0000000000  -0.0000000000
   1.4449999951  -0.0000000000  -0.0000000000  -0.0000000000
   1.4499999951   0.0000000000  -0.0000000000   0.0000000000
   1.4549999951   0.0000000000   0.0000000000   0.0000000000
   1.4599999951   0.0000000000   0.0000000000   0.0000000000
   1.4649999951   0.0000000000   0.0000000000   0.0000000000
   1.4699999951   0.0000000000   0.0000000000   0.0000000000
   1.4749999950   0.0000000000   0.0000000000   0.0000000000
   1.4799999950   0.0000000000   0.0000000000   0.0000000000
   1.4849999950   0.0000000000   0.0000000000   0.0000000000
   1.4899999950   0.0000000000   0.0000000000   0.0000000000
   1.4949999950   0.0000000000   0.0000000000   0.0000000000
   1.4999999950   0.0000000000   0.0000000000   0.0000000000
   1.5049999949  -0.0000000000   0.0000000000  -0.0000000000
   1.5099999949  -0.0000000000  -0.0000000000  -0.0000000000
   1.5149999949  -0.0000000000  -0.0000000000  -0.0000000000
   1.5199999949  -0.0000000000  -0.0000000000  -0.0000000000
   1.5249999949  -0.0000000000  -0.0000000000  -0.0000000000
   1.5299999949  -0.0000000000  -0.0000000000  -0.0000000000
   1.5349999948  -0.0000000000  -0.0000000000  -0.0000000000
   1.5399999948  -0.0000000000  -0.0000000000  -0.0000000000
   1.5449999948  -0.0000000000  -0.0000000000  -0.0000000000
   1.5499999948  -0.0000000000  -0.0000000000  -0.0000000000
   1.5549999948  -0.0000000000  -0.0000000000  -0.0000000000
   1.5599999948   0.0000000000   0.0000000000   0.0000000000
   1.5649999947   0.0000000000   0.0000000000   0.0000000000
   1.5699999947   0.0000000000   0.0000000000   0.0000000000
   1.5749999947   0.0000000000   0.0000000000   0.0000000000
   1.5799999947   0.0000000000   0.0000000000   0.0000000000
   1.5849999947   0.0000000000   0.0000000000   0.0000000000
   1.5899999947   0.0000000000   0.0000000000   0.0000000000
   1.5949999946   0.0000000000   0.0000000000   0.0000000000
   1.5999999946   0.0000000000   0.0000000000   0.0000000000
   1.6049999946  -0.0000000000   0.0000000000  -0.0000000000
   1.6099999946  -0.0000000000  -0.0000000000  -0.0000000000
   1.6149999946  -0.0000000000  -0.0000000000  -0.0000000000
   1.6199999946  -0.0000000000  -0.0000000000  -0.0000000000
   1.6249999945  -0.0000000000  -0.0000000000  -0.0000000000
   1.6299999945  -0.0000000000  -0.0000000000  -0.0000000000
   1.6349999945  -0.0000000000  -0.0000000000  -0.0000000000
   1.6399999945  -0.0000000000  -0.0000000000  -0.0000000000
   1.6449999945  -0.0000000000  -0.0000000000  -0.0000000000
   1.6499999945   0.0000000000  -0.0000000000   0.0000000000
   1.6549999944   0.0000000000   0.0000000000   0.0000000000
   1.6599999944   0.0000000000   0.0000000000   0.0000000000
   1.6649999944   0.0000000000   0.0000000000   0.0000000000
   1.6699999944   0.0000000000   0.0000000000   0.0000000000
   1.6749999944   0.0000000000   0.0000000000   0.0000000000
   1.6799999944   0.0000000000   0.0000000000   0.0000000000
   1.6849999943   0.0000000000   0.0000000000   0.0000000000
   1.6899999943   0.0000000000   0.0000000000   0.0000000000
   1.6949999943  -0.0000000000   0.0000000000  -0.0000000000
   1.6999999943  -0.0000000000  -0.0000000000  -0.0000000000
   1.7049999943  -0.0000000000  -0.0000000000  -0.0000000000
   1.7099999943  -0.0000000000  -0.0000000000  -0.0000000000
   1.7149999942  -0.0000000000  -0.0000000000  -0.0000000000
   1.7199999942  -0.0000000000  -0.0000000000  -0.0000000000
   1.7249999942  -0.0000000000  -0.0000000000  -0.0000000000
   1.7299999942  -0.0000000000  -0.0000000000  -0.0000000000
   1.7349999942   0.0000000000  -0.0000000000   0.0000000000
   1.7399999942   0.0000000000   0.0000000000   0.0000000000
   1.7449999941   0.0000000001   0.0000000000   0.0000000001
   1.7499999941   0.0000000001   0.0000000000   0.0000000001
   1.7549999941   0.0000000001   0.0000000000   0.0000000001
   1.7599999941   0.0000000001   0.0000000000   0.0000000001
   1.7649999941   0.0000000000   0.0000000000   0.0000000000
   1.7699999941   0.0000000000   0.0000000000   0.0000000000
   1.7749999940  -0.0000000000   0.0000000000  -0.0000000000
   1.7799999940  -0.0000000001  -0.0000000000  -0.0000000001
   1.7849999940  -0.0000000001  -0.0000000000  -0.0000000001
   1.7899999940  -0.0000000001  -0.0000000001  -0.0000000001
   1.7949999940  -0.0000000001  -0.0000000001  -0.0000000001
   1.7999999940  -0.0000000001  -0.0000000001  -0.0000000001
   1.8049999939  -0.0000000001  -0.0000000001  -0.0000000001
   1.8099999939  -0.0000000000  -0.0000000000  -0.0000000000
   1.8149999939   0.0000000000  -0.0000000000   0.0000000000
   1.8199999939   0.0000000001   0.0000000000   0.0000000001
   1.8249999939   0.0000000001   0.0000000001   0.0000000001
   1.8299999939   0.0000000002   0.0000000001   0.0000000002
   1.8349999938   0.0000000002   0.0000000001   0.0000000002
   1.8399999938   0.0000000001   0.0000000001   0.0000000001
   1.8449999938   0.0000000001   0.0000000001   0.0000000001
   1.8499999938  -0.0000000000   0.0000000000  -0.0000000000
   1.8549999938  -0.0000000001  -0.0000000000  -0.0000000001
   1.8599999938  -0.0000000002  -0.0000000001  -0.0000000002
   1.8649999937  -0.0000000002  -0.0000000001  -0.0000000002
   1.8699999937  -0.0000000002  -0.0000000001  -0.0000000002
   1.8749999937  -0.0000000002  -0.0000000001  -0.0000000002
   1.8799999937  -0.0000000001  -0.0000000001  -0.0000000001
   1.8849999937  -0.0000000000  -0.0000000001  -0.0000000000
   1.8899999937   0.0000000001  -0.0000000000   0.0000000001
   1.8949999936   0.0000000002   0.0000000001   0.0000000002
   1.8999999936   0.0000000003   0.0000000001   0.0000000003
   1.9049999936   0.0000000003   0.0000000002   0.0000000003
   1.9099999936   0.0000000003   0.0000000002   0.0000000003
   1.9149999936   0.0000000002   0.0000000002   0.0000000002
   1.9199999936   0.0000000001   0.0000000001   0.0000000001
   1.9249999935  -0.0000000001   0.0000000000  -0.0000000001
   1.9299999935  -0.0000000002  -0.0000000000  -0.0000000002
   1.9349999935  -0.0000000003  -0.0000000001  -0.0000000003
   1.9399999935  -0.0000000004  -0.0000000002  -0.0000000004
   1.9449999935  -0.0000000004  -0.0000000002  -0.0000000004
   1.9499999935  -0.0000000003  -0.0000000002  -0.0000000003
   1.9549999934  -0.0000000002  -0.0000000002  -0.0000000002
   1.9599999934   0.0000000000  -0.0000000001   0.0000000000
   1.9649999934   0.0000000002   0.0000000000   0.0000000002
   1.9699999934   0.0000000004   0.0000000001   0.0000000004
   1.9749999934   0.0000000005   0.0000000002   0.0000000005
   1.9799999934   0.0000000005   0.0000000003   0.0000000005
   1.9849999933   0.0000000004   0.0000000003   0.0000000004
   1.9899999933   0.0000000002   0.0000000002   0.0000000002
   1.9949999933  -0.0000000000   0.0000000001  -0.0000000000
   1.9999999933  -0.0000000003  -0.0000000000  -0.0000000003
   2.0049999933  -0.0000000005  -0.0000000002  -0.0000000005
   2.0099999933  -0.0000000006  -0.0000000003  -0.0000000006
   2.0149999932  -0.0000000006  -0.0000000003  -0.0000000006
   2.0199999932  -0.0000000004  -0.0000000003  -0.0000000004
   2.0249999932  -0.0000000002  -0.0000000002  -0.0000000002
   2.0299999932   0.0000000001  -0.0000000001   0.0000000001
   2.0349999932   0.0000000004   0.0000000001   0.0000000004
   2.0399999931   0.0000000006   0.0000000002   0.0000000006
   2.0449999931   0.0000000007   0.0000000003   0.0000000007
   2.0499999931   0.0000000006   0.0000000003   0.0000000006
   2.0549999931   0.0000000004   0.0000000003   0.0000000004
   2.0599999931   0.0000000001   0.0000000002   0.0000000001
   2.0649999931  -0.0000000002   0.0000000001  -0.0000000002
   2.0699999930  -0.0000000005  -0.0000000001  -0.0000000005
   2.0749999930  -0.0000000007  -0.0000000003  -0.0000000007
   2.0799999930  -0.0000000007  -0.0000000004  -0.0000000007
   2.0849999930  -0.0000000006  -0.0000000004  -0.0000000006
   2.0899999930  -0.0000000004  -0.0000000003  -0.0000000004
   2.0949999930   0.0000000000  -0.0000000002   0.0000000000
   2.0999999929   0.0000000004   0.0000000000   0.0000000004
   2.1049999929   0.0000000007   0.0000000002   0.0000000007
   2.1099999929   0.0000000008   0.0000000003   0.0000000008
   2.1149999929   0.0000000007   0.0000000004   0.0000000007
   2.1199999929   0.0000000005   0.0000000004   0.0000000005
   2.1249999929   0.0000000002   0.0000000002   0.0000000002
   2.1299999928  -0.0000000002   0.0000000001  -0.0000000002
   2.1349999928  -0.0000000006  -0.0000000001  -0.0000000006
   2.1399999928  -0.0000000008  -0.0000000003  -0.0000000008
   2.1449999928  -0.0000000008  -0.0000000004  -0.0000000008
   2.1499999928  -0.0000000007  -0.0000000004  -0.0000000007
   2.1549999928  -0.0000000003  -0.0000000003  -0.0000000003
   2.1599999927   0.0000000001  -0.0000000001   0.0000000001
   2.1649999927   0.0000000005   0.0000000001   0.0000000005
   2.1699999927   0.0000000008   0.0000000003   0.0000000008
   2.1749999927   0.0000000009   0.0000000004   0.0000000009
   2.1799999927   0.0000000008   0.0000000004   0.0000000008
   2.1849999927   0.0000000004   0.0000000003   0.0000000004
   2.1899999926  -0.0000000001   0.0000000002  -0.0000000001
   2.1949999926  -0.0000000005  -0.0000000001  -0.0000000005
   2.1999999926  -0.0000000009  -0.0000000003  -0.0000000009
   2.2049999926  -0.0000000010  -0.0000000004  -0.0000000010
   2.2099999926  -0.0000000009  -0.0000000005  -0.0000000009
   2.2149999926  -0.0000000005  -0.0000000004  -0.0000000005
   2.2199999925   0.0000000000  -0.0000000002   0.0000000000
   2.2249999925   0.0000000006   0.0000000000   0.0000000006
   2.2299999925   0.0000000010   0.0000000003   0.0000000010
   2.2349999925   0.0000000011   0.0000000005   0.0000000011
   2.2399999925   0.0000000010   0.0000000005   0.0000000010
   2.2449999925   0.0000000006   0.0000000004   0.0000000006
   2.2499999924   0.0000000000   0.0000000002   0.0000000000
   2.2549999924  -0.0000000006  -0.0000000001  -0.0000000006
   2.2599999924  -0.0000000011  -0.0000000004  -0.0000000011
   2.2649999924  -0.0000000013  -0.0000000006  -0.0000000013
   2.2699999924  -0.0000000012  -0.0000000006  -0.0000000012
   2.2749999924  -0.0000000007  -0.0000000005  -0.0000000007
   2.2799999923  -0.0000000000  -0.0000000003  -0.0000000000
   2.2849999923   0.0000000007   0.0000000001   0.0000000007
   2.2899999923   0.0000000013   0.0000000004   0.0000000013
   2.2949999923   0.0000000015   0.0000000007   0.0000000015
   2.2999999923   0.0000000013   0.0000000008   0.0000000013
   2.3049999923   0.0000000008   0.0000000007   0.0000000008
   2.3099999922  -0.0000000000   0.0000000004  -0.0000000000
   2.3149999922  -0.0000000009   0.0000000000  -0.0000000009
   2.3199999922  -0.0000000016  -0.0000000004  -0.0000000016
   2.3249999922  -0.0000000019  -0.0000000007  -0.0000000019
   2.3299999922  -0.0000000017  -0.0000000009  -0.0000000017
   2.3349999922  -0.0000000010  -0.0000000009  -0.0000000010
   2.3399999921   0.0000000000  -0.0000000006   0.0000000000
   2.3449999921   0.0000000011  -0.0000000002   0.0000000011
   2.3499999921   0.0000000020   0.0000000001   0.0000000020
   2.3549999921   0.0000000025   0.0000000004   0.0000000025
   2.3599999921   0.0000000023   0.0000000005   0.0000000023
   2.3649999921   0.0000000016   0.0000000004   0.0000000016
   2.3699999920   0.0000000004   0.0000000001   0.0000000004
   2.3749999920  -0.0000000009  -0.0000000003  -0.0000000009
   2.3799999920  -0.0000000019  -0.0000000007  -0.0000000019
   2.3849999920  -0.0000000026  -0.0000000009  -0.0000000026
   2.3899999920  -0.0000000025  -0.0000000007  -0.0000000025
   2.3949999920  -0.0000000018  -0.0000000003  -0.0000000018
   2.3999999919  -0.0000000007   0.0000000004  -0.0000000007
   2.4049999919   0.0000000005   0.0000000013   0.0000000005
   2.4099999919   0.0000000015   0.0000000021   0.0000000015
   2.4149999919   0.0000000020   0.0000000027   0.0000000020
   2.4199999919   0.0000000017   0.0000000028   0.0000000017
   2.4249999919   0.0000000008   0.0000000023   0.0000000008
   2.4299999918  -0.0000000005   0.0000000014  -0.0000000005
   2.4349999918  -0.0000000018   0.0000000002  -0.0000000018
   2.4399999918  -0.0000000027  -0.0000000012  -0.0000000027
   2.4449999918  -0.0000000029  -0.0000000024  -0.0000000029
   2.4499999918  -0.0000000022  -0.0000000033  -0.0000000022
   2.4549999918  -0.0000000007  -0.0000000036  -0.0000000007
   2.4599999917   0.0000000013  -0.0000000034   0.0000000013
   2.4649999917   0.0000000033  -0.0000000028   0.0000000033
   2.4699999917   0.0000000047  -0.0000000019   0.0000000047
   2.4749999917   0.0000000052  -0.0000000010   0.0000000052
   2.4799999917   0.0000000046  -0.0000000002   0.0000000046
   2.4849999917   0.0000000029   0.0000000004   0.0000000029
   2.4899999916   0.0000000005   0.0000000006   0.0000000005
   2.4949999916  -0.0000000021   0.0000000007  -0.0000000021
   2.4999999916  -0.0000000041   0.0000000007  -0.0000000041
   2.5049999916  -0.0000000051   0.0000000009  -0.0000000051
   2.5099999916  -0.0000000049   0.0000000013  -0.0000000049
   2.5149999916  -0.0000000036   0.0000000019  -0.0000000036
   2.5199999915  -0.0000000015   0.0000000026  -0.0000000015
   2.5249999915   0.0000000008   0.0000000032   0.0000000008
   2.5299999915   0.0000000027   0.0000000036   0.0000000027
   2.5349999915   0.0000000036   0.0000000034   0.0000000036
   2.5399999915   0.0000000033   0.0000000026   0.0000000033
   2.5449999915   0.0000000020   0.0000000013   0.0000000020
   2.5499999914  -0.0000000000  -0.0000000004  -0.0000000000
   2.5549999914  -0.0000000020  -0.0000000021  -0.0000000020
   2.5599999914  -0.0000000035  -0.0000000035  -0.0000000035
   2.5649999914  -0.0000000038  -0.0000000043  -0.0000000038
   2.5699999914  -0.0000000031  -0.0000000042  -0.0000000031
   2.5749999914  -0.0000000013  -0.0000000033  -0.0000000013
   2.5799999913   0.0000000009  -0.0000000017   0.0000000009
   2.5849999913   0.0000000030   0.0000000000   0.0000000030
   2.5899999913   0.0000000042   0.0000000016   0.0000000042
   2.5949999913   0.0000000042   0.0000000026   0.0000000042
   2.5999999913   0.0000000030   0.0000000028   0.0000000030
   2.6049999913   0.0000000009   0.0000000022   0.0000000009
   2.6099999912  -0.0000000015   0.0000000009  -0.0000000015
   2.6149999912  -0.0000000034  -0.0000000008  -0.0000000034
   2.6199999912  -0.0000000043  -0.0000000022  -0.0000000043
   2.6249999912  -0.0000000037  -0.0000000032  -0.0000000037
   2.6299999912  -0.0000000019  -0.0000000034  -0.0000000019
   2.6349999912   0.0000000008  -0.0000000028   0.0000000008
   2.6399999911   0.0000000034  -0.0000000016   0.0000000034
   2.6449999911   0.0000000053   0.0000000001   0.0000000053
   2.6499999911   0.0000000058   0.0000000016   0.0000000058
   2.6549999911   0.0000000046   0.0000000028   0.0000000046
   2.6599999911   0.0000000020   0.0000000033   0.0000000020
   2.6649999911  -0.0000000014   0.0000000032  -0.0000000014
   2.6699999910  -0.0000000047   0.0000000026  -0.0000000047
   2.6749999910  -0.0000000069   0.0000000018  -0.0000000069
   2.6799999910  -0.0000000075   0.0000000010  -0.0000000075
   2.6849999910  -0.0000000062   0.0000000004  -0.0000000062
   2.6899999910  -0.0000000033   0.0000000002  -0.0000000033
   2.6949999909   0.0000000004   0.0000000001   0.0000000004
   2.6999999909   0.0000000039   0.0000000002   0.0000000039
   2.7049999909   0.0000000063   0.0000000000   0.0000000063
   2.7099999909   0.0000000070  -0.0000000005   0.0000000070
   2.7149999909   0.0000000059  -0.0000000014   0.0000000059
   2.7199999909   0.0000000033  -0.0000000026   0.0000000033
   2.7249999908   0.0000000001  -0.0000000037   0.0000000001
   2.7299999908  -0.0000000028  -0.0000000044  -0.0000000028
   2.7349999908  -0.0000000046  -0.0000000044  -0.0000000046
   2.7399999908  -0.0000000048  -0.0000000034  -0.0000000048
   2.7449999908  -0.0000000035  -0.0000000016  -0.0000000035
   2.7499999908  -0.0000000012   0.0000000008  -0.0000000012
   2.7549999907   0.0000000013   0.0000000033   0.0000000013
   2.7599999907   0.0000000032   0.0000000053   0.0000000032
   2.7649999907   0.0000000037   0.0000000063   0.0000000037
   2.7699999907   0.0000000029   0.0000000060   0.0000000029
   2.7749999907   0.0000000009   0.0000000046   0.0000000009
   2.7799999907  -0.0000000016   0.0000000021  -0.0000000016
   2.7849999906  -0.0000000036  -0.0000000006  -0.0000000036
   2.7899999906  -0.0000000045  -0.0000000031  -0.0000000045
   2.7949999906  -0.0000000038  -0.0000000048  -0.0000000038
   2.7999999906  -0.0000000019  -0.0000000052  -0.0000000019
   2.8049999906   0.0000000008  -0.0000000044   0.0000000008
   2.8099999906   0.0000000031  -0.0000000026   0.0000000031
   2.8149999905   0.0000000043  -0.0000000003   0.0000000043
   2.8199999905   0.0000000037   0.0000000020   0.0000000037
   2.8249999905   0.0000000016   0.0000000037   0.0000000016
   2.8299999905  -0.0000000015   0.0000000043  -0.0000000015
   2.8349999905  -0.0000000040   0.0000000037  -0.0000000040
   2.8399999905  -0.0000000047   0.0000000019  -0.0000000047
   2.8449999904  -0.0000000021  -0.0000000009  -0.0000000021
   2.8499999904   0.0000000040  -0.0000000044   0.0000000040
   2.8549999904   0.0000000132  -0.0000000082   0.0000000132
   2.8599999904   0.0000000232  -0.0000000117   0.0000000232
   2.8649999904   0.0000000310  -0.0000000140   0.0000000310
   2.8699999904   0.0000000324  -0.0000000142   0.0000000324
   2.8749999903   0.0000000229  -0.0000000109   0.0000000229
   2.8799999903  -0.0000000008  -0.0000000023  -0.0000000008
   2.8849999903  -0.0000000405   0.0000000127  -0.0000000405
   2.8899999903  -0.0000000947   0.0000000350  -0.0000000947
   2.8949999903  -0.0000001577   0.0000000635  -0.0000001577
   2.8999999903  -0.0000002180   0.0000000948  -0.0000002180
   2.9049999902  -0.0000002584   0.0000001222  -0.0000002584
   2.9099999902  -0.0000002560   0.0000001352  -0.0000002560
   2.9149999902  -0.0000001845   0.0000001203  -0.0000001845
   2.9199999902  -0.0000000177   0.0000000623  -0.0000000177
   2.9249999902   0.0000002638  -0.0000000525   0.0000002638
   2.9299999902   0.0000006638  -0.0000002323   0.0000006638
   2.9349999901   0.0000011601  -0.0000004737   0.0000011601
   2.9399999901   0.0000016932  -0.0000007561   0.0000016932
   2.9449999901   0.0000021576  -0.0000010356   0.0000021576
   2.9499999901   0.0000023979  -0.0000012415   0.0000023979
   2.9549999901   0.0000022143  -0.0000012769   0.0000022143
   2.9599999901   0.0000013816  -0.0000010250   0.0000013816
   2.9649999900  -0.0000003160  -0.0000003631  -0.0000003160
   2.9699999900  -0.0000030315   0.0000008130  -0.0000030315
   2.9749999900  -0.0000067855   0.0000025565  -0.0000067855
   2.9799999900  -0.0000113861   0.0000048284  -0.0000113861
   2.9849999900  -0.0000163480   0.0000074533  -0.0000163480
   2.9899999900  -0.0000208276   0.0000100786  -0.0000208276
   2.9949999899  -0.0000235938   0.0000121468  -0.0000235938
   2.9999999899  -0.0000230585   0.0000128923  -0.0000230585
   3.0049999899  -0.0000173900   0.0000113776  -0.0000173900
   3.0099999899  -0.0000047309   0.0000065802  -0.0000047309
   3.0149999899   0.0000164688  -0.0000024602   0.0000164688
   3.0199999899   0.0000470030  -0.0000164283   0.0000470030
   3.0249999898   0.0000863652  -0.0000354607   0.0000863652
   3.0299999898   0.0001321477  -0.0000588264   0.0001321477
   3.0349999898   0.0001794473  -0.0000845913   0.0001794473
   3.0399999898   0.0002203601  -0.0001093035   0.0002203601
   3.0449999898   0.0002436622  -0.0001277529   0.0002436622
   3.0499999898   0.0002347790  -0.0001328592   0.0002347790
   3.0549999897   0.0001761341  -0.0001157471   0.0001761341
   3.0599999897   0.0000479498  -0.0000660559   0.0000479498
   3.0649999897  -0.0001704755   0.0000274847  -0.0001704755
   3.0699999897  -0.0004990377   0.0001762081  -0.0004990377
   3.0749999897  -0.0009547366   0.0003904220  -0.0009547366
   3.0799999897  -0.0015493823   0.0006781448  -0.0015493823
   3.0849999896  -0.0022873162   0.0010437715  -0.0022873162
   3.0899999896  -0.0031634075   0.0014868058  -0.0031634075
   3.0949999896  -0.0041616024   0.0020008159  -0.0041616024
   3.0999999896  -0.0052542864   0.0025727755  -0.0052542864
   3.1049999896  -0.0064026627   0.0031829329  -0.0064026627
   3.1099999896  -0.0075582606   0.0038053142  -0.0075582606
   3.1149999895  -0.0086655622   0.0044089069  -0.0086655622
   3.1199999895  -0.0096656025   0.0049594916  -0.0096656025
   3.1249999895  -0.0105002567   0.0054220124  -0.0105002567
   3.1299999895  -0.0111168161   0.0057632934  -0.0111168161
   3.1349999895  -0.0114723752   0.0059548443  -0.0114723752
   3.1399999895  -0.0115375373   0.0059754625  -0.0115375373
   3.1449999894  -0.0112989897   0.0058133319  -0.0112989897
   3.1499999894  -0.0107606135   0.0054673572  -0.0107606135
   3.1549999894  -0.0099429627   0.0049475447  -0.0099429627
   3.1599999894  -0.0088811483   0.0042743484  -0.0088811483
   3.1649999894  -0.0076213787   0.0034770227  -0.0076213787
   3.1699999894  -0.0062165900   0.0025911541  -0.0062165900
   3.1749999893  -0.0047217351   0.0016556502  -0.0047217351
   3.1799999893  -0.0031893504   0.0007095451  -0.0031893504
   3.1849999893  -0.0016659757  -0.0002109940  -0.0016659757
   3.1899999893  -0.0001898713  -0.0010751011  -0.0001898713
   3.1949999893   0.0012097381  -0.0018588106   0.0012097381
   3.1999999893   0.0025119125  -0.0025456710   0.0025119125
   3.2049999892   0.0037020184  -0.0031263734   0.0037020184
   3.2099999892   0.0047690185  -0.0035975508   0.0047690185
   3.2149999892   0.0057026571  -0.0039600298   0.0057026571
   3.2199999892   0.0064911933  -0.0042169035   0.0064911933
   3.2249999892   0.0071202368  -0.0043718107   0.0071202368
   3.2299999892   0.0075730374  -0.0044277608   0.0075730374
   3.2349999891   0.0078322924  -0.0043867317   0.0078322924
   3.2399999891   0.0078832296  -0.0042501105   0.0078832296
   3.2449999891   0.0077174338  -0.0040198773   0.0077174338
   3.2499999891   0.0073366903  -0.0037002657   0.0073366903
   3.2549999891   0.0067560392  -0.0032995241   0.0067560392
   3.2599999891   0.0060053107  -0.0028313457   0.0060053107
   3.2649999890   0.0051286273  -0.0023155750   0.0051286273
   3.2699999890   0.0041816871  -0.0017779031   0.0041816871
   3.2749999890   0.0032270259  -0.0012484389   0.0032270259
   3.2799999890   0.0023278294  -0.0007592495   0.0023278294
   3.2849999890   0.0015411555  -0.0003411616   0.0015411555
   3.2899999890   0.0009115806  -0.0000202756   0.0009115806
   3.2949999889   0.0004662625   0.0001852686   0.0004662625
   3.2999999889   0.0002122162   0.0002677442   0.0002122162
   3.3049999889   0.0001362583   0.0002310751   0.0001362583
   3.3099999889   0.0002076492   0.0000906097   0.0002076492
   3.3149999889   0.0003830217  -0.0001285938   0.0003830217
   3.3199999889   0.0006128175  -0.0003947528   0.0006128175
   3.3249999888   0.0008482151  -0.0006731975   0.0008482151
   3.3299999888   0.0010474819  -0.0009305030   0.0010474819
   3.3349999888   0.0011808064  -0.0011383212   0.0011808064
   3.3399999888   0.0012329650  -0.0012763751   0.0012329650
   3.3449999888   0.0012035636  -0.0013342257   0.0012035636
   3.3499999888   0.0011050199  -0.0013116293   0.0011050199
   3.3549999887   0.0009588190  -0.0012175332   0.0009588190
   3.3599999887   0.0007908246  -0.0010679633   0.0007908246
   3.3649999887   0.0006265224  -0.0008832115   0.0006265224
   3.3699999887   0.0004869937  -0.0006848018   0.0004869937
   3.3749999887   0.0003862044  -0.0004926985   0.0003862044
   3.3799999886   0.0003298879  -0.0003231280   0.0003298879
   3.3849999886   0.0003159789  -0.0001872379   0.0003159789
   3.3899999886   0.0003362751  -0.0000906542   0.0003362751
   3.3949999886   0.0003788254  -0.0000338403   0.0003788254
   3.3999999886   0.0004304889  -0.0000130527   0.0004304889
   3.4049999886   0.0004791728  -0.0000216296   0.0004791728
   3.4099999885   0.0005154183  -0.0000513539   0.0005154183
   3.4149999885   0.0005331988  -0.0000936808   0.0005331988
   3.4199999885   0.0005299907  -0.0001407004   0.0005299907
   3.4249999885   0.0005063076  -0.0001857863   0.0005063076
   3.4299999885   0.0004649495  -0.0002239496   0.0004649495
   3.4349999885   0.0004101937  -0.0002519547   0.0004101937
   3.4399999884   0.0003470714  -0.0002682607   0.0003470714
   3.4449999884   0.0002807702  -0.0002728368   0.0002807702
   3.4499999884   0.0002161156  -0.0002668736   0.0002161156
   3.4549999884   0.0001570449  -0.0002523937   0.0001570449
   3.4599999884   0.0001060104  -0.0002317643   0.0001060104
   3.4649999884   0.0000633234  -0.0002071327   0.0000633234
   3.4699999883   0.0000265452  -0.0001798422   0.0000265452
   3.4749999883  -0.0000098822  -0.0001499242  -0.0000098822
   3.4799999883  -0.0000545515  -0.0001157845  -0.0000545515
   3.4849999883  -0.0001183795  -0.0000741982  -0.0001183795
   3.4899999883  -0.0002132283  -0.0000206839  -0.0002132283
   3.4949999883  -0.0003499867   0.0000497470  -0.0003499867
   3.4999999882  -0.0005364218   0.0001415608  -0.0005364218
   3.5049999882  -0.0007752397   0.0002575772  -0.0007752397
   3.5099999882  -0.0010628249   0.0003979849  -0.0010628249
   3.5149999882  -0.0013890388   0.0005597430  -0.0013890388
   3.5199999882  -0.0017382542   0.0007365466  -0.0017382542
   3.5249999882  -0.0020915221   0.0009194308  -0.0020915221
   3.5299999881  -0.0024294805   0.0010979388  -0.0024294805
   3.5349999881  -0.0027353986   0.0012616405  -0.0027353986
   3.5399999881  -0.0029976628   0.0014016853  -0.0029976628
   3.5449999881  -0.0032110974   0.0015120434  -0.0032110974
   3.5499999881  -0.0033767605   0.0015901398  -0.0033767605
   3.5549999881  -0.0035002167   0.0016367186  -0.0035002167
   3.5599999880  -0.0035886758   0.0016549557  -0.0035886758
   3.5649999880  -0.0036477021   0.0016490285  -0.0036477021
   3.5699999880  -0.0036783535   0.0016224970  -0.0036783535
   3.5749999880  -0.0036755535   0.0015769206  -0.0036755535
   3.5799999880  -0.0036282269   0.0015110924  -0.0036282269
   3.5849999880  -0.0035213029   0.0014211347  -0.0035213029
   3.5899999879  -0.0033392100   0.0013014866  -0.0033392100
   3.5949999879  -0.0030700710   0.0011465823  -0.0030700710
   3.5999999879  -0.0027095705   0.0009528236  -0.0027095705
   3.6049999879  -0.0022634894   0.0007203506  -0.0022634894
   3.6099999879  -0.0017481744   0.0004541314  -0.0017481744
   3.6149999879  -0.0011886962   0.0001640387  -0.0011886962
   3.6199999878  -0.0006150178  -0.0001361799  -0.0006150178
   3.6249999878  -0.0000570075  -0.0004308594  -0.0000570075
   3.6299999878   0.0004605455  -0.0007048835   0.0004605455
   3.6349999878   0.0009217218  -0.0009460949   0.0009217218
   3.6399999878   0.0013211437  -0.0011470849   0.0013211437
   3.6449999878   0.0016631239  -0.0013059331   0.0016631239
   3.6499999877   0.0019585193  -0.0014257269   0.0019585193
   3.6549999877   0.0022201196  -0.0015129901   0.0022201196
   3.6599999877   0.0024577909  -0.0015754330   0.0024577909
   3.6649999877   0.0026746812  -0.0016196096   0.0026746812
   3.6699999877   0.0028655338  -0.0016490983   0.0028655338
   3.6749999877   0.0030176094  -0.0016636860   0.0030176094
   3.6799999876   0.0031140264  -0.0016597729   0.0031140264
   3.6849999876   0.0031386660  -0.0016318897   0.0031386660
   3.6899999876   0.0030813404  -0.0015749114   0.0030813404
   3.6949999876   0.0029418073  -0.0014863559   0.0029418073
   3.6999999876   0.0027314806  -0.0013681152   0.0027314806
   3.7049999876   0.0024722679  -0.0012271019   0.0024722679
   3.7099999875   0.0021927150  -0.0010745749   0.0021927150
   3.7149999875   0.0019223645  -0.0009242593   0.0019223645
   3.7199999875   0.0016857313  -0.0007897002   0.0016857313
   3.7249999875   0.0014974343  -0.0006815130   0.0014974343
   3.7299999875   0.0013597523  -0.0006052372   0.0013597523
   3.7349999875   0.0012632471  -0.0005603557   0.0012632471
   3.7399999874   0.0011903004  -0.0005407498   0.0011903004
   3.7449999874   0.0011206290  -0.0005364826   0.0011206290
   3.7499999874   0.0010373088  -0.0005364551   0.0010373088
   3.7549999874   0.0009316927  -0.0005312433   0.0009316927
   3.7599999874   0.0008058916  -0.0005153755   0.0008058916
   3.7649999874   0.0006721455  -0.0004884549   0.0006721455
   3.7699999873   0.0005492548  -0.0004548452   0.0005492548
   3.7749999873   0.0004570506  -0.0004220227   0.0004570506
   3.7799999873   0.0004104352  -0.0003980641   0.0004104352
   3.7849999873   0.0004146572  -0.0003889770   0.0004146572
   3.7899999873   0.0004631666  -0.0003966240   0.0004631666
   3.7949999873   0.0005386975  -0.0004178339   0.0005386975
   3.7999999872   0.0006173415  -0.0004449650   0.0006173415
   3.8049999872   0.0006745428  -0.0004677848   0.0006745428
   3.8099999872   0.0006914003  -0.0004761625   0.0006914003
   3.8149999872   0.0006595552  -0.0004628370   0.0006595552
   3.8199999872   0.0005833112  -0.0004254924   0.0005833112
   3.8249999872   0.0004783809  -0.0003675547   0.0004783809
   3.8299999871   0.0003675754  -0.0002974694   0.0003675754
   3.8349999871   0.0002745987  -0.0002266341   0.0002745987
   3.8399999871   0.0002176381  -0.0001665338   0.0002176381
   3.8449999871   0.0002045061  -0.0001258475   0.0002045061
   3.8499999871   0.0002306699  -0.0001083088   0.0002306699
   3.8549999871   0.0002807077  -0.0001118986   0.0002807077
   3.8599999870   0.0003327824  -0.0001295844   0.0003327824
   3.8649999870   0.0003648826  -0.0001513948   0.0003648826
   3.8699999870   0.0003610887  -0.0001672526   0.0003610887
   3.8749999870   0.0003161108  -0.0001697783   0.0003161108
   3.8799999870   0.0002368263  -0.0001562913   0.0002368263
   3.8849999870   0.0001403867  -0.0001294575   0.0001403867
   3.8899999869   0.0000494223  -0.0000964145   0.0000494223
   3.8949999869  -0.0000143100  -0.0000666289  -0.0000143100
   3.8999999869  -0.0000360502  -0.0000490975  -0.0000360502
   3.9049999869  -0.0000122116  -0.0000496827  -0.0000122116
   3.9099999869   0.0000485671  -0.0000693367   0.0000485671
   3.9149999869   0.0001277866  -0.0001037157   0.0001277866
   3.9199999868   0.0002022053  -0.0001442921   0.0002022053
   3.9249999868   0.0002502699  -0.0001806558   0.0002502699
   3.9299999868   0.0002580524  -0.0002033558   0.0002580524
   3.9349999868   0.0002230305  -0.0002064873   0.0002230305
   3.9399999868   0.0001546602  -0.0001893003   0.0001546602
   3.9449999868   0.0000715974  -0.0001563822   0.0000715974
   3.9499999867  -0.0000036306  -0.0001163685  -0.0000036306
   3.9549999867  -0.0000509884  -0.0000795486  -0.0000509884
   3.9599999867  -0.0000585349  -0.0000550390  -0.0000585349
   3.9649999867  -0.0000256923  -0.0000483151  -0.0000256923
   3.9699999867   0.0000367149  -0.0000597834   0.0000367149
   3.9749999867   0.0001096322  -0.0000847817   0.0001096322
   3.9799999866   0.0001712306  -0.0001149877   0.0001712306
   3.9849999866   0.0002030823  -0.0001408254   0.0002030823
   3.9899999866   0.0001953054  -0.0001541812   0.0001953054
   3.9949999866   0.0001492383  -0.0001506642   0.0001492383
   3.9999999866   0.0000769197  -0.0001307851   0.0000769197
   4.0049999866  -0.0000024374  -0.0000997370  -0.0000024374
   4.0099999865  -0.0000679384  -0.0000658641  -0.0000679384
   4.0149999865  -0.0001028887  -0.0000382669  -0.0001028887
   4.0199999865  -0.0000993973  -0.0000242329  -0.0000993973
   4.0249999865  -0.0000604223  -0.0000272173  -0.0000604223
   4.0299999865   0.0000012729  -0.0000459326   0.0000012729
   4.0349999864   0.0000669040  -0.0000747831   0.0000669040
   4.0399999864   0.0001170697  -0.0001054991   0.0001170697
   4.0449999864   0.0001372173  -0.0001294884   0.0001372173
   4.0499999864   0.0001216258  -0.0001402322   0.0001216258
   4.0549999864   0.0000748127  -0.0001350531   0.0000748127
   4.0599999864   0.0000100262  -0.0001157716   0.0000100262
   4.0649999863  -0.0000546866  -0.0000880927  -0.0000546866
   4.0699999863  -0.0001016667  -0.0000599230  -0.0001016667
   4.0749999863  -0.0001185919  -0.0000391147  -0.0001185919
   4.0799999863  -0.0001017987  -0.0000312813  -0.0001017987
   4.0849999863  -0.0000570846  -0.0000382927  -0.0000570846
   4.0899999863   0.0000021646  -0.0000578534   0.0000021646
   4.0949999862   0.0000589194  -0.0000842493   0.0000589194
   4.0999999862   0.0000973512  -0.0001100237   0.0000973512
   4.1049999862   0.0001071898  -0.0001280862   0.0001071898
   4.1099999862   0.0000863861  -0.0001336566   0.0000863861
   4.1149999862   0.0000413928  -0.0001255079   0.0000413928
   4.1199999862  -0.0000149321  -0.0001061882  -0.0000149321
   4.1249999861  -0.0000671246  -0.0000811947  -0.0000671246
   4.1299999861  -0.0001014902  -0.0000573661  -0.0001014902
   4.1349999861  -0.0001098108  -0.0000409679  -0.0001098108
   4.1399999861  -0.0000913770  -0.0000360093  -0.0000913770
   4.1449999861  -0.0000528509  -0.0000432467  -0.0000528509
   4.1499999861  -0.0000060948  -0.0000601186  -0.0000060948
   4.1549999860   0.0000353382  -0.0000815905   0.0000353382
   4.1599999860   0.0000600130  -0.0001016352   0.0000600130
   4.1649999860   0.0000616502  -0.0001149149   0.0000616502
   4.1699999860   0.0000405910  -0.0001181957   0.0000405910
   4.1749999860   0.0000033668  -0.0001111199   0.0000033668
   4.1799999860  -0.0000394065  -0.0000961607  -0.0000394065
   4.1849999859  -0.0000761351  -0.0000778115  -0.0000761351
   4.1899999859  -0.0000974463  -0.0000612727  -0.0000974463
   4.1949999859  -0.0000985980  -0.0000510176  -0.0000985980
   4.1999999859  -0.0000804902  -0.0000496300  -0.0000804902
   4.2049999859  -0.0000490917  -0.0000572119  -0.0000490917
   4.2099999859  -0.0000135423  -0.0000714845  -0.0000135423
   4.2149999858   0.0000164685  -0.0000885144   0.0000164685
   4.2199999858   0.0000332920  -0.0001038343   0.0000332920
   4.2249999858   0.0000331892  -0.0001136359   0.0000331892
   4.2299999858   0.0000170369  -0.0001157210   0.0000170369
   4.2349999858  -0.0000102244  -0.0001099751  -0.0000102244
   4.2399999858  -0.0000411544  -0.0000982781  -0.0000411544
   4.2449999857  -0.0000678955  -0.0000839112  -0.0000678955
   4.2499999857  -0.0000841920  -0.0000706490  -0.0000841920
   4.2549999857  -0.0000868336  -0.0000617891  -0.0000868336
   4.2599999857  -0.0000762108  -0.0000593657  -0.0000762108
   4.2649999857  -0.0000559284  -0.0000637283  -0.0000559284
   4.2699999857  -0.0000316659  -0.0000735615  -0.0000316659
   4.2749999856  -0.0000096396  -0.0000863051  -0.0000096396
   4.2799999856   0.0000049216  -0.0000988443   0.0000049216
   4.2849999856   0.0000089253  -0.0001082841   0.0000089253
   4.2899999856   0.0000019651  -0.0001126211   0.0000019651
   4.2949999856  -0.0000137937  -0.0001111652  -0.0000137937
   4.2999999856  -0.0000342947  -0.0001046316  -0.0000342947
   4.3049999855  -0.0000546297  -0.0000949064  -0.0000546297
   4.3099999855  -0.0000701824  -0.0000845573  -0.0000701824
   4.3149999855  -0.0000776267  -0.0000762126  -0.0000776267
   4.3199999855  -0.0000755913  -0.0000719517  -0.0000755913
   4.3249999855  -0.0000648821  -0.0000728388  -0.0000648821
   4.3299999855  -0.0000482419  -0.0000786982  -0.0000482419
   4.3349999854  -0.0000297148  -0.0000881741  -0.0000297148
   4.3399999854  -0.0000137451  -0.0000990575  -0.0000137451
   4.3449999854  -0.0000041910  -0.0001088097  -0.0000041910
   4.3499999854  -0.0000034506  -0.0001151631  -0.0000034506
   4.3549999854  -0.0000118865  -0.0001166675  -0.0000118865
   4.3599999854  -0.0000276860  -0.0001130522  -0.0000276860
   4.3649999853  -0.0000472156  -0.0001053147  -0.0000472156
   4.3699999853  -0.0000658205  -0.0000955039  -0.0000658205
   4.3749999853  -0.0000789130  -0.0000862382  -0.0000789130
   4.3799999853  -0.0000831087  -0.0000800649  -0.0000831087
   4.3849999853  -0.0000771302  -0.0000788133  -0.0000771302
   4.3899999853  -0.0000622321  -0.0000831037  -0.0000622321
   4.3949999852  -0.0000420022  -0.0000921483  -0.0000420022
   4.3999999852  -0.0000215435  -0.0001039068  -0.0000215435
   4.4049999852  -0.0000062111  -0.0001155767  -0.0000062111
   4.4099999852  -0.0000002138  -0.0001243016  -0.0000002138
   4.4149999852  -0.0000054482  -0.0001279225  -0.0000054482
   4.4199999852  -0.0000208988  -0.0001255708  -0.0000208988
   4.4249999851  -0.0000427991  -0.0001179369  -0.0000427991
   4.4299999851  -0.0000655497  -0.0001071297  -0.0000655497
   4.4349999851  -0.0000831744  -0.0000961479  -0.0000831744
   4.4399999851  -0.0000909339  -0.0000880962  -0.0000909339
   4.4449999851  -0.0000866527  -0.0000853512  -0.0000866527
   4.4499999851  -0.0000713770  -0.0000889054  -0.0000713770
   4.4549999850  -0.0000491572  -0.0000980758  -0.0000491572
   4.4599999850  -0.0000259906  -0.0001106646  -0.0000259906
   4.4649999850  -0.0000081995  -0.0001235394  -0.0000081995
   4.4699999850  -0.0000006891  -0.0001334778  -0.0000006891
   4.4749999850  -0.0000055750  -0.0001380470  -0.0000055750
   4.4799999850  -0.0000215733  -0.0001362735  -0.0000215733
   4.4849999849  -0.0000443360  -0.0001289149  -0.0000443360
   4.4899999849  -0.0000676465  -0.0001182542  -0.0000676465
   4.4949999849  -0.0000851445  -0.0001074713  -0.0000851445
   4.4999999849  -0.0000920930  -0.0000997669  -0.0000920930
   4.5049999849  -0.0000866908  -0.0000974815  -0.0000866908
   4.5099999849  -0.0000705585  -0.0001014562  -0.0000705585
   4.5149999848  -0.0000482648  -0.0001108127  -0.0000482648
   4.5199999848  -0.0000260323  -0.0001232105  -0.0000260323
   4.5249999848  -0.0000099955  -0.0001355060  -0.0000099955
   4.5299999848  -0.0000045055  -0.0001446255  -0.0000045055
   4.5349999848  -0.0000109563  -0.0001484073  -0.0000109563
   4.5399999848  -0.0000274536  -0.0001461796  -0.0000274536
   4.5449999847  -0.0000494005  -0.0001389190  -0.0000494005
   4.5499999847  -0.0000708170  -0.0001289543  -0.0000708170
   4.5549999847  -0.0000860068  -0.0001193068  -0.0000860068
   4.5599999847  -0.0000911000  -0.0001128566  -0.0000911000
   4.5649999847  -0.0000850480  -0.0001115692  -0.0000850480
   4.5699999847  -0.0000698166  -0.0001159895  -0.0000698166
   4.5749999846  -0.0000497521  -0.0001251347  -0.0000497521
   4.5799999846  -0.0000303287  -0.0001368012  -0.0000303287
   4.5849999846  -0.0000166433  -0.0001481883  -0.0000166433
   4.5899999846  -0.0000120786  -0.0001566593  -0.0000120786
   4.5949999846  -0.0000174857  -0.0001604314  -0.0000174857
   4.5999999846  -0.0000310805  -0.0001590123  -0.0000310805
   4.6049999845  -0.0000490400  -0.0001532793  -0.0000490400
   4.6099999845  -0.0000666020  -0.0001451961  -0.0000666020
   4.6149999845  -0.0000793469  -0.0001372585  -0.0000793469
   4.6199999845  -0.0000843137  -0.0001318273  -0.0000843137
   4.6249999845  -0.0000806730  -0.0001305279  -0.0000806730
   4.6299999845  -0.0000698131  -0.0001338689  -0.0000698131
   4.6349999844  -0.0000548579  -0.0001411656  -0.0000548579
   4.6399999844  -0.0000397826  -0.0001507711  -0.0000397826
   4.6449999844  -0.0000283761  -0.0001605390  -0.0000283761
   4.6499999844  -0.0000233204  -0.0001683872  -0.0000233204
   4.6549999844  -0.0000256028  -0.0001728152  -0.0000256028
   4.6599999844  -0.0000343768  -0.0001732480  -0.0000343768
   4.6649999843  -0.0000472704  -0.0001701336  -0.0000472704
   4.6699999843  -0.0000610350  -0.0001647832  -0.0000610350
   4.6749999843  -0.0000723585  -0.0001590099  -0.0000723585
   4.6799999843  -0.0000786455  -0.0001546645  -0.0000786455
   4.6849999843  -0.0000785901  -0.0001531860  -0.0000785901
   4.6899999843  -0.0000724262  -0.0001552717  -0.0000724262
   4.6949999842  -0.0000618194  -0.0001607390  -0.0000618194
   4.6999999842  -0.0000494405  -0.0001685991  -0.0000494405
   4.7049999842  -0.0000383271  -0.0001773174  -0.0000383271
   4.7099999842  -0.0000311778  -0.0001851913  -0.0000311778
   4.7149999842  -0.0000297341  -0.0001907564  -0.0000297341
   4.7199999841  -0.0000343832  -0.0001931272  -0.0000343832
   4.7249999841  -0.0000440696  -0.0001921995  -0.0000440696
   4.7299999841  -0.0000565352  -0.0001886689  -0.0000565352
   4.7349999841  -0.0000688419  -0.0001838648  -0.0000688419
   4.7399999841  -0.0000780596  -0.0001794368  -0.0000780596
   4.7449999841  -0.0000819695  -0.0001769631  -0.0000819695
   4.7499999840  -0.0000796132  -0.0001775710  -0.0000796132
   4.7549999840  -0.0000715538  -0.0001816576  -0.0000715538
   4.7599999840  -0.0000597736  -0.0001887795  -0.0000597736
   4.7649999840  -0.0000472168  -0.0001977443  -0.0000472168
   4.7699999840  -0.0000370793  -0.0002068901  -0.0000370793
   4.7749999840  -0.0000320104  -0.0002144904  -0.0000320104
   4.7799999839  -0.0000334281  -0.0002191887  -0.0000334281
   4.7849999839  -0.0000411283  -0.0002203537  -0.0000411283
   4.7899999839  -0.0000532998  -0.0002182587  -0.0000532998
   4.7949999839  -0.0000669578  -0.0002140320  -0.0000669578
   4.7999999839  -0.0000786958  -0.0002093802  -0.0000786958
   4.8049999839  -0.0000855683  -0.0002061522  -0.0000855683
   4.8099999838  -0.0000858719  -0.0002058532  -0.0000858719
   4.8149999838  -0.0000796145  -0.0002092404  -0.0000796145
   4.8199999838  -0.0000685354  -0.0002161130  -0.0000685354
   4.8249999838  -0.0000556629  -0.0002253572  -0.0000556629
   4.8299999838  -0.0000445180  -0.0002352407  -0.0000445180
   4.8349999838  -0.0000381759  -0.0002438766  -0.0000381759
   4.8399999837  -0.0000384382  -0.0002497325  -0.0000384382
   4.8449999837  -0.0000453451  -0.0002520424  -0.0000453451
   4.8499999837  -0.0000571626  -0.0002510086  -0.0000571626
   4.8549999837  -0.0000708528  -0.0002477386  -0.0000708528
   4.8599999837  -0.0000828976  -0.0002439362  -0.0000828976
   4.8649999837  -0.0000902501  -0.0002414361  -0.0000902501
   4.8699999836  -0.0000911508  -0.0002417115  -0.0000911508
   4.8749999836  -0.0000855874  -0.0002454891  -0.0000855874
   4.8799999836  -0.0000752736  -0.0002525744  -0.0000752736
   4.8849999836  -0.0000631628  -0.0002619257  -0.0000631628
   4.8899999836  -0.0000526367  -0.0002719513  -0.0000526367
   4.8949999836  -0.0000465973  -0.0002809409  -0.0000465973
   4.8999999835  -0.0000467115  -0.0002875131  -0.0000467115
   4.9049999835  -0.0000530061  -0.0002909621  -0.0000530061
   4.9099999835  -0.0000639115  -0.0002914177  -0.0000639115
   4.9149999835  -0.0000767232  -0.0002897856  -0.0000767232
   4.9199999835  -0.0000883425  -0.0002874942  -0.0000883425
   4.9249999835  -0.0000960880  -0.0002861181  -0.0000960880
   4.9299999834  -0.0000983627  -0.0002869791  -0.0000983627
   4.9349999834  -0.0000950124  -0.0002908243  -0.0000950124
   4.9399999834  -0.0000873008  -0.0002976557  -0.0000873008
   4.9449999834  -0.0000775298  -0.0003067507  -0.0000775298
   4.9499999834  -0.0000684221  -0.0003168591  -0.0000684221
   4.9549999834  -0.0000624340  -0.0003265258  -0.0000624340
   4.9599999833  -0.0000611702  -0.0003344558  -0.0000611702
   4.9649999833  -0.0000650356  -0.0003398317  -0.0000650356
   4.9699999833  -0.0000731930  -0.0003425069  -0.0000731930
   4.9749999833  -0.0000838169  -0.0003430290  -0.0000838169
   4.9799999833  -0.0000945687  -0.0003424909  -0.0000945687
   4.9849999833  -0.0001031695  -0.0003422492  -0.0001031695
   4.9899999832  -0.0001079379  -0.0003435826  -0.0001079379
   4.9949999832  -0.0001081683  -0.0003473774  -0.0001081683
   4.9999999832  -0.0001042725  -0.0003539178  -0.0001042725
   5.0049999832  -0.0000976582  -0.0003628329  -0.0000976582
   5.0099999832  -0.0000903789  -0.0003732078  -0.0000903789
   5.0149999832  -0.0000846378  -0.0003838283  -0.0000846378
   5.0199999831  -0.0000822627  -0.0003934914  -0.0000822627
   5.0249999831  -0.0000842723  -0.0004013031  -0.0000842723
   5.0299999831  -0.0000906365  -0.0004068889  -0.0000906365
   5.0349999831  -0.0001002871  -0.0004104696  -0.0001002871
   5.0399999831  -0.0001113790  -0.0004127884  -0.0001113790
   5.0449999831  -0.0001217399  -0.0004149144  -0.0001217399
   5.0499999830  -0.0001294021  -0.0004179747  -0.0001294021
   5.0549999830  -0.0001330873  -0.0004228808  -0.0001330873
   5.0599999830  -0.0001325245  -0.0004301131  -0.0001325245
   5.0649999830  -0.0001285207  -0.0004396112  -0.0001285207
   5.0699999830  -0.0001227648  -0.0004507917  -0.0001227648
   5.0749999830  -0.0001174108  -0.0004626867  -0.0001174108
   5.0799999829  -0.0001145422  -0.0004741710  -0.0001145422
   5.0849999829  -0.0001156497  -0.0004842260  -0.0001156497
   5.0899999829  -0.0001212535  -0.0004921811  -0.0001212535
   5.0949999829  -0.0001307646  -0.0004978768  -0.0001307646
   5.0999999829  -0.0001426229  -0.0005017082  -0.0001426229
   5.1049999829  -0.0001546779  -0.0005045352  -0.0001546779
   5.1099999828  -0.0001647217  -0.0005074751  -0.0001647217
   5.1149999828  -0.0001710389  -0.0005116248  -0.0001710389
   5.1199999828  -0.0001728378  -0.0005177802  -0.0001728378
   5.1249999828  -0.0001704531  -0.0005262247  -0.0001704531
   5.1299999828  -0.0001652649  -0.0005366466  -0.0001652649
   5.1349999828  -0.0001593550  -0.0005482124  -0.0001593550
   5.1399999827  -0.0001549830  -0.0005597829  -0.0001549830
   5.1449999827  -0.0001540170  -0.0005702164  -0.0001540170
   5.1499999827  -0.0001574645  -0.0005786804  -0.0001574645
   5.1549999827  -0.0001652272  -0.0005848851  -0.0001652272
   5.1599999827  -0.0001761434  -0.0005891744  -0.0001761434
   5.1649999827  -0.0001883109  -0.0005924477  -0.0001883109
   5.1699999826  -0.0001996047  -0.0005959351  -0.0001996047
   5.1749999826  -0.0002082534  -0.0006008877  -0.0002082534
   5.1799999826  -0.0002133223  -0.0006082665  -0.0002133223
   5.1849999826  -0.0002149742  -0.0006185157  -0.0002149742
   5.1899999826  -0.0002144414  -0.0006314743  -0.0002144414
   5.1949999826  -0.0002137181  -0.0006464453  -0.0002137181
   5.1999999825  -0.0002150581  -0.0006623947  -0.0002150581
   5.2049999825  -0.0002204133  -0.0006782225  -0.0002204133
   5.2099999825  -0.0002309600  -0.0006930315  -0.0002309600
   5.2149999825  -0.0002468330  -0.0007063240  -0.0002468330
   5.2199999825  -0.0002671274  -0.0007180830  -0.0002671274
   5.2249999825  -0.0002901569  -0.0007287226  -0.0002901569
   5.2299999824  -0.0003138904  -0.0007389284  -0.0003138904
   5.2349999824  -0.0003364467  -0.0007494321  -0.0003364467
   5.2399999824  -0.0003565198  -0.0007607795  -0.0003565198
   5.2449999824  -0.0003736306  -0.0007731476  -0.0003736306
   5.2499999824  -0.0003881526  -0.0007862563  -0.0003881526
   5.2549999824  -0.0004011148  -0.0007993950  -0.0004011148
   5.2599999823  -0.0004138428  -0.0008115599  -0.0004138428
   5.2649999823  -0.0004275296  -0.0008216711  -0.0004275296
   5.2699999823  -0.0004428444  -0.0008288227  -0.0004428444
   5.2749999823  -0.0004596703  -0.0008325069  -0.0004596703
   5.2799999823  -0.0004770300  -0.0008327630  -0.0004770300
   5.2849999823  -0.0004932144  -0.0008302145  -0.0004932144
   5.2899999822  -0.0005060837  -0.0008259884  -0.0005060837
   5.2949999822  -0.0005134709  -0.0008215351  -0.0005134709
   5.2999999822  -0.0005135986  -0.0008183949  -0.0005135986
   5.3049999822  -0.0005054149  -0.0008179669  -0.0005054149
   5.3099999822  -0.0004887744  -0.0008213353  -0.0004887744
   5.3149999822  -0.0004644246  -0.0008291886  -0.0004644246
   5.3199999821  -0.0004338041  -0.0008418423  -0.0004338041
   5.3249999821  -0.0003987011  -0.0008593453  -0.0003987011
   5.3299999821  -0.0003608570  -0.0008816281  -0.0003608570
   5.3349999821  -0.0003216110  -0.0009086410  -0.0003216110
   5.3399999821  -0.0002816739  -0.0009404343  -0.0002816739
   5.3449999821  -0.0002410851  -0.0009771504  -0.0002410851
   5.3499999820  -0.0001993618  -0.0010189231  -0.0001993618
   5.3549999820  -0.0001558000  -0.0010657013  -0.0001558000
   5.3599999820  -0.0001098487  -0.0011170356  -0.0001098487
   5.3649999820  -0.0000614582  -0.0011718751  -0.0000614582
   5.3699999820  -0.0000113126  -0.0012284194  -0.0000113126
   5.3749999820   0.0000391170  -0.0012840603   0.0000391170
   5.3799999819   0.0000877134  -0.0013354329   0.0000877134
   5.3849999819   0.0001320185  -0.0013785731   0.0001320185
   5.3899999819   0.0001696296  -0.0014091635   0.0001696296
   5.3949999819   0.0001985921  -0.0014228318   0.0001985921
   5.3999999819   0.0002176976  -0.0014154600   0.0002176976
   5.4049999818   0.0002266160  -0.0013834581   0.0002266160
   5.4099999818   0.0002258352  -0.0013239692   0.0002258352
   5.4149999818   0.0002164238  -0.0012349828   0.0002164238
   5.4199999818   0.0001996786  -0.0011153590   0.0001996786
   5.4249999818   0.0001767447  -0.0009647833   0.0001767447
   5.4299999818   0.0001483020  -0.0007836892   0.0001483020
   5.4349999817   0.0001143981  -0.0005731894   0.0001143981
   5.4399999817   0.0000744696  -0.0003350501   0.0000744696
   5.4449999817   0.0000275489  -0.0000717237   0.0000275489
   5.4499999817  -0.0000273938   0.0002135712  -0.0000273938
   5.4549999817  -0.0000910588   0.0005167542  -0.0000910588
   5.4599999817  -0.0001634725   0.0008328223  -0.0001634725
   5.4649999816  -0.0002437806   0.0011558733  -0.0002437806
   5.4699999816  -0.0003302291   0.0014792489  -0.0003302291
   5.4749999816  -0.0004203421   0.0017958094  -0.0004203421
   5.4799999816  -0.0005112507   0.0020983193  -0.0005112507
   5.4849999816  -0.0006000921   0.0023798979  -0.0006000921
   5.4899999816  -0.0006843816   0.0026344730  -0.0006843816
   5.4949999815  -0.0007622687   0.0028571721  -0.0007622687
   5.4999999815  -0.0008326226   0.0030446028  -0.0008326226
   5.5049999815  -0.0008949387   0.0031949908  -0.0008949387
   5.5099999815  -0.0009491050   0.0033081776  -0.0009491050
   5.5149999815  -0.0009951030   0.0033854979  -0.0009951030
   5.5199999815  -0.0010327332   0.0034295790  -0.0010327332
   5.5249999814  -0.0010614456   0.0034441022  -0.0010614456
   5.5299999814  -0.0010803250   0.0034335705  -0.0010803250
   5.5349999814  -0.0010882401   0.0034031027  -0.0010882401
   5.5399999814  -0.0010841197   0.0033582663  -0.0010841197
   5.5449999814  -0.0010672905   0.0033049394  -0.0010672905
   5.5499999814  -0.0010377910   0.0032491804  -0.0010377910
   5.5549999813  -0.0009965836   0.0031970831  -0.0009965836
   5.5599999813  -0.0009456101   0.0031545950  -0.0009456101
   5.5649999813  -0.0008876699   0.0031272904  -0.0008876699
   5.5699999813  -0.0008261380   0.0031201047  -0.0008261380
   5.5749999813  -0.0007645763   0.0031370524  -0.0007645763
   5.5799999813  -0.0007063073   0.0031809655  -0.0007063073
   5.5849999812  -0.0006540295   0.0032532928  -0.0006540295
   5.5899999812  -0.0006095381   0.0033539975  -0.0006095381
   5.5949999812  -0.0005735920   0.0034815778  -0.0005735920
   5.5999999812  -0.0005459362   0.0036332146  -0.0005459362
   5.6049999812  -0.0005254555   0.0038050311  -0.0005254555
   5.6099999812  -0.0005104104   0.0039924261  -0.0005104104
   5.6149999811  -0.0004986941   0.0041904369  -0.0004986941
   5.6199999811  -0.0004880515   0.0043940793  -0.0004880515
   5.6249999811  -0.0004762151   0.0045986271  -0.0004762151
   5.6299999811  -0.0004609430   0.0047998027  -0.0004609430
   5.6349999811  -0.0004399706   0.0049938758  -0.0004399706
   5.6399999811  -0.0004109167   0.0051776808  -0.0004109167
   5.6449999810  -0.0003711999   0.0053485807  -0.0003711999
   5.6499999810  -0.0003180204   0.0055044074  -0.0003180204
   5.6549999810  -0.0002484518   0.0056434095  -0.0002484518
   5.6599999810  -0.0001596539   0.0057642239  -0.0001596539
   5.6649999810  -0.0000491909   0.0058658800  -0.0000491909
   5.6699999810   0.0000845991   0.0059478267   0.0000845991
   5.6749999809   0.0002422522   0.0060099644   0.0002422522
   5.6799999809   0.0004229260   0.0060526575   0.0004229260
   5.6849999809   0.0006243057   0.0060767058   0.0006243057
   5.6899999809   0.0008427085   0.0060832585   0.0008427085
   5.6949999809   0.0010733797   0.0060736690   0.0010733797
   5.6999999809   0.0013109390   0.0060493011   0.0013109390
   5.7049999808   0.0015499031   0.0060113105   0.0015499031
   5.7099999808   0.0017851945   0.0059604339   0.0017851945
   5.7149999808   0.0020125568   0.0058968200   0.0020125568
   5.7199999808   0.0022288115   0.0058199322   0.0022288115
   5.7249999808   0.0024319365   0.0057285377   0.0024319365
   5.7299999808   0.0026209772   0.0056207866   0.0026209772
   5.7349999807   0.0027958401   0.0054943628   0.0027958401
   5.7399999807   0.0029570350   0.0053466783   0.0029570350
   5.7449999807   0.0031054331   0.0051750754   0.0031054331
   5.7499999807   0.0032420931   0.0049770021   0.0032420931
   5.7549999807   0.0033681778   0.0047501414   0.0033681778
   5.7599999807   0.0034849498   0.0044924849   0.0034849498
   5.7649999806   0.0035938103   0.0042023642   0.0035938103
   5.7699999806   0.0036963272   0.0038784628   0.0036963272
   5.7749999806   0.0037942026   0.0035198369   0.0037942026
   5.7799999806   0.0038891468   0.0031259705   0.0038891468
   5.7849999806   0.0039826560   0.0026968741   0.0039826560
   5.7899999806   0.0040757231   0.0022332200   0.0040757231
   5.7949999805   0.0041685352   0.0017364930   0.0041685352
   5.7999999805   0.0042602290   0.0012091178   0.0042602290
   5.8049999805   0.0043487654   0.0006545314   0.0043487654
   5.8099999805   0.0044309689   0.0000771672   0.0044309689
   5.8149999805   0.0045027418  -0.0005176591   0.0045027418
   5.8199999805   0.0045594310  -0.0011239581   0.0045594310
   5.8249999804   0.0045962904  -0.0017353477   0.0045962904
   5.8299999804   0.0046089681  -0.0023453711   0.0046089681
   5.8349999804   0.0045939407  -0.0029478137   0.0045939407
   5.8399999804   0.0045488316  -0.0035369824   0.0045488316
   5.8449999804   0.0044725751  -0.0041079182   0.0044725751
   5.8499999804   0.0043654153  -0.0046565268   0.0043654153
   5.8549999803   0.0042287610  -0.0051796204   0.0042287610
   5.8599999803   0.0040649373  -0.0056748777   0.0040649373
   5.8649999803   0.0038768863  -0.0061407363   0.0038768863
   5.8699999803   0.0036678712  -0.0065762387   0.0036678712
   5.8749999803   0.0034412281  -0.0069808555   0.0034412281
   5.8799999803   0.0032001922  -0.0073543091   0.0032001922
   5.8849999802   0.0029478085  -0.0076964200   0.0029478085
   5.8899999802   0.0026869140  -0.0080069881   0.0026869140
   5.8949999802   0.0024201686  -0.0082857146   0.0024201686
   5.8999999802   0.0021500983  -0.0085321630   0.0021500983
   5.9049999802   0.0018791186  -0.0087457487   0.0018791186
   5.9099999802   0.0016095131  -0.0089257455   0.0016095131
   5.9149999801   0.0013433591  -0.0090713008   0.0013433591
   5.9199999801   0.0010824105  -0.0091814560   0.0010824105
   5.9249999801   0.0008279673  -0.0092551758   0.0008279673
   5.9299999801   0.0005807721  -0.0092913993   0.0005807721
   5.9349999801   0.0003409737  -0.0092891228   0.0003409737
   5.9399999801   0.0001081876  -0.0092475228   0.0001081876
   5.9449999800  -0.0001183392  -0.0091661169  -0.0001183392
   5.9499999800  -0.0003394813  -0.0090449457  -0.0003394813
   5.9549999800  -0.0005559483  -0.0088847481  -0.0005559483
   5.9599999800  -0.0007680212  -0.0086870964  -0.0007680212
   5.9649999800  -0.0009753718  -0.0084544560  -0.0009753718
   5.9699999800  -0.0011770081  -0.0081901480  -0.0011770081
   5.9749999799  -0.0013713628  -0.0078982052  -0.0013713628
   5.9799999799  -0.0015565061  -0.0075831376  -0.0015565061
   5.9849999799  -0.0017304328  -0.0072496355  -0.0017304328
   5.9899999799  -0.0018913588  -0.0069022571  -0.0018913588
   5.9949999799  -0.0020379585  -0.0065451462  -0.0020379585
