   0.0000000000   0.0000000000   0.0000000000   0.0000000000
   0.0050000000   0.0000000000   0.0000000000   0.0000000000
   0.0100000000   0.0000000000   0.0000000000   0.0000000000
   0.0149999999   0.0000000000   0.0000000000   0.0000000000
   0.0199999999   0.0000000000   0.0000000000   0.0000000000
   0.0249999999   0.0000000000   0.0000000000   0.0000000000
   0.0299999999   0.0000000000   0.0000000000   0.0000000000
   0.0349999999   0.0000000000   0.0000000000   0.0000000000
   0.0399999999   0.0000000000   0.0000000000   0.0000000000
   0.0449999998   0.0000000000   0.0000000000   0.0000000000
   0.0499999998  -0.0000000000  -0.0000000000  -0.0000000000
   0.0549999998  -0.0000000000  -0.0000000000  -0.0000000000
   0.0599999998  -0.0000000000  -0.0000000000  -0.0000000000
   0.0649999998  -0.0000000000  -0.0000000000  -0.0000000000
   0.0699999998  -0.0000000000  -0.0000000000  -0.0000000000
   0.0749999997  -0.0000000000  -0.0000000000  -0.0000000000
   0.0799999997  -0.0000000000  -0.0000000000  -0.0000000000
   0.0849999997  -0.0000000000  -0.0000000000  -0.0000000000
   0.0899999997  -0.0000000000  -0.0000000000  -0.0000000000
   0.0949999997  -0.0000000000  -0.0000000000  -0.0000000000
   0.0999999997  -0.0000000000  -0.0000000000  -0.0000000000
   0.1049999996  -0.0000000000  -0.0000000000  -0.0000000000
   0.1099999996  -0.0000000000  -0.0000000000  -0.0000000000
   0.1149999996  -0.0000000000  -0.0000000000  -0.0000000000
   0.1199999996  -0.0000000000  -0.0000000000  -0.0000000000
   0.1249999996  -0.0000000000  -0.0000000000  -0.0000000000
   0.1299999996  -0.0000000000  -0.0000000000  -0.0000000000
   0.1349999995  -0.0000000000  -0.0000000000  -0.0000000000
   0.1399999995  -0.0000000000  -0.0000000000  -0.0000000000
   0.1449999995  -0.0000000000  -0.0000000000  -0.0000000000
   0.1499999995  -0.0000000000  -0.0000000000  -0.0000000000
   0.1549999995  -0.0000000000  -0.0000000000  -0.0000000000
   0.1599999995  -0.0000000000  -0.0000000000  -0.0000000000
   0.1649999994  -0.0000000000  -0.0000000000  -0.0000000000
   0.1699999994  -0.0000000000  -0.0000000000  -0.0000000000
   0.1749999994  -0.0000000000  -0.0000000000  -0.0000000000
   0.1799999994  -0.0000000000  -0.0000000000  -0.0000000000
   0.1849999994  -0.0000000000  -0.0000000000  -0.0000000000
   0.1899999994  -0.0000000000   0.0000000000  -0.0000000000
   0.1949999993   0.0000000000   0.0000000000   0.0000000000
   0.1999999993   0.0000000000   0.0000000000   0.0000000000
   0.2049999993   0.0000000000   0.0000000000   0.0000000000
   0.2099999993   0.0000000000   0.0000000000   0.0000000000
   0.2149999993   0.0000000000   0.0000000000   0.0000000000
   0.2199999993   0.0000000000   0.0000000000   0.0000000000
   0.2249999992   0.0000000000   0.0000000000   0.0000000000
   0.2299999992   0.0000000000  -0.0000000000   0.0000000000
   0.2349999992   0.0000000000  -0.0000000000   0.0000000000
   0.2399999992   0.0000000000  -0.0000000000   0.0000000000
   0.2449999992   0.0000000000  -0.0000000000   0.0000000000
   0.2499999992   0.0000000000  -0.0000000000   0.0000000000
   0.2549999991   0.0000000000  -0.0000000000   0.0000000000
   0.2599999991   0.0000000000  -0.0000000000   0.0000000000
   0.2649999991  -0.0000000000   0.0000000000  -0.0000000000
   0.2699999991  -0.0000000000   0.0000000000  -0.0000000000
   0.2749999991  -0.0000000000   0.0000000000  -0.0000000000
   0.2799999991  -0.0000000000   0.0000000000  -0.0000000000
   0.2849999990  -0.0000000000   0.0000000000  -0.0000000000
   0.2899999990  -0.0000000000   0.0000000000  -0.0000000000
   0.2949999990  -0.0000000000  -0.0000000000  -0.0000000000
   0.2999999990   0.0000000000  -0.0000000000   0.0000000000
   0.3049999990   0.0000000000  -0.0000000000   0.0000000000
   0.3099999990   0.0000000000  -0.0000000000   0.0000000000
   0.3149999989   0.0000000000  -0.0000000000   0.0000000000
   0.3199999989   0.0000000000  -0.0000000000   0.0000000000
   0.3249999989   0.0000000000  -0.0000000000   0.0000000000
   0.3299999989  -0.0000000000   0.0000000000  -0.0000000000
   0.3349999989  -0.0000000000   0.0000000000  -0.0000000000
   0.3399999989  -0.0000000000   0.0000000000  -0.0000000000
   0.3449999988  -0.0000000000   0.0000000000  -0.0000000000
   0.3499999988  -0.0000000000   0.0000000000  -0.0000000000
   0.3549999988  -0.0000000000   0.0000000000  -0.0000000000
   0.3599999988   0.0000000000  -0.0000000000   0.0000000000
   0.3649999988   0.0000000000  -0.0000000000   0.0000000000
   0.3699999988   0.0000000000  -0.0000000000   0.0000000000
   0.3749999987   0.0000000000  -0.0000000000   0.0000000000
   0.3799999987   0.0000000000  -0.0000000000   0.0000000000
   0.3849999987   0.0000000000  -0.0000000000   0.0000000000
   0.3899999987  -0.0000000000   0.0000000000  -0.0000000000
   0.3949999987  -0.0000000000   0.0000000000  -0.0000000000
   0.3999999987  -0.0000000000   0.0000000000  -0.0000000000
   0.4049999986  -0.0000000000   0.0000000000  -0.0000000000
   0.4099999986  -0.0000000000   0.0000000000  -0.0000000000
   0.4149999986  -0.0000000000   0.0000000000  -0.0000000000
   0.4199999986   0.0000000000  -0.0000000000   0.0000000000
   0.4249999986   0.0000000000  -0.0000000000   0.0000000000
   0.4299999986   0.0000000000  -0.0000000000   0.0000000000
   0.4349999985   0.0000000000  -0.0000000000   0.0000000000
   0.4399999985   0.0000000000  -0.0000000000   0.0000000000
   0.4449999985   0.0000000000  -0.0000000000   0.0000000000
   0.4499999985  -0.0000000000   0.0000000000  -0.0000000000
   0.4549999985  -0.0000000000   0.0000000000  -0.0000000000
   0.4599999985  -0.0000000001   0.0000000001  -0.0000000001
   0.4649999984  -0.0000000001   0.0000000001  -0.0000000001
   0.4699999984  -0.0000000001   0.0000000001  -0.0000000001
   0.4749999984  -0.0000000000   0.0000000000  -0.0000000000
   0.4799999984   0.0000000000  -0.0000000000   0.0000000000
   0.4849999984   0.0000000002  -0.0000000001   0.0000000002
   0.4899999984   0.0000000002  -0.0000000001   0.0000000002
   0.4949999983   0.0000000003  -0.0000000001   0.0000000003
   0.4999999983   0.0000000003  -0.0000000001   0.0000000003
   0.5049999983   0.0000000001  -0.0000000001   0.0000000001
   0.5099999983  -0.0000000002  -0.0000000000  -0.0000000002
   0.5149999983  -0.0000000005  -0.0000000000  -0.0000000005
   0.5199999983  -0.0000000008  -0.0000000001  -0.0000000008
   0.5249999982  -0.0000000009  -0.0000000003  -0.0000000009
   0.5299999982  -0.0000000008  -0.0000000004  -0.0000000008
   0.5349999982  -0.0000000004  -0.0000000003  -0.0000000004
   0.5399999982   0.0000000003   0.0000000002   0.0000000003
   0.5449999982   0.0000000012   0.0000000012   0.0000000012
   0.5499999982   0.0000000021   0.0000000027   0.0000000021
   0.5549999981   0.0000000028   0.0000000042   0.0000000029
   0.5599999981   0.0000000032   0.0000000051   0.0000000032
   0.5649999981   0.0000000031   0.0000000043   0.0000000031
   0.5699999981   0.0000000022   0.0000000010   0.0000000023
   0.5749999981   0.0000000004  -0.0000000055   0.0000000003
   0.5799999981  -0.0000000031  -0.0000000147  -0.0000000032
   0.5849999980  -0.0000000088  -0.0000000251  -0.0000000090
   0.5899999980  -0.0000000172  -0.0000000338  -0.0000000174
   0.5949999980  -0.0000000275  -0.0000000369  -0.0000000277
   0.5999999980  -0.0000000365  -0.0000000296  -0.0000000367
   0.6049999980  -0.0000000379  -0.0000000074  -0.0000000379
   0.6099999980  -0.0000000214   0.0000000326  -0.0000000211
   0.6149999979   0.0000000247   0.0000000909   0.0000000253
   0.6199999979   0.0000001086   0.0000001625   0.0000001095
   0.6249999979   0.0000002255   0.0000002344   0.0000002265
   0.6299999979   0.0000003463   0.0000002810   0.0000003471
   0.6349999979   0.0000004063   0.0000002615   0.0000004067
   0.6399999979   0.0000003037   0.0000001196   0.0000003032
   0.6449999978  -0.0000000854  -0.0000002064  -0.0000000869
   0.6499999978  -0.0000008624  -0.0000007603  -0.0000008649
   0.6549999978  -0.0000020290  -0.0000015250  -0.0000020320
   0.6599999978  -0.0000033822  -0.0000023634  -0.0000033850
   0.6649999978  -0.0000044069  -0.0000029539  -0.0000044085
   0.6699999978  -0.0000042138  -0.0000027502  -0.0000042132
   0.6749999977  -0.0000015946  -0.0000010073  -0.0000015913
   0.6799999977   0.0000047259   0.0000030744   0.0000047315
   0.6849999977   0.0000155716   0.0000100388   0.0000155782
   0.6899999977   0.0000305209   0.0000196844   0.0000305264
   0.6949999977   0.0000469166   0.0000304349   0.0000469184
   0.6999999976   0.0000589045   0.0000387043   0.0000589003
   0.7049999976   0.0000568747   0.0000384845   0.0000568637
   0.7099999976   0.0000278155   0.0000214787   0.0000277993
   0.7149999976  -0.0000428634  -0.0000218584  -0.0000428804
   0.7199999976  -0.0001675707  -0.0001000527  -0.0001675811
   0.7249999976  -0.0003506435  -0.0002169613  -0.0003506383
   0.7299999975  -0.0005806121  -0.0003668671  -0.0005805827
   0.7349999975  -0.0008215258  -0.0005288388  -0.0008214669
   0.7399999975  -0.0010049154  -0.0006612988  -0.0010048286
   0.7449999975  -0.0010245133  -0.0006981079  -0.0010244101
   0.7499999975  -0.0007360719  -0.0005476576  -0.0007359763
   0.7549999975   0.0000356493  -0.0000963508   0.0000356998
   0.7599999974   0.0014815346   0.0007826201   0.0014814902
   0.7649999974   0.0037846502   0.0022151223   0.0037844521
   0.7699999974   0.0070907467   0.0043075765   0.0070903341
   0.7749999974   0.0114766602   0.0071262794   0.0114759809
   0.7799999974   0.0169219891   0.0106777177   0.0169210136
   0.7849999974   0.0232899924   0.0148935586   0.0232887317
   0.7899999973   0.0303230152   0.0196238472   0.0303215414
   0.7949999973   0.0376557921   0.0246410052   0.0376542583
   0.7999999973   0.0448469308   0.0296555901   0.0448455877
   0.8049999973   0.0514252600   0.0343426780   0.0514244642
   0.8099999973   0.0569443218   0.0383755990   0.0569445301
   0.8149999973   0.0610359291   0.0414620364   0.0610376763
   0.8199999972   0.0634531097   0.0433766593   0.0634569676
   0.8249999972   0.0640942625   0.0439847565   0.0641007830
   0.8299999972   0.0630038230   0.0432528294   0.0630134736
   0.8349999972   0.0603495205   0.0412445315   0.0603626217
   0.8399999972   0.0563813377   0.0381032147   0.0563980178
   0.8449999972   0.0513813490   0.0340250232   0.0514015259
   0.8499999971   0.0456156296   0.0292283135   0.0456390300
   0.8549999971   0.0392988004   0.0239257226   0.0393250147
   0.8599999971   0.0325785312   0.0183042753   0.0326070952
   0.8649999971   0.0255422171   0.0125167309   0.0255727031
   0.8699999971   0.0182423447   0.0066844523   0.0182744404
   0.8749999971   0.0107322659   0.0009091658   0.0107658187
   0.8799999970   0.0031014972  -0.0047111616   0.0031365102
   0.8849999970  -0.0045000025  -0.0100679217  -0.0044634269
   0.8899999970  -0.0118559199  -0.0150338196  -0.0118176742
   0.8949999970  -0.0186981820  -0.0194640285  -0.0186582648
   0.8999999970  -0.0247384673  -0.0232066176  -0.0246970765
   0.9049999970  -0.0297084011  -0.0261196172  -0.0296659799
   0.9099999969  -0.0333979982  -0.0280902146  -0.0333552157
   0.9149999969  -0.0356827761  -0.0290510746  -0.0356404368
   0.9199999969  -0.0365335890  -0.0289897672  -0.0364924920
   0.9249999969  -0.0360085207  -0.0279494328  -0.0359693011
   0.9299999969  -0.0342314582  -0.0260214318  -0.0341944544
   0.9349999969  -0.0313655943  -0.0233329667  -0.0313307795
   0.9399999968  -0.0275909223  -0.0200338279  -0.0275579234
   0.9449999968  -0.0230925149  -0.0162861032  -0.0230607189
   0.9499999968  -0.0180617629  -0.0122590375  -0.0180304836
   0.9549999968  -0.0127073031  -0.0081287831  -0.0126759644
   0.9599999968  -0.0072679598  -0.0040803981  -0.0072362405
   0.9649999968  -0.0020182345  -0.0003079966  -0.0019861331
   0.9699999967   0.0027414874   0.0029909759   0.0027736920
   0.9749999967   0.0067131148   0.0056296760   0.0067449958
   0.9799999967   0.0096440381   0.0074534600   0.0096752095
   0.9849999967   0.0113757773   0.0083654096   0.0114060795
   0.9899999967   0.0118847530   0.0083496039   0.0119143757
   0.9949999967   0.0113019001   0.0074851416   0.0113313957
   0.9999999966   0.0099020832   0.0059451834   0.0099322586
   1.0049999966   0.0080617394   0.0039784508   0.0080934484
   1.0099999966   0.0061918254   0.0018749152   0.0062257196
   1.0149999966   0.0046604853  -0.0000783418   0.0046967949
   1.0199999966   0.0037236061  -0.0016421261   0.0037620234
   1.0249999966   0.0034803272  -0.0026612260   0.0035200342
   1.0299999965   0.0038646941  -0.0030835707   0.0039045401
   1.0349999965   0.0046755213  -0.0029582953   0.0047143073
   1.0399999965   0.0056366361  -0.0024135985   0.0056734339
   1.0449999965   0.0064717963  -0.0016201462   0.0065062106
   1.0499999965   0.0069749260  -0.0007491710   0.0070072240
   1.0549999965   0.0070579398   0.0000645771   0.0070890053
   1.0599999964   0.0067648415   0.0007465099   0.0067959607
   1.0649999964   0.0062501643   0.0012878041   0.0062826988
   1.0699999964   0.0057294912   0.0017331557   0.0057645282
   1.0749999964   0.0054170593   0.0021556063   0.0054551378
   1.0799999964   0.0054683256   0.0026265454   0.0055093182
   1.0849999964   0.0059431752   0.0031898317   0.0059863615
   1.0899999963   0.0067989472   0.0038473038   0.0068432596
   1.0949999963   0.0079136193   0.0045592985   0.0079579923
   1.0999999963   0.0091309031   0.0052592477   0.0091746227
   1.1049999963   0.0103130805   0.0058772990   0.0103560305
   1.1099999963   0.0113857593   0.0063653726   0.0114284861
   1.1149999963   0.0123616487   0.0067158179   0.0124052186
   1.1199999962   0.0133369679   0.0069678898   0.0133826491
   1.1249999962   0.0144622117   0.0071999847   0.0145110687
   1.1299999962   0.0158963273   0.0075098170   0.0159488395
   1.1349999962   0.0177578305   0.0079882414   0.0178136504
   1.1399999962   0.0200868321   0.0086941944   0.0201447582
   1.1449999962   0.0228283511   0.0096377717   0.0228865374
   1.1499999961   0.0258408580   0.0107759548   0.0258972149
   1.1549999961   0.0289266572   0.0120217681   0.0289793460
   1.1599999961   0.0318746491   0.0132638077   0.0319225419
   1.1649999961   0.0345029143   0.0143902989   0.0345458997
   1.1699999961   0.0366892378   0.0153108808   0.0367282887
   1.1749999961   0.0383817962   0.0159703938   0.0384187794
   1.1799999960   0.0395884407   0.0163516433   0.0396257139
   1.1849999960   0.0403494137   0.0164675395   0.0403893138
   1.1899999960   0.0407030487   0.0163461111   0.0407473998
   1.1949999960   0.0406556809   0.0160137555   0.0407054471
   1.1999999960   0.0401652731   0.0154822404   0.0402204397
   1.2049999960   0.0391437710   0.0147434770   0.0392034758
   1.2099999959   0.0374773912   0.0137734927   0.0375402626
   1.2149999959   0.0350586898   0.0125441713   0.0351232927
   1.2199999959   0.0318209228   0.0110390590   0.0318861886
   1.2249999959   0.0277647824   0.0092684504   0.0278303072
   1.2299999959   0.0229700678   0.0072793012   0.0230362010
   1.2349999959   0.0175893467   0.0051570504   0.0176570534
   1.2399999958   0.0118257728   0.0030186705   0.0118963147
   1.2449999958   0.0059014249   0.0009985302   0.0059759540
   1.2499999958   0.0000246741  -0.0007696378   0.0001038539
   1.2549999958  -0.0056353098  -0.0021706316  -0.0055515493
   1.2599999958  -0.0109614332  -0.0031218272  -0.0108739422
   1.2649999958  -0.0158874097  -0.0035808975  -0.0157976556
   1.2699999957  -0.0203848600  -0.0035464647  -0.0202946032
   1.2749999957  -0.0244442682  -0.0030527298  -0.0243551665
   1.2799999957  -0.0280564364  -0.0021604889  -0.0279696849
   1.2849999957  -0.0312002370  -0.0009475605  -0.0311163374
   1.2899999957  -0.0338400358   0.0004986030  -0.0337587499
   1.2949999957  -0.0359329601   0.0020843735  -0.0358534503
   1.2999999956  -0.0374431774   0.0037092159  -0.0373642849
   1.3049999956  -0.0383583669   0.0052620389  -0.0382789422
   1.3099999956  -0.0387030722   0.0066170207  -0.0386222620
   1.3149999956  -0.0385446636   0.0076316909  -0.0384620725
   1.3199999956  -0.0379898046   0.0081495788  -0.0379054919
   1.3249999956  -0.0371719540   0.0080085352  -0.0370862748
   1.3299999955  -0.0362327909   0.0070542546  -0.0361461368
   1.3349999955  -0.0353019063   0.0051570217  -0.0352144359
   1.3399999955  -0.0344793442   0.0022287348  -0.0343907964
   1.3449999955  -0.0338246060  -0.0017629266  -0.0337342727
   1.3499999955  -0.0333539155  -0.0067856838  -0.0332608062
   1.3549999954  -0.0330454194  -0.0127404660  -0.0329486014
   1.3599999954  -0.0328501666  -0.0194656989  -0.0327492147
   1.3649999954  -0.0327056225  -0.0267467546  -0.0326010821
   1.3699999954  -0.0325483522  -0.0343285863  -0.0324421076
   1.3749999954  -0.0323232641  -0.0419295656  -0.0322187240
   1.3799999954  -0.0319881348  -0.0492550396  -0.0318901822
   1.3849999953  -0.0315135969  -0.0560098712  -0.0314283008
   1.3899999953  -0.0308799414  -0.0619099149  -0.0308140769
   1.3949999953  -0.0300726950  -0.0666927737  -0.0300331527
   1.3999999953  -0.0290788953  -0.0701282183  -0.0290720793
   1.4049999953  -0.0278854350  -0.0720283880  -0.0279167439
   1.4099999953  -0.0264800202  -0.0722575061  -0.0265534766
   1.4149999952  -0.0248544513  -0.0707405086  -0.0249725120
   1.4199999952  -0.0230093129  -0.0674698090  -0.0231728456
   1.4249999952  -0.0209588288  -0.0625094284  -0.0211672127
   1.4299999952  -0.0187346196  -0.0559958539  -0.0189859032
   1.4349999952  -0.0163873071  -0.0481351659  -0.0166783581
   1.4399999952  -0.0139852759  -0.0391961634  -0.0143118763
   1.4449999951  -0.0116103633  -0.0294994144  -0.0119672292
   1.4499999951  -0.0093507660  -0.0194024244  -0.0097315111
   1.4549999951  -0.0072919937  -0.0092814982  -0.0076890830
   1.4599999951  -0.0055071844   0.0004886460  -0.0059119442
   1.4649999951  -0.0040484186   0.0095559437  -0.0044511691
   1.4699999951  -0.0029406982   0.0176108001  -0.0033310570
   1.4749999950  -0.0021798936   0.0244026458  -0.0025472637
   1.4799999950  -0.0017352183   0.0297515444  -0.0020694334
   1.4849999950  -0.0015557970   0.0335538594  -0.0018478567
   1.4899999950  -0.0015799042   0.0357819067  -0.0018227040
   1.4949999950  -0.0017447618   0.0364784314  -0.0019337119
   1.4999999950  -0.0019946491   0.0357474017  -0.0021280889
   1.5049999949  -0.0022855731   0.0337428492  -0.0023649161
   1.5099999949  -0.0025857680   0.0306572653  -0.0026153570
   1.5149999949  -0.0028725373   0.0267105165  -0.0028592335
   1.5199999949  -0.0031270295   0.0221395790  -0.0030795964
   1.5249999949  -0.0033290996   0.0171888547  -0.0032574675
   1.5299999949  -0.0034542728   0.0121006032  -0.0033687744
   1.5349999948  -0.0034740385   0.0071051447  -0.0033846927
   1.5399999948  -0.0033595271   0.0024108894  -0.0032754282
   1.5449999948  -0.0030874611  -0.0018052492  -0.0030163000
   1.5499999948  -0.0026464940  -0.0054061045  -0.0025942149
   1.5549999948  -0.0020419082  -0.0083000756  -0.0020124879
   1.5599999948  -0.0012971480  -0.0104436004  -0.0012924830
   1.5649999947  -0.0004516288  -0.0118398209  -0.0004715167
   1.5699999947   0.0004446532  -0.0125335689   0.0004024386
   1.5749999947   0.0013383315  -0.0126033741   0.0012778633
   1.5799999947   0.0021799394  -0.0121515993   0.0021068461
   1.5849999947   0.0029296465  -0.0112939699   0.0028506978
   1.5899999947   0.0035604705  -0.0101496789   0.0034830435
   1.5949999946   0.0040587602  -0.0088329665   0.0039902114
   1.5999999946   0.0044224663  -0.0074467053   0.0043694542
   1.6049999946   0.0046581488  -0.0060781463   0.0046259712
   1.6099999946   0.0047777413  -0.0047966834   0.0047697632
   1.6149999946   0.0047958625  -0.0036532988   0.0048131094
   1.6199999946   0.0047280657  -0.0026812651   0.0047690444
   1.6249999945   0.0045900278  -0.0018976748   0.0046508131
   1.6299999945   0.0043974153  -0.0013054211   0.0044720082
   1.6349999945   0.0041660805  -0.0008953357   0.0042470065
   1.6399999945   0.0039122913  -0.0006482958   0.0039913752
   1.6449999945   0.0036528077  -0.0005372166   0.0037220349
   1.6499999945   0.0034047145  -0.0005289551   0.0034570744
   1.6549999944   0.0031849472  -0.0005862348   0.0032151598
   1.6599999944   0.0030094488  -0.0006697426   0.0030144886
   1.6649999944   0.0028918956  -0.0007405303   0.0028712586
   1.6699999944   0.0028420067  -0.0007627571   0.0027977023
   1.6749999944   0.0028636075  -0.0007066585   0.0027998932
   1.6799999944   0.0029528250  -0.0005514477   0.0028757321
   1.6849999943   0.0030969570  -0.0002877125   0.0030136748
   1.6899999943   0.0032745870   0.0000811903   0.0031927814
   1.6949999943   0.0034573452   0.0005391662   0.0033844799
   1.6999999943   0.0036133511   0.0010590611   0.0035560666
   1.7049999943   0.0037118967   0.0016059026   0.0036754858
   1.7099999943   0.0037285037   0.0021412893   0.0037165056
   1.7149999942   0.0036492518   0.0026282519   0.0036631765
   1.7199999942   0.0034733440   0.0030357799   0.0035125343
   1.7249999942   0.0032132520   0.0033422728   0.0032748913
   1.7299999942   0.0028923774   0.0035374035   0.0029716509
   1.7349999942   0.0025407898   0.0036222300   0.0026312047
   1.7399999942   0.0021900736   0.0036077541   0.0022839362
   1.7449999941   0.0018684818   0.0035124110   0.0019575144
   1.7499999941   0.0015974138   0.0033591076   0.0016734734
   1.7549999941   0.0013897766   0.0031723911   0.0014456179
   1.7599999941   0.0012502110   0.0029761517   0.0012802175
   1.7649999941   0.0011766637   0.0027920143   0.0011774671
   1.7699999941   0.0011625140   0.0026383437   0.0011334213
   1.7749999940   0.0011984823   0.0025296420   0.0011416524
   1.7799999940   0.0012738245   0.0024760922   0.0011941593
   1.7849999940   0.0013767176   0.0024830908   0.0012814685
   1.7899999940   0.0014941128   0.0025507590   0.0013922372
   1.7949999940   0.0016115443   0.0026735719   0.0015128767
   1.7999999940   0.0017133687   0.0028403343   0.0016276920
   1.8049999939   0.0017837070   0.0030347276   0.0017198214
   1.8099999939   0.0018080599   0.0032365573   0.0017729445
   1.8149999939   0.0017752903   0.0034236794   0.0017734418
   1.8199999939   0.0016795112   0.0035744150   0.0017125209
   1.8249999939   0.0015214201   0.0036701376   0.0015878277
   1.8299999939   0.0013087690   0.0036976501   0.0014041983
   1.8349999938   0.0010558621   0.0036509882   0.0011734178
   1.8399999938   0.0007821787   0.0035323666   0.0009130573
   1.8449999938   0.0005103398   0.0033521118   0.0006445906
   1.8499999938   0.0002636882   0.0031275671   0.0003910489
   1.8549999938   0.0000637343   0.0028810909   0.0001744666
   1.8599999938  -0.0000723030   0.0026373863   0.0000133519
   1.8649999937  -0.0001336364   0.0024204890  -0.0000795785
   1.8699999937  -0.0001174832   0.0022507934  -0.0000991390
   1.8749999937  -0.0000298004   0.0021425149  -0.0000486001
   1.8799999937   0.0001150604   0.0021019479   0.0000604561
   1.8849999937   0.0002959068   0.0021267914   0.0002094923
   1.8899999937   0.0004873893   0.0022066676   0.0003755118
   1.8949999936   0.0006634760   0.0023247706   0.0005343647
   1.8999999936   0.0008011453   0.0024603893   0.0006642975
   1.9049999936   0.0008836018   0.0025918828   0.0007490604
   1.9099999936   0.0009023701   0.0026996047   0.0007799395
   1.9149999936   0.0008578585   0.0027682859   0.0007563128
   1.9199999936   0.0007583377   0.0027885166   0.0006846873
   1.9249999935   0.0006176666   0.0027571760   0.0005765489
   1.9299999935   0.0004523796   0.0026768911   0.0004456387
   1.9349999935   0.0002788594   0.0025548060   0.0003053634
   1.9399999935   0.0001112054   0.0024010500   0.0001669309
   1.9449999935  -0.0000398645   0.0022272765   0.0000385207
   1.9499999935  -0.0001670942   0.0020455332  -0.0000745548
   1.9549999934  -0.0002660642   0.0018675390  -0.0001690380
   1.9599999934  -0.0003343319   0.0017042761  -0.0002427542
   1.9649999934  -0.0003707782   0.0015656958  -0.0002939323
   1.9699999934  -0.0003754132   0.0014603296  -0.0003210734
   1.9749999934  -0.0003496373   0.0013946887  -0.0003233546
   1.9799999934  -0.0002967242   0.0013724767  -0.0003013174
   1.9849999933  -0.0002221819   0.0013937851  -0.0002574771
   1.9899999933  -0.0001336909   0.0014545226  -0.0001965258
   1.9949999933  -0.0000404860   0.0015463194  -0.0001249729
   1.9999999933   0.0000477300   0.0016570533  -0.0000502882
   2.0049999933   0.0001220730   0.0017719921   0.0000202005
   2.0099999933   0.0001756217   0.0018753994   0.0000803250
   2.0149999932   0.0002041331   0.0019523488   0.0001257313
   2.0199999932   0.0002062027   0.0019904619   0.0001540433
   2.0249999932   0.0001829277   0.0019813305   0.0001645932
   2.0299999932   0.0001372785   0.0019214676   0.0001579148
   2.0349999932   0.0000734269   0.0018127236   0.0001352404
   2.0399999931  -0.0000037772   0.0016621720   0.0000981820
   2.0449999931  -0.0000891155   0.0014814985   0.0000486520
   2.0499999931  -0.0001771605   0.0012859383  -0.0000110531
   2.0549999931  -0.0002624221   0.0010928118  -0.0000781556
   2.0599999931  -0.0003396045   0.0009197361  -0.0001494230
   2.0649999931  -0.0004040072   0.0007826527  -0.0002213715
   2.0699999930  -0.0004519914   0.0006938830  -0.0002905824
   2.0749999930  -0.0004813464   0.0006604845  -0.0003539869
   2.0799999930  -0.0004913905   0.0006831956  -0.0004089693
   2.0849999930  -0.0004827277   0.0007561954  -0.0004532177
   2.0899999930  -0.0004567189   0.0008677772  -0.0004843843
   2.0949999930  -0.0004148685   0.0010018630  -0.0004997447
   2.0999999929  -0.0003583875   0.0011401158  -0.0004960975
   2.1049999929  -0.0002881609   0.0012642917  -0.0004701021
   2.1099999929  -0.0002051997   0.0013584430  -0.0004190998
   2.1149999929  -0.0001114682   0.0014106439  -0.0003422707
   2.1199999929  -0.0000107972   0.0014140455  -0.0002418075
   2.1249999929   0.0000904843   0.0013672213  -0.0001237094
   2.1299999928   0.0001835287   0.0012738996   0.0000021451
   2.1349999928   0.0002577201   0.0011422524   0.0001228129
   2.1399999928   0.0003021305   0.0009839151   0.0002239148
   2.1449999928   0.0003073920   0.0008128621   0.0002917736
   2.1499999928   0.0002675610   0.0006441957   0.0003156158
   2.1549999928   0.0001815424   0.0004928614   0.0002893766
   2.1599999927   0.0000537505   0.0003722996   0.0002127573
   2.1649999927  -0.0001061187   0.0002930938   0.0000913785
   2.1699999927  -0.0002841236   0.0002617438  -0.0000639210
   2.1749999927  -0.0004636848   0.0002797527  -0.0002384279
   2.1799999927  -0.0006274572   0.0003432298  -0.0004152580
   2.1849999927  -0.0007591818   0.0004431569  -0.0005771488
   2.1899999926  -0.0008453113   0.0005663564  -0.0007081454
   2.1949999926  -0.0008762990   0.0006970604  -0.0007950646
   2.1999999926  -0.0008475081   0.0008188567  -0.0008286855
   2.2049999926  -0.0007597228   0.0009167106  -0.0008046252
   2.2099999926  -0.0006192325   0.0009787596  -0.0007238433
   2.2149999926  -0.0004374423   0.0009976342  -0.0005926950
   2.2199999925  -0.0002299740   0.0009711612  -0.0004224598
   2.2249999925  -0.0000152735   0.0009024102  -0.0002283274
   2.2299999925   0.0001871672   0.0007991358  -0.0000279129
   2.2349999925   0.0003587713   0.0006727185   0.0001605209
   2.2399999925   0.0004837529   0.0005367402   0.0003198866
   2.2449999925   0.0005506396   0.0004053414   0.0004358820
   2.2499999924   0.0005532478   0.0002915273   0.0004981885
   2.2549999924   0.0004910375   0.0002056072   0.0005011712
   2.2599999924   0.0003689085   0.0001539717   0.0004441110
   2.2649999924   0.0001965872   0.0001383987   0.0003310840
   2.2699999924  -0.0000122194   0.0001560302   0.0001706155
   2.2749999924  -0.0002407788   0.0002000562  -0.0000248140
   2.2799999923  -0.0004703632   0.0002610108  -0.0002394191
   2.2849999923  -0.0006814032   0.0003284449  -0.0004550036
   2.2899999923  -0.0008548465   0.0003926496  -0.0006522002
   2.2949999923  -0.0009737536   0.0004460833  -0.0008120989
   2.2999999923  -0.0010250542   0.0004842265  -0.0009181807
   2.3049999923  -0.0010012510   0.0005057314  -0.0009583238
   2.3099999922  -0.0009017567   0.0005119100  -0.0009265409
   2.3149999922  -0.0007335362   0.0005057648  -0.0008240802
   2.3199999922  -0.0005108118   0.0004908577  -0.0006596112
   2.3249999922  -0.0002537670   0.0004703212  -0.0004483906
   2.3299999922   0.0000136033   0.0004462354  -0.0002105190
   2.3349999922   0.0002661665   0.0004194653   0.0000314113
   2.3399999921   0.0004804152   0.0003899089   0.0002548710
   2.3449999921   0.0006369012   0.0003570084   0.0004397456
   2.3499999921   0.0007220251   0.0003203293   0.0005701778
   2.3549999921   0.0007290355   0.0002800385   0.0006357493
   2.3599999921   0.0006582533   0.0002371761   0.0006320036
   2.3649999921   0.0005166532   0.0001936960   0.0005604169
   2.3699999920   0.0003169766   0.0001523148   0.0004279595
   2.3749999920   0.0000765299   0.0001162299   0.0002463665
   2.3799999920  -0.0001842316   0.0000887688   0.0000311769
   2.3849999920  -0.0004432851   0.0000730022  -0.0001994428
   2.3899999920  -0.0006787458   0.0000713368  -0.0004260842
   2.3949999920  -0.0008706282   0.0000851037  -0.0006296471
   2.3999999919  -0.0010025381   0.0001141811  -0.0007929466
   2.4049999919  -0.0010631192   0.0001567215  -0.0009022093
   2.4099999919  -0.0010470691   0.0002090739  -0.0009482703
   2.4149999919  -0.0009555786   0.0002659837  -0.0009273147
   2.4199999919  -0.0007961384   0.0003211000  -0.0008410848
   2.4249999919  -0.0005817650   0.0003677502  -0.0006965753
   2.4299999918  -0.0003297888   0.0003998566  -0.0005053196
   2.4349999918  -0.0000603869   0.0004128214  -0.0002824108
   2.4399999918   0.0002049672   0.0004042002  -0.0000453837
   2.4449999918   0.0004450261   0.0003740321   0.0001869682
   2.4499999918   0.0006402178   0.0003247815   0.0003958282
   2.4549999918   0.0007740252   0.0002609397   0.0005636653
   2.4599999917   0.0008342894   0.0001884068   0.0006756184
   2.4649999917   0.0008143862   0.0001137941   0.0007208952
   2.4699999917   0.0007141460   0.0000437680   0.0006940361
   2.4749999917   0.0005403331  -0.0000155051   0.0005958292
   2.4799999917   0.0003064948  -0.0000588082   0.0004336484
   2.4849999917   0.0000320579  -0.0000822536   0.0002210514
   2.4899999916  -0.0002593235  -0.0000836240  -0.0000233953
   2.4949999916  -0.0005420081  -0.0000626707  -0.0002779445
   2.4999999916  -0.0007909061  -0.0000213150  -0.0005198893
   2.5049999916  -0.0009839607   0.0000363360  -0.0007278450
   2.5099999916  -0.0011042333   0.0001042460  -0.0008837720
   2.5149999916  -0.0011413522   0.0001750171  -0.0009745018
   2.5199999915  -0.0010922210   0.0002407346  -0.0009926614
   2.5249999915  -0.0009610166   0.0002939672  -0.0009370088
   2.5299999915  -0.0007585997   0.0003287478  -0.0008122773
   2.5349999915  -0.0005014879   0.0003413501  -0.0006286450
   2.5399999915  -0.0002105223   0.0003307163  -0.0004009206
   2.5449999915   0.0000906921   0.0002984739  -0.0001474816
   2.5499999914   0.0003775245   0.0002485709   0.0001110282
   2.5549999914   0.0006261931   0.0001866327   0.0003532363
   2.5599999914   0.0008156916   0.0001191835   0.0005587601
   2.5649999914   0.0009296247   0.0000528669   0.0007099803
   2.5699999914   0.0009577570  -0.0000062343   0.0007936810
   2.5749999914   0.0008970650  -0.0000531304   0.0008023395
   2.5799999913   0.0007521249  -0.0000842996   0.0007348801
   2.5849999913   0.0005347596  -0.0000979161   0.0005967852
   2.5899999913   0.0002629835  -0.0000939369   0.0003995651
   2.5949999913  -0.0000406112  -0.0000740398   0.0001596839
   2.5999999913  -0.0003508188  -0.0000413976  -0.0001028941
   2.6049999913  -0.0006419142  -0.0000002814  -0.0003663630
   2.6099999912  -0.0008896926   0.0000444817  -0.0006087915
   2.6149999912  -0.0010733271   0.0000881292  -0.0008097953
   2.6199999912  -0.0011769672   0.0001265573  -0.0009521052
   2.6249999912  -0.0011910238   0.0001567744  -0.0010229754
   2.6299999912  -0.0011130767   0.0001771204  -0.0010153573
   2.6349999912  -0.0009483156   0.0001872188  -0.0009287237
   2.6399999911  -0.0007094062   0.0001876977  -0.0007694019
   2.6449999911  -0.0004156898   0.0001797822  -0.0005502874
   2.6499999911  -0.0000916919   0.0001648878  -0.0002898699
   2.6549999911   0.0002349858   0.0001443370  -0.0000106076
   2.6599999911   0.0005361927   0.0001192643   0.0002631891
   2.6649999911   0.0007858877   0.0000907023   0.0005077087
   2.6699999910   0.0009625966   0.0000597774   0.0007019154
   2.6749999910   0.0010513670   0.0000279047   0.0008294648
   2.6799999910   0.0010450079  -0.0000031196   0.0008800498
   2.6849999910   0.0009445278  -0.0000311868   0.0008500856
   2.6899999910   0.0007588088  -0.0000540974   0.0007427509
   2.6949999909   0.0005036429  -0.0000698747   0.0005674844
   2.6999999909   0.0002002955  -0.0000770766   0.0003390647
   2.7049999909  -0.0001262451  -0.0000750192   0.0000763894
   2.7099999909  -0.0004492080  -0.0000638649  -0.0001989674
   2.7149999909  -0.0007420757  -0.0000445729  -0.0004643644
   2.7199999909  -0.0009806282  -0.0000187556  -0.0006978201
   2.7249999908  -0.0011448908   0.0000115037  -0.0008797771
   2.7299999908  -0.0012208396   0.0000438229  -0.0009947736
   2.7349999908  -0.0012016936   0.0000756671  -0.0010328530
   2.7399999908  -0.0010886221   0.0001044795  -0.0009905305
   2.7449999908  -0.0008907418   0.0001278285  -0.0008711705
   2.7499999908  -0.0006243672   0.0001435938  -0.0006847064
   2.7549999907  -0.0003115805   0.0001501892  -0.0004467316
   2.7599999907   0.0000217138   0.0001467872  -0.0001770841
   2.7649999907   0.0003480268   0.0001334884   0.0001018957
   2.7699999907   0.0006405790   0.0001113751   0.0003672397
   2.7749999907   0.0008754449   0.0000824162   0.0005971880
   2.7799999907   0.0010334018   0.0000492288   0.0007728662
   2.7849999906   0.0011013905   0.0000147485   0.0008797237
   2.7899999906   0.0010735300  -0.0000181184   0.0009086791
   2.7949999906   0.0009516458  -0.0000467830   0.0008569159
   2.7999999906   0.0007452597  -0.0000691547   0.0007282571
   2.8049999906   0.0004709952  -0.0000837098   0.0005330364
   2.8099999906   0.0001513704  -0.0000894840   0.0002874018
   2.8149999905  -0.0001869892  -0.0000860438   0.0000120398
   2.8199999905  -0.0005156073  -0.0000734911  -0.0002696061
   2.8249999905  -0.0008066796  -0.0000525182  -0.0005334599
   2.8299999905  -0.0010355938  -0.0000244918  -0.0007570400
   2.8349999905  -0.0011831537   0.0000084915  -0.0009215189
   2.8399999905  -0.0012372536   0.0000436478  -0.0010133736
   2.8449999904  -0.0011938272   0.0000776947  -0.0010254545
   2.8499999904  -0.0010570149   0.0001071899  -0.0009574039
   2.8549999904  -0.0008385967   0.0001289732  -0.0008154545
   2.8599999904  -0.0005568204   0.0001406183  -0.0006117060
   2.8649999904  -0.0002347932   0.0001407953  -0.0003630115
   2.8699999904   0.0001014005   0.0001294570  -0.0000895966
   2.8749999903   0.0004247171   0.0001078165   0.0001864910
   2.8799999903   0.0007091970   0.0000781329   0.0004430292
   2.8849999903   0.0009319362   0.0000433695   0.0006593001
   2.8899999903   0.0010748796   0.0000068094   0.0008177147
   2.8949999903   0.0011263089  -0.0000282986   0.0009052702
   2.8999999903   0.0010818831  -0.0000590198   0.0009146968
   2.9049999902   0.0009450970  -0.0000829308   0.0008451532
   2.9099999902   0.0007270679  -0.0000982541   0.0007023606
   2.9149999902   0.0004456364  -0.0001039527   0.0004981333
   2.9199999902   0.0001238557  -0.0000997995   0.0002493495
   2.9249999902  -0.0002119731  -0.0000864112  -0.0000235211
   2.9299999902  -0.0005345091  -0.0000652201  -0.0002981588
   2.9349999901  -0.0008176058  -0.0000383583  -0.0005522267
   2.9399999901  -0.0010383752  -0.0000084418  -0.0007651304
   2.9449999901  -0.0011789402   0.0000217233  -0.0009195880
   2.9499999901  -0.0012277811   0.0000494645  -0.0010029325
   2.9549999901  -0.0011806218   0.0000725309  -0.0010080934
   2.9599999901  -0.0010408147   0.0000892892  -0.0009342094
   2.9649999900  -0.0008191910   0.0000987960  -0.0007868195
   2.9699999900  -0.0005333454   0.0001007558  -0.0005775730
   2.9749999900  -0.0002063525   0.0000954055  -0.0003234211
   2.9799999900   0.0001350411   0.0000833847  -0.0000452962
   2.9849999900   0.0004626327   0.0000656405   0.0002336419
   2.9899999900   0.0007491947   0.0000433908   0.0004900370
   2.9949999899   0.0009708750   0.0000181312   0.0007024303
   2.9999999899   0.0011093057  -0.0000083569   0.0008531769
   3.0049999899   0.0011531855  -0.0000340460   0.0009299704
   3.0099999899   0.0010991832  -0.0000567892   0.0009268245
   3.0149999899   0.0009520979  -0.0000745362   0.0008444445
   3.0199999899   0.0007243142  -0.0000856026   0.0006900095
   3.0249999898   0.0004346561  -0.0000889318   0.0004764449
   3.0299999898   0.0001067851  -0.0000842785   0.0002212953
   3.0349999898  -0.0002327068  -0.0000722609  -0.0000546880
   3.0399999898  -0.0005563719  -0.0000542688  -0.0003291497
   3.0449999898  -0.0008380250  -0.0000322482  -0.0005798374
   3.0499999898  -0.0010547857  -0.0000084214  -0.0007863266
   3.0549999897  -0.0011889163   0.0000149937  -0.0009316620
   3.0599999897  -0.0012293144   0.0000360097  -0.0010037892
   3.0649999897  -0.0011725122   0.0000530144  -0.0009966342
   3.0699999897  -0.0010230575   0.0000648391  -0.0009106994
   3.0749999897  -0.0007931998   0.0000707741  -0.0007530802
   3.0799999897  -0.0005018794   0.0000705647  -0.0005368763
   3.0849999896  -0.0001731089   0.0000644045  -0.0002800480
   3.0899999896   0.0001660925   0.0000529275  -0.0000038437
   3.0949999896   0.0004879955   0.0000371805   0.0002690298
   3.0999999896   0.0007664636   0.0000185524   0.0005163063
   3.1049999896   0.0009790584  -0.0000013506   0.0007179592
   3.1099999896   0.0011087897  -0.0000208768   0.0008577660
   3.1149999895   0.0011454037  -0.0000385143   0.0009245482
   3.1199999895   0.0010861469  -0.0000530483   0.0009130244
   3.1249999895   0.0009359730  -0.0000636488   0.0008242344
   3.1299999895   0.0007071779  -0.0000698736   0.0006655013
   3.1349999895   0.0004184702  -0.0000715978   0.0004499078
   3.1399999895   0.0000935101  -0.0000689076   0.0001952877
   3.1449999894  -0.0002409999  -0.0000620094  -0.0000772208
   3.1499999894  -0.0005575358  -0.0000511932  -0.0003449601
   3.1549999894  -0.0008300905  -0.0000368650  -0.0005857144
   3.1599999894  -0.0010363997  -0.0000196288  -0.0007796463
   3.1649999894  -0.0011598262  -0.0000003754  -0.0009109996
   3.1699999894  -0.0011907084   0.0000196768  -0.0009693876
   3.1749999893  -0.0011270520   0.0000390262  -0.0009505509
   3.1799999893  -0.0009745324   0.0000560302  -0.0008565446
   3.1849999893  -0.0007458542   0.0000691192  -0.0006953897
   3.1899999893  -0.0004595808   0.0000770340  -0.0004802754
   3.1949999893  -0.0001385710   0.0000790263  -0.0002284227
   3.1999999893   0.0001918326   0.0000749756   0.0000402819
   3.2049999892   0.0005057378   0.0000654003   0.0003047910
   3.2099999892   0.0007786440   0.0000513722   0.0005444585
   3.2149999892   0.0009892871   0.0000343662   0.0007405856
   3.2199999892   0.0011212765   0.0000160866   0.0008778600
   3.2249999892   0.0011644047  -0.0000016976   0.0009455871
   3.2299999892   0.0011155095  -0.0000172906   0.0009385963
   3.2349999891   0.0009787874  -0.0000291828   0.0008577170
   3.2399999891   0.0007654967  -0.0000361528   0.0007097503
   3.2449999891   0.0004930544  -0.0000373682   0.0005069211
   3.2499999891   0.0001836007  -0.0000324846   0.0002658527
   3.2549999891  -0.0001378324  -0.0000217265   0.0000061726
   3.2599999891  -0.0004453706  -0.0000059212  -0.0002511108
   3.2649999890  -0.0007143775   0.0000135415  -0.0004853041
   3.2699999890  -0.0009233922   0.0000348373  -0.0006776569
   3.2749999890  -0.0010557848   0.0000559118  -0.0008128062
   3.2799999890  -0.0011010283   0.0000747289  -0.0008799518
   3.2849999890  -0.0010555157   0.0000895116  -0.0008737001
   3.2899999890  -0.0009228762   0.0000989301  -0.0007945258
   3.2949999889  -0.0007137596   0.0001022032  -0.0006488091
   3.2999999889  -0.0004450782   0.0000991088  -0.0004484183
   3.3049999889  -0.0001387306   0.0000899249  -0.0002098329
   3.3099999889   0.0001801290   0.0000753352   0.0000471584
   3.3149999889   0.0004851500   0.0000563350   0.0003010934
   3.3199999889   0.0007509999   0.0000341589   0.0005306650
   3.3249999888   0.0009555238   0.0000102268   0.0007165618
   3.3299999888   0.0010816298  -0.0000139084   0.0008431284
   3.3349999888   0.0011187149  -0.0000366406   0.0008996771
   3.3399999888   0.0010634994  -0.0000564301   0.0008813299
   3.3449999888   0.0009202152  -0.0000719635   0.0007893345
   3.3499999888   0.0007001634  -0.0000823226   0.0006308645
   3.3549999887   0.0004207198  -0.0000871229   0.0004183568
   3.3599999887   0.0001038987  -0.0000865783   0.0001684757
   3.3649999887  -0.0002253984  -0.0000814663  -0.0000992077
   3.3699999887  -0.0005413204  -0.0000729955  -0.0003637241
   3.3749999887  -0.0008190671  -0.0000626051  -0.0006043168
   3.3799999886  -0.0010368226  -0.0000517420  -0.0008020556
   3.3849999886  -0.0011774915  -0.0000416679  -0.0009413487
   3.3899999886  -0.0012300975  -0.0000333301  -0.0010112304
   3.3949999886  -0.0011907129  -0.0000273104  -0.0010063001
   3.3999999886  -0.0010628159  -0.0000238411  -0.0009272070
   3.4049999886  -0.0008570156  -0.0000228621  -0.0007806106
   3.4099999885  -0.0005901568  -0.0000240907  -0.0005786079
   3.4149999885  -0.0002838851  -0.0000270829  -0.0003376811
   3.4199999885   0.0000371864  -0.0000312817  -0.0000772773
   3.4249999885   0.0003475269  -0.0000360580   0.0001818317
   3.4299999885   0.0006227619  -0.0000407571   0.0004192512
   3.4349999885   0.0008415973  -0.0000447564   0.0006165789
   3.4399999884   0.0009874489  -0.0000475310   0.0007588173
   3.4449999884   0.0010496745  -0.0000487118   0.0008354925
   3.4499999884   0.0010243403  -0.0000481169   0.0008414210
   3.4549999884   0.0009144811  -0.0000457408   0.0007770800
   3.4599999884   0.0007298380  -0.0000417009   0.0006485571
   3.4649999884   0.0004860814  -0.0000361585   0.0004670668
   3.4699999883   0.0002035597  -0.0000292432   0.0002480517
   3.4749999883  -0.0000943470  -0.0000210126   0.0000099197
   3.4799999883  -0.0003831441  -0.0000114704  -0.0002274872
   3.4849999883  -0.0006392468  -0.0000006410  -0.0004445592
   3.4899999883  -0.0008419259   0.0000113198  -0.0006235599
   3.4949999883  -0.0009749913   0.0000240188  -0.0007500824
   3.4999999882  -0.0010280591   0.0000367669  -0.0008141828
   3.5049999882  -0.0009973003   0.0000485981  -0.0008110998
   3.5099999882  -0.0008856303   0.0000583735  -0.0007415209
   3.5149999882  -0.0007023574   0.0000649499  -0.0006114093
   3.5199999882  -0.0004623561   0.0000673725  -0.0004314415
   3.5249999882  -0.0001848536   0.0000650433  -0.0002161241
   3.5299999881   0.0001080661   0.0000578280   0.0000173318
   3.5349999881   0.0003931411   0.0000460813   0.0002503089
   3.5399999881   0.0006476898   0.0000305966   0.0004641803
   3.5449999881   0.0008513438   0.0000125032   0.0006417275
   3.5499999881   0.0009876397  -0.0000068603   0.0007684900
   3.5549999881   0.0010453500  -0.0000260691   0.0008339414
   3.5599999880   0.0010194304  -0.0000437217   0.0008323858
   3.5649999880   0.0009114860  -0.0000585351   0.0007634760
   3.5699999880   0.0007296912  -0.0000694332   0.0006322881
   3.5749999880   0.0004881563  -0.0000756347   0.0004489315
   3.5799999880   0.0002057925  -0.0000767355   0.0002277287
   3.5849999880  -0.0000952197  -0.0000727718  -0.0000139552
   3.5899999879  -0.0003912155  -0.0000642426  -0.0002571190
   3.5949999879  -0.0006589275  -0.0000520727  -0.0004826377
   3.5999999879  -0.0008773082  -0.0000375111  -0.0006727600
   3.6049999879  -0.0010291620  -0.0000219767  -0.0008124801
   3.6099999879  -0.0011024744  -0.0000068790  -0.0008906958
   3.6149999879  -0.0010913540   0.0000065495  -0.0009010808
   3.6199999878  -0.0009965209   0.0000173769  -0.0008426102
   3.6249999878  -0.0008252979   0.0000250334  -0.0007196939
   3.6299999878  -0.0005910866   0.0000293096  -0.0005418847
   3.6349999878  -0.0003123438   0.0000303086  -0.0003231627
   3.6399999878  -0.0000111215   0.0000283782  -0.0000808307
   3.6449999878   0.0002887212   0.0000240453   0.0001658971
   3.6499999877   0.0005634790   0.0000179653   0.0003974883
   3.6549999877   0.0007915558   0.0000108840   0.0005957173
   3.6599999877   0.0009552273   0.0000035997   0.0007451636
   3.6649999877   0.0010420529  -0.0000030887   0.0008344430
   3.6699999877   0.0010458151  -0.0000084575   0.0008570691
   3.6749999877   0.0009669287  -0.0000119491   0.0008118883
   3.6799999876   0.0008123082  -0.0000132621   0.0007030797
   3.6849999876   0.0005947357  -0.0000124106   0.0005397464
   3.6899999876   0.0003317985  -0.0000097315   0.0003351521
   3.6949999876   0.0000444880  -0.0000058270   0.0001056669
   3.6999999876  -0.0002444400  -0.0000014515  -0.0001305035
   3.7049999876  -0.0005122314   0.0000026313  -0.0003547248
   3.7099999875  -0.0007379071   0.0000057855  -0.0005493860
   3.7149999875  -0.0009039147   0.0000076003  -0.0006992924
   3.7199999875  -0.0009975265   0.0000079268  -0.0007928861
   3.7249999875  -0.0010118587   0.0000068523  -0.0008231839
   3.7299999875  -0.0009464136   0.0000046289  -0.0007883371
   3.7349999875  -0.0008070859   0.0000015850  -0.0006917544
   3.7399999874  -0.0006056312  -0.0000019547  -0.0005417729
   3.7449999874  -0.0003586485  -0.0000057188  -0.0003509154
   3.7499999874  -0.0000861794  -0.0000095065  -0.0001348124
   3.7549999874   0.0001899412  -0.0000131792   0.0000890998
   3.7599999874   0.0004478337  -0.0000166405   0.0003029862
   3.7649999874   0.0006672818  -0.0000198186   0.0004900080
   3.7699999873   0.0008312726  -0.0000226556   0.0006356069
   3.7749999873   0.0009272707  -0.0000251018   0.0007285951
   3.7799999873   0.0009481454  -0.0000271054   0.0007619872
   3.7849999873   0.0008926937  -0.0000285954   0.0007335207
   3.7899999873   0.0007657200  -0.0000294553   0.0006458265
   3.7949999873   0.0005776573  -0.0000295008   0.0005062249
   3.7999999872   0.0003437439  -0.0000284757   0.0003261473
   3.8049999872   0.0000828069  -0.0000260817   0.0001202172
   3.8099999872  -0.0001842546  -0.0000220441  -0.0000949416
   3.8149999872  -0.0004361606  -0.0000162054  -0.0003020660
   3.8199999872  -0.0006529656  -0.0000086221  -0.0004846609
   3.8249999872  -0.0008176446   0.0000003666  -0.0006283198
   3.8299999871  -0.0009174155   0.0000101235  -0.0007218473
   3.8349999871  -0.0009446926   0.0000197671  -0.0007580921
   3.8399999871  -0.0008976132   0.0000282866  -0.0007344428
   3.8449999871  -0.0007801167   0.0000346956  -0.0006529674
   3.8499999871  -0.0006015922   0.0000381890  -0.0005202096
   3.8549999871  -0.0003761349   0.0000382676  -0.0003466683
   3.8599999870  -0.0001214676   0.0000348059  -0.0001460012
   3.8649999870   0.0001424019   0.0000280552   0.0000660005
   3.8699999870   0.0003947051   0.0000185905   0.0002726072
   3.8749999870   0.0006155183   0.0000072240   0.0004574421
   3.8799999870   0.0007873351  -0.0000050946   0.0006057781
   3.8849999870   0.0008964776  -0.0000173693   0.0007057335
   3.8899999869   0.0009342232  -0.0000286349   0.0007492603
   3.8949999869   0.0008975368  -0.0000380205   0.0007328254
   3.8999999869   0.0007893340  -0.0000448061   0.0006577150
   3.9049999869   0.0006182482  -0.0000484783   0.0005299315
   3.9099999869   0.0003979224  -0.0000487817   0.0003596940
   3.9149999869   0.0001458952  -0.0000457576   0.0001605953
   3.9199999868  -0.0001178152  -0.0000397548  -0.0000515017
   3.9249999868  -0.0003723060  -0.0000314016  -0.0002597315
   3.9299999868  -0.0005974353  -0.0000215334  -0.0004475539
   3.9349999868  -0.0007753955  -0.0000110877  -0.0006000450
   3.9399999868  -0.0008921023  -0.0000009827  -0.0007050629
   3.9449999868  -0.0009383007   0.0000079918  -0.0007542058
   3.9499999867  -0.0009103073   0.0000152513  -0.0007434920
   3.9549999867  -0.0008103229   0.0000204483  -0.0006737028
   3.9599999867  -0.0006462814   0.0000234615  -0.0005503483
   3.9649999867  -0.0004312299   0.0000243554  -0.0003832433
   3.9699999867  -0.0001822814   0.0000233300  -0.0001857172
   3.9749999867   0.0000807791   0.0000206779   0.0000264807
   3.9799999866   0.0003371123   0.0000167545   0.0002364815
   3.9849999866   0.0005665215   0.0000119608   0.0004276826
   3.9899999866   0.0007510732   0.0000067281   0.0005850901
   3.9949999866   0.0008765044   0.0000014924   0.0006964985
   3.9999999866   0.0009333018  -0.0000033451   0.0007534157
   4.0049999866   0.0009173832  -0.0000074671   0.0007516697
   4.0099999865   0.0008303440  -0.0000106863   0.0006916705
   4.0149999865   0.0006792723  -0.0000129692   0.0005783256
   4.0199999865   0.0004761586  -0.0000144278   0.0004206269
   4.0249999865   0.0002369507  -0.0000152740   0.0002309452
   4.0299999865  -0.0000196811  -0.0000157499   0.0000240783
   4.0349999864  -0.0002737846  -0.0000160524  -0.0001838870
   4.0399999864  -0.0005056730  -0.0000162781  -0.0003768227
   4.0449999864  -0.0006974626  -0.0000164037  -0.0005398245
   4.0499999864  -0.0008344789  -0.0000163088  -0.0006603912
   4.0549999864  -0.0009064099  -0.0000158332  -0.0007294166
   4.0599999864  -0.0009081046  -0.0000148461  -0.0007419006
   4.0649999863  -0.0008399459  -0.0000133082  -0.0006973177
   4.0699999863  -0.0007077714  -0.0000113032  -0.0005996136
   4.0749999863  -0.0005223556  -0.0000090349  -0.0004568401
   4.0799999863  -0.0002985127  -0.0000067905  -0.0002804719
   4.0849999863  -0.0000539046  -0.0000048858  -0.0000844756
   4.0899999863   0.0001923442  -0.0000036076   0.0001157881
   4.0949999862   0.0004211163  -0.0000031696   0.0003047445
   4.0999999862   0.0006147523  -0.0000036846   0.0004677840
   4.1049999862   0.0007583838  -0.0000051563   0.0005923626
   4.1099999862   0.0008410592  -0.0000074799   0.0006689532
   4.1149999862   0.0008565814  -0.0000104488   0.0006917776
   4.1199999862   0.0008039922  -0.0000137629   0.0006592618
   4.1249999861   0.0006876539  -0.0000170437   0.0005741700
   4.1299999861   0.0005169132  -0.0000198610   0.0004433927
   4.1349999861   0.0003053630  -0.0000217792   0.0002774009
   4.1399999861   0.0000697592  -0.0000224214   0.0000894041
   4.1449999861  -0.0001713174  -0.0000215423  -0.0001057131
   4.1499999861  -0.0003989368  -0.0000190930  -0.0002925805
   4.1549999860  -0.0005953077  -0.0000152571  -0.0004565543
   4.1599999860  -0.0007451532  -0.0000104439  -0.0005848493
   4.1649999860  -0.0008368708  -0.0000052323  -0.0006675056
   4.1699999860  -0.0008633949  -0.0000002761  -0.0006981250
   4.1749999860  -0.0008227086   0.0000038084  -0.0006743323
   4.1799999860  -0.0007179787   0.0000065470  -0.0005979403
   4.1849999859  -0.0005573077   0.0000076784  -0.0004748101
   4.1899999859  -0.0003531194   0.0000071802  -0.0003144138
   4.1949999859  -0.0001212158   0.0000052485  -0.0001291240
   4.1999999859   0.0001204360   0.0000022448   0.0000667307
   4.2049999859   0.0003531019  -0.0000013718   0.0002579787
   4.2099999859   0.0005587593  -0.0000051078   0.0004298058
   4.2149999858   0.0007215328  -0.0000084854   0.0005689420
   4.2199999858   0.0008289647  -0.0000110759   0.0006647302
   4.2249999858   0.0008730046  -0.0000125232   0.0007099779
   4.2299999858   0.0008506325  -0.0000125658   0.0007015167
   4.2349999858   0.0007640632  -0.0000110607   0.0006404229
   4.2399999858   0.0006205243  -0.0000080093   0.0005318884
   4.2449999857   0.0004316371  -0.0000035746   0.0003847652
   4.2499999857   0.0002124611   0.0000019192   0.0002108309
   4.2549999857  -0.0000197115   0.0000080141   0.0000238415
   4.2599999857  -0.0002467182   0.0000141726  -0.0001615528
   4.2649999857  -0.0004509420   0.0000198506  -0.0003309500
   4.2699999857  -0.0006166788   0.0000245732  -0.0004713156
   4.2749999856  -0.0007313565   0.0000279944  -0.0005719970
   4.2799999856  -0.0007865123   0.0000299292  -0.0006255582
   4.2849999856  -0.0007784498   0.0000303513  -0.0006283612
   4.2899999856  -0.0007085138   0.0000293640  -0.0005808438
   4.2949999856  -0.0005829563   0.0000271549  -0.0004874611
   4.2999999856  -0.0004124008   0.0000239520  -0.0003562942
   4.3049999855  -0.0002109501   0.0000199916  -0.0001983595
   4.3099999855   0.0000049798   0.0000155036  -0.0000266838
   4.3149999855   0.0002179948   0.0000107091   0.0001447664
   4.3199999855   0.0004111095   0.0000058243   0.0003022065
   4.3249999855   0.0005690709   0.0000010580   0.0004331108
   4.3299999855   0.0006795183  -0.0000033988   0.0005271654
   4.3349999854   0.0007339007  -0.0000073921   0.0005770303
   4.3399999854   0.0007280933  -0.0000108239   0.0005788690
   4.3449999854   0.0006626807  -0.0000136618   0.0005326141
   4.3499999854   0.0005428901  -0.0000159312   0.0004419570
   4.3549999854   0.0003781808  -0.0000176917   0.0003140613
   4.3599999854   0.0001815150  -0.0000190024   0.0001590142
   4.3649999853  -0.0000316441  -0.0000198914  -0.0000109512
   4.3699999853  -0.0002445354  -0.0000203396  -0.0001824093
   4.3749999853  -0.0004404154  -0.0000202891  -0.0003418013
   4.3799999853  -0.0006038775  -0.0000196740  -0.0004765104
   4.3849999853  -0.0007220663  -0.0000184628  -0.0005758645
   4.3899999853  -0.0007856828  -0.0000167000  -0.0006319760
   4.3949999852  -0.0007896984  -0.0000145282  -0.0006403501
   4.3999999852  -0.0007337226  -0.0000121846  -0.0006002152
   4.4049999852  -0.0006220053  -0.0000099697  -0.0005145568
   4.4099999852  -0.0004630814  -0.0000081980  -0.0003898630
   4.4149999852  -0.0002690969  -0.0000071437  -0.0002356102
   4.4199999852  -0.0000548720  -0.0000069955  -0.0000635340
   4.4249999851   0.0001632286  -0.0000078289   0.0001132620
   4.4299999851   0.0003685386  -0.0000095982   0.0002812974
   4.4349999851   0.0005453602  -0.0000121434   0.0004277395
   4.4399999851   0.0006801712  -0.0000152053   0.0005413907
   4.4449999851   0.0007626769  -0.0000184450   0.0006135625
   4.4499999851   0.0007866227  -0.0000214641   0.0006387651
   4.4549999850   0.0007502939  -0.0000238312   0.0006151509
   4.4599999850   0.0006566564  -0.0000251177   0.0005446658
   4.4649999850   0.0005131201  -0.0000249468   0.0004328941
   4.4699999850   0.0003309442  -0.0000230498   0.0002886068
   4.4749999850   0.0001243373  -0.0000193221   0.0001230557
   4.4799999850  -0.0000906697  -0.0000138641  -0.0000509225
   4.4849999849  -0.0002974804  -0.0000069914  -0.0002199136
   4.4899999849  -0.0004802175   0.0000007905  -0.0003709626
   4.4949999849  -0.0006249376   0.0000088487  -0.0004925622
   4.4999999849  -0.0007206884   0.0000165082  -0.0005755207
   4.5049999849  -0.0007603345   0.0000231438  -0.0006136540
   4.5099999849  -0.0007410954   0.0000282570  -0.0006042524
   4.5149999848  -0.0006647555   0.0000315236  -0.0005482897
   4.5199999848  -0.0005375271   0.0000328062  -0.0004503523
   4.5249999848  -0.0003695687   0.0000321360  -0.0003182888
   4.5299999848  -0.0001741895   0.0000296757  -0.0001625973
   4.5349999848   0.0000332033   0.0000256779   0.0000044067
   4.5399999848   0.0002363301   0.0000204515   0.0001695739
   4.5449999847   0.0004193363   0.0000143388   0.0003199762
   4.5499999847   0.0005680501   0.0000077022   0.0004439377
   4.5549999847   0.0006710937   0.0000009133   0.0005319554
   4.5599999847   0.0007207569  -0.0000056637   0.0005774310
   4.5649999847   0.0007135658  -0.0000116975   0.0005771582
   4.5699999847   0.0006505107  -0.0000169192   0.0005315350
   4.5749999846   0.0005369240  -0.0000211504   0.0004444929
   4.5799999846   0.0003820274  -0.0000243162   0.0003231582
   4.5849999846   0.0001981895  -0.0000264392   0.0001772752
   4.5899999846  -0.0000000487  -0.0000276119   0.0000184377
   4.5949999846  -0.0001971089  -0.0000279568  -0.0001408175
   4.5999999846  -0.0003775869  -0.0000275850  -0.0002879879
   4.6049999845  -0.0005274521  -0.0000265680  -0.0004115826
   4.6099999845  -0.0006351399  -0.0000249316  -0.0005020227
   4.6149999845  -0.0006924499  -0.0000226717  -0.0005523906
   4.6199999845  -0.0006951748  -0.0000197866  -0.0005589638
   4.6249999845  -0.0006434058  -0.0000163111  -0.0005214876
   4.6299999845  -0.0005414915  -0.0000123417  -0.0004431644
   4.6349999844  -0.0003976582  -0.0000080418  -0.0003303656
   4.6399999844  -0.0002233302  -0.0000036281  -0.0001920970
   4.6449999844  -0.0000322126   0.0000006587  -0.0000392705
   4.6499999844   0.0001607827   0.0000045869   0.0001161549
   4.6549999844   0.0003406850   0.0000079606   0.0002620927
   4.6599999844   0.0004935993   0.0000106364   0.0003872431
   4.6649999843   0.0006077512   0.0000125257   0.0004819390
   4.6699999843   0.0006743694   0.0000135907   0.0005388699
   4.6749999843   0.0006883479   0.0000138376   0.0005536341
   4.6799999843   0.0006486381   0.0000133137   0.0005250802
   4.6849999843   0.0005583382   0.0000121076   0.0004554077
   4.6899999843   0.0004244662   0.0000103522   0.0003500111
   4.6949999842   0.0002574250   0.0000082219   0.0002170731
   4.6999999842   0.0000701978   0.0000059206   0.0000669311
   4.7049999842  -0.0001226667   0.0000036600  -0.0000887323
   4.7099999842  -0.0003061939   0.0000016283  -0.0002378087
   4.7149999842  -0.0004661550  -0.0000000397  -0.0003687148
   4.7199999841  -0.0005901723  -0.0000012854  -0.0004712946
   4.7249999841  -0.0006686708  -0.0000021331  -0.0005376008
   4.7299999841  -0.0006956031  -0.0000026793  -0.0005624956
   4.7349999841  -0.0006688990  -0.0000030679  -0.0005440324
   4.7399999841  -0.0005906112  -0.0000034575  -0.0004835930
   4.7449999841  -0.0004667504  -0.0000039907  -0.0003857781
   4.7499999840  -0.0003068264  -0.0000047721  -0.0002580585
   4.7549999840  -0.0001231248  -0.0000058569  -0.0001102119
   4.7599999840   0.0000702289  -0.0000072489   0.0000464179
   4.7649999840   0.0002583527  -0.0000089039   0.0001997885
   4.7699999840   0.0004267590  -0.0000107327   0.0003380896
   4.7749999840   0.0005624834  -0.0000126028   0.0004506656
   4.7799999839   0.0006550990  -0.0000143400   0.0005288522
   4.7849999839   0.0006975321  -0.0000157355   0.0005666574
   4.7899999839   0.0006866086  -0.0000165631   0.0005612267
   4.7949999839   0.0006232877  -0.0000166091   0.0005130547
   4.7999999839   0.0005125664  -0.0000157116   0.0004259284
   4.8049999839   0.0003630668  -0.0000138008   0.0003066123
   4.8099999838   0.0001863487  -0.0000109294   0.0001643073
   4.8149999838  -0.0000039957  -0.0000072806   0.0000099306
   4.8199999838  -0.0001933920  -0.0000031502  -0.0001447251
   4.8249999838  -0.0003673971   0.0000010961  -0.0002878900
   4.8299999838  -0.0005127985   0.0000050810  -0.0004087096
   4.8349999838  -0.0006186171   0.0000084732  -0.0004980680
   4.8399999837  -0.0006769421   0.0000110322  -0.0005492819
   4.8449999837  -0.0006835344   0.0000126300  -0.0005586128
   4.8499999837  -0.0006381466   0.0000132470  -0.0005255536
   4.8549999837  -0.0005445335   0.0000129494  -0.0004528632
   4.8599999837  -0.0004101456   0.0000118580  -0.0003463410
   4.8649999837  -0.0002455300   0.0000101184  -0.0002143585
   4.8699999836  -0.0000634878   0.0000078822  -0.0000671865
   4.8749999836   0.0001219402   0.0000052985   0.0000838228
   4.8799999836   0.0002965737   0.0000025144   0.0002271286
   4.8849999836   0.0004471865  -0.0000003240   0.0003518937
   4.8899999836   0.0005625105  -0.0000030744   0.0004488060
   4.8949999836   0.0006340721  -0.0000056073   0.0005107680
   4.8999999835   0.0006568065  -0.0000078188   0.0005334089
   4.9049999835   0.0006294088  -0.0000096422   0.0005153862
   4.9099999835   0.0005544015  -0.0000110513   0.0004584603
   4.9149999835   0.0004379174  -0.0000120540   0.0003673396
   4.9199999835   0.0002892127  -0.0000126753   0.0002493050
   4.9249999835   0.0001199441  -0.0000129375   0.0001136413
   4.9299999834  -0.0000567363  -0.0000128444  -0.0000290856
   4.9349999834  -0.0002272021  -0.0000123766  -0.0001678519
   4.9399999834  -0.0003784093  -0.0000115004  -0.0002920331
   4.9449999834  -0.0004989022  -0.0000101880  -0.0003922269
   4.9499999834  -0.0005796886  -0.0000084420  -0.0004609718
   4.9549999834  -0.0006149129  -0.0000063139  -0.0004933052
   4.9599999833  -0.0006022758  -0.0000039111  -0.0004871165
   4.9649999833  -0.0005431739  -0.0000013880  -0.0004432743
   4.9699999833  -0.0004425543   0.0000010758  -0.0003655238
   4.9749999833  -0.0003085040   0.0000033025  -0.0002601696
   4.9799999833  -0.0001516096   0.0000051415  -0.0001355748
   4.9849999833   0.0000158618   0.0000064851  -0.0000015133
   4.9899999832   0.0001809010   0.0000072728   0.0001315760
   4.9949999832   0.0003307480   0.0000074866   0.0002533827
   4.9999999832   0.0004538658   0.0000071425   0.0003545112
   5.0049999832   0.0005408259   0.0000062837   0.0004272022
   5.0099999832   0.0005850365   0.0000049789   0.0004659342
   5.0149999832   0.0005832551   0.0000033247   0.0004678555
   5.0199999831   0.0005358397   0.0000014483   0.0004330073
   5.0249999831   0.0004467145  -0.0000004961   0.0003643160
   5.0299999831   0.0003230517  -0.0000023400   0.0002673535
   5.0349999831   0.0001746942  -0.0000039219   0.0001498852
   5.0399999831   0.0000133696  -0.0000051150   0.0000212459
   5.0449999831  -0.0001482387  -0.0000058499  -0.0001084039
   5.0499999830  -0.0002974859  -0.0000061282  -0.0002288768
   5.0549999830  -0.0004227481  -0.0000060192  -0.0003307514
   5.0599999830  -0.0005143163  -0.0000056419  -0.0004060975
   5.0649999830  -0.0005651386  -0.0000051373  -0.0004490827
   5.0699999830  -0.0005713565  -0.0000046390  -0.0004564165
   5.0749999830  -0.0005325970  -0.0000042498  -0.0004276023
   5.0799999829  -0.0004519981  -0.0000040313  -0.0003649748
   5.0849999829  -0.0003359628  -0.0000040039  -0.0002735197
   5.0899999829  -0.0001936579  -0.0000041561  -0.0001604841
   5.0949999829  -0.0000362926  -0.0000044547  -0.0000348054
   5.0999999829   0.0001237675  -0.0000048518   0.0000935978
   5.1049999829   0.0002739784  -0.0000052865   0.0002146146
   5.1099999828   0.0004026082  -0.0000056833   0.0003187457
   5.1149999828   0.0004996573  -0.0000059503   0.0003978517
   5.1199999828   0.0005576323  -0.0000059856   0.0004457867
   5.1249999828   0.0005721155  -0.0000056901   0.0004588662
   5.1299999828   0.0005420864  -0.0000049896   0.0004361355
   5.1349999828   0.0004699780  -0.0000038577   0.0003794252
   5.1399999827   0.0003614697  -0.0000023328   0.0002931935
   5.1449999827   0.0002250356  -0.0000005230   0.0001841725
   5.1499999827   0.0000712855   0.0000014052   0.0000608456
   5.1549999827  -0.0000878524   0.0000032529  -0.0000672049
   5.1599999827  -0.0002400496   0.0000048223  -0.0001900345
   5.1649999827  -0.0003735267   0.0000059491  -0.0002981041
   5.1699999826  -0.0004779645   0.0000065269  -0.0003830202
   5.1749999826  -0.0005453051   0.0000065158  -0.0004381915
   5.1799999826  -0.0005703774   0.0000059381  -0.0004593443
   5.1849999826  -0.0005512958   0.0000048634  -0.0004448560
   5.1899999826  -0.0004895976   0.0000033900  -0.0003958758
   5.1949999826  -0.0003901101   0.0000016284  -0.0003162240
   5.1999999825  -0.0002605594  -0.0000003085  -0.0002120807
   5.2049999825  -0.0001109574  -0.0000023101  -0.0000914925
   5.2099999825   0.0000471815  -0.0000042698   0.0000362584
   5.2149999825   0.0002017283  -0.0000060858   0.0001613717
   5.2199999825   0.0003408659  -0.0000076662   0.0002742764
   5.2249999825   0.0004539823  -0.0000089354   0.0003663544
   5.2299999824   0.0005324700  -0.0000098413   0.0004305875
   5.2349999824   0.0005703725  -0.0000103577   0.0004620854
   5.2399999824   0.0005648342  -0.0000104817   0.0004584549
   5.2449999824   0.0005163166  -0.0000102246   0.0004199834
   5.2499999824   0.0004285648  -0.0000096000   0.0003496208
   5.2549999824   0.0003083223  -0.0000086154   0.0002527560
   5.2599999823   0.0001648128  -0.0000072705   0.0001368041
   5.2649999823   0.0000090289  -0.0000055662   0.0000106344
   5.2699999823  -0.0001471177  -0.0000035214  -0.0001161164
   5.2749999823  -0.0002917143  -0.0000011917  -0.0002337876
   5.2799999823  -0.0004137614   0.0000013164  -0.0003334361
   5.2849999823  -0.0005040100   0.0000038433  -0.0004075163
   5.2899999822  -0.0005556581   0.0000061895  -0.0004504466
   5.2949999822  -0.0005648569   0.0000081409  -0.0004590232
   5.2999999822  -0.0005309920   0.0000095013  -0.0004326530
   5.3049999822  -0.0004567216   0.0000101231  -0.0003733921
   5.3099999822  -0.0003477716   0.0000099279  -0.0002857891
   5.3149999822  -0.0002125010   0.0000089139  -0.0001765430
   5.3199999821  -0.0000612693   0.0000071495  -0.0000539994
   5.3249999821   0.0000943523   0.0000047583   0.0000724815
   5.3299999821   0.0002424668   0.0000019005   0.0001932406
   5.3349999821   0.0003717680  -0.0000012413   0.0002990644
   5.3399999821   0.0004724163  -0.0000044727   0.0003819003
   5.3449999821   0.0005368010  -0.0000075918   0.0004354821
   5.3499999820   0.0005601266  -0.0000103939   0.0004558157
   5.3549999820   0.0005407749  -0.0000126791   0.0004414808
   5.3599999820   0.0004804155  -0.0000142666   0.0003937287
   5.3649999820   0.0003838567  -0.0000150140   0.0003163686
   5.3699999820   0.0002586559  -0.0000148391   0.0002154568
   5.3749999820   0.0001145216  -0.0000137357   0.0000988169
   5.3799999819  -0.0000374421  -0.0000117809  -0.0000245692
   5.3849999819  -0.0001855907  -0.0000091281  -0.0001452519
   5.3899999819  -0.0003186287  -0.0000059884  -0.0002540346
   5.3949999819  -0.0004264694  -0.0000026040  -0.0003426732
   5.3999999819  -0.0005010009   0.0000007791  -0.0004045021
   5.4049999818  -0.0005367009   0.0000039333  -0.0004349404
   5.4099999818  -0.0005310524   0.0000066634  -0.0004318389
   5.4149999818  -0.0004847275   0.0000088132  -0.0003956382
   5.4199999818  -0.0004015217   0.0000102662  -0.0003293245
   5.4249999818  -0.0002880431   0.0000109473  -0.0002381838
   5.4299999818  -0.0001531835   0.0000108255  -0.0001293762
   5.4349999817  -0.0000074136   0.0000099203  -0.0000113656
   5.4399999817   0.0001380379   0.0000083063   0.0001067464
   5.4449999817   0.0002720535   0.0000061137   0.0002159272
   5.4499999817   0.0003844763   0.0000035190   0.0003079038
   5.4549999817   0.0004668744   0.0000007262   0.0003757845
   5.4599999817   0.0005131650  -0.0000020586   0.0004145674
   5.4649999816   0.0005200554  -0.0000046539   0.0004215020
   5.4699999816   0.0004872727  -0.0000069214   0.0003962793
   5.4749999816   0.0004175659  -0.0000087740   0.0003410402
   5.4799999816   0.0003164832  -0.0000101698   0.0002602015
   5.4849999816   0.0001919393  -0.0000110965   0.0001601116
   5.4899999816   0.0000536038  -0.0000115524   0.0000485596
   5.4949999815  -0.0000878447  -0.0000115334  -0.0000658265
   5.4999999815  -0.0002215416  -0.0000110283  -0.0001742458
   5.5049999815  -0.0003372728  -0.0000100266  -0.0002684048
   5.5099999815  -0.0004262582  -0.0000085336  -0.0003411548
   5.5149999815  -0.0004818192  -0.0000065871  -0.0003870369
   5.5199999815  -0.0004998795  -0.0000042688  -0.0004026905
   5.5249999814  -0.0004792604  -0.0000017065  -0.0003870961
   5.5299999814  -0.0004217514   0.0000009356  -0.0003416354
   5.5349999814  -0.0003319552   0.0000034732  -0.0002699685
   5.5399999814  -0.0002169210   0.0000057227  -0.0001777415
   5.5449999814  -0.0000855972   0.0000075192  -0.0000721462
   5.5499999814   0.0000518561   0.0000087310   0.0000386308
   5.5549999813   0.0001848429   0.0000092676   0.0001460345
   5.5599999813   0.0003031409   0.0000090851   0.0002417940
   5.5649999813   0.0003976842   0.0000081892   0.0003185564
   5.5699999813   0.0004612592   0.0000066374   0.0003704530
   5.5749999813   0.0004890610   0.0000045403   0.0003935527
   5.5799999813   0.0004790629   0.0000020579   0.0003861671
   5.5849999812   0.0004321701  -0.0000006100   0.0003489778
   5.5899999812   0.0003521419  -0.0000032412   0.0002849785
   5.5949999812   0.0002452909  -0.0000056166   0.0001992333
   5.5999999812   0.0001199829  -0.0000075462   0.0000984738
   5.6049999812  -0.0000140208  -0.0000088937  -0.0000094311
   5.6099999812  -0.0001463233  -0.0000095914  -0.0001160901
   5.6149999811  -0.0002666966  -0.0000096423  -0.0002132386
   5.6199999811  -0.0003658671  -0.0000091104  -0.0002933734
   5.6249999811  -0.0004362252  -0.0000081021  -0.0003503267
   5.6299999811  -0.0004724048  -0.0000067441  -0.0003797370
   5.6349999811  -0.0004716935  -0.0000051641  -0.0003793828
   5.6399999811  -0.0004342390  -0.0000034786  -0.0003493547
   5.6449999810  -0.0003630369  -0.0000017890  -0.0002920494
   5.6499999810  -0.0002636973  -0.0000001821  -0.0002119854
   5.6549999810  -0.0001440059   0.0000012656  -0.0001154500
   5.6599999810  -0.0000133121   0.0000024867  -0.0000100045
   5.6649999810   0.0001182064   0.0000034249   0.0000961132
   5.6699999810   0.0002403442   0.0000040413   0.0001946402
   5.6749999809   0.0003436674   0.0000043206   0.0002779380
   5.6799999809   0.0004202448   0.0000042758   0.0003395885
   5.6849999809   0.0004642546   0.0000039461   0.0003748859
   5.6899999809   0.0004724197   0.0000033903   0.0003811889
   5.6949999809   0.0004442412   0.0000026745   0.0003581085
   5.6999999809   0.0003820169   0.0000018601   0.0003075207
   5.7049999808   0.0002906479   0.0000009948   0.0002334088
   5.7099999808   0.0001772506   0.0000001100   0.0001415477
   5.7149999808   0.0000506043  -0.0000007747   0.0000390561
   5.7199999808  -0.0000795239  -0.0000016425  -0.0000661508
   5.7249999808  -0.0002031289  -0.0000024704  -0.0001659687
   5.7299999808  -0.0003107342  -0.0000032228  -0.0002527270
   5.7349999807  -0.0003941185  -0.0000038527  -0.0003197787
   5.7399999807  -0.0004469453  -0.0000043089  -0.0003620112
   5.7449999807  -0.0004652448  -0.0000045478  -0.0003762375
   5.7499999807  -0.0004477104  -0.0000045454  -0.0003614353
   5.7549999807  -0.0003957868  -0.0000043039  -0.0003188151
   5.7599999807  -0.0003135454  -0.0000038526  -0.0002517159
   5.7649999806  -0.0002073589  -0.0000032397  -0.0001653372
   5.7699999806  -0.0000854048  -0.0000025217  -0.0000663326
   5.7749999806   0.0000429631  -0.0000017508   0.0000377010
   5.7799999806   0.0001679254  -0.0000009683   0.0001388005
   5.7849999806   0.0002799380  -0.0000002035   0.0002292361
   5.7899999806   0.0003704503   0.0000005207   0.0003020918
   5.7949999805   0.0004325495   0.0000011798   0.0003517860
   5.7999999805   0.0004614826   0.0000017418   0.0003744938
   5.8049999805   0.0004550202   0.0000021669   0.0003684407
   5.8099999805   0.0004136294   0.0000024143   0.0003340426
   5.8149999805   0.0003404424   0.0000024541   0.0002738796
   5.8199999805   0.0002410202   0.0000022798   0.0001925020
   5.8249999804   0.0001229262   0.0000019156   0.0000960828
   5.8299999804  -0.0000048556   0.0000014151  -0.0000080576
   5.8349999804  -0.0001326126   0.0000008509  -0.0001120166
   5.8399999804  -0.0002506516   0.0000002980  -0.0002079182
   5.8449999804  -0.0003500427  -0.0000001831  -0.0002885184
   5.8499999804  -0.0004233013  -0.0000005584  -0.0003477591
   5.8549999803  -0.0004649575  -0.0000008229  -0.0003812281
   5.8599999803  -0.0004719702  -0.0000009956  -0.0003864940
   5.8649999803  -0.0004439561  -0.0000011077  -0.0003632890
   5.8699999803  -0.0003832173  -0.0000011907  -0.0003135291
   5.8749999803  -0.0002945650  -0.0000012686  -0.0002411687
   5.8799999803  -0.0001849525  -0.0000013547  -0.0001519003
   5.8849999802  -0.0000629425  -0.0000014538  -0.0000527196
   5.8899999802   0.0000619499  -0.0000015655   0.0000486108
   5.8949999802   0.0001799903  -0.0000016854   0.0001441597
   5.8999999802   0.0002819765  -0.0000018037   0.0002264398
   5.9049999802   0.0003599473  -0.0000019004   0.0002889861
   5.9099999802   0.0004077945  -0.0000019428   0.0003268533
   5.9149999801   0.0004217272  -0.0000018870   0.0003369922
   5.9199999801   0.0004005536  -0.0000016865   0.0003184763
   5.9249999801   0.0003457603  -0.0000013062   0.0002725620
   5.9299999801   0.0002613846  -0.0000007379   0.0002025813
   5.9349999801   0.0001536933  -0.0000000105   0.0001136763
   5.9399999801   0.0000306954   0.0000008093   0.0000124005
   5.9449999800  -0.0000984737   0.0000016268  -0.0000937845
   5.9499999800  -0.0002242487   0.0000023399  -0.0001970757
   5.9549999800  -0.0003373600   0.0000028604  -0.0002899195
   5.9599999800  -0.0004295346   0.0000031328  -0.0003655818
   5.9649999800  -0.0004941207   0.0000031425  -0.0004186557
   5.9699999800  -0.0005265866   0.0000029127  -0.0004454678
   5.9749999799  -0.0005248582   0.0000024913  -0.0004443521
   5.9799999799  -0.0004894659   0.0000019347  -0.0004157679
   5.9849999799  -0.0004234902   0.0000012936  -0.0003622539
   5.9899999799  -0.0003323105   0.0000006050  -0.0002882202
   5.9949999799  -0.0002231773  -0.0000001065  -0.0001995965
