   0.0000000000   0.0000000000   0.0000000000   0.0000000000
   0.0050000000   0.0000000000   0.0000000000   0.0000000000
   0.0100000000   0.0000000000   0.0000000000   0.0000000000
   0.0149999999   0.0000000000   0.0000000000   0.0000000000
   0.0199999999   0.0000000000   0.0000000000   0.0000000000
   0.0249999999   0.0000000000   0.0000000000   0.0000000000
   0.0299999999   0.0000000000   0.0000000000   0.0000000000
   0.0349999999   0.0000000000   0.0000000000   0.0000000000
   0.0399999999  -0.0000000000  -0.0000000000  -0.0000000000
   0.0449999998  -0.0000000000  -0.0000000000  -0.0000000000
   0.0499999998  -0.0000000000  -0.0000000000  -0.0000000000
   0.0549999998  -0.0000000000  -0.0000000000  -0.0000000000
   0.0599999998  -0.0000000000  -0.0000000000  -0.0000000000
   0.0649999998  -0.0000000000  -0.0000000000  -0.0000000000
   0.0699999998  -0.0000000000  -0.0000000000  -0.0000000000
   0.0749999997  -0.0000000000  -0.0000000000  -0.0000000000
   0.0799999997  -0.0000000000  -0.0000000000  -0.0000000000
   0.0849999997  -0.0000000000  -0.0000000000  -0.0000000000
   0.0899999997  -0.0000000000  -0.0000000000  -0.0000000000
   0.0949999997  -0.0000000000  -0.0000000000  -0.0000000000
   0.0999999997  -0.0000000000  -0.0000000000  -0.0000000000
   0.1049999996  -0.0000000000  -0.0000000000  -0.0000000000
   0.1099999996  -0.0000000000  -0.0000000000  -0.0000000000
   0.1149999996  -0.0000000000  -0.0000000000  -0.0000000000
   0.1199999996  -0.0000000000  -0.0000000000  -0.0000000000
   0.1249999996  -0.0000000000  -0.0000000000  -0.0000000000
   0.1299999996  -0.0000000000  -0.0000000000  -0.0000000000
   0.1349999995  -0.0000000000  -0.0000000000  -0.0000000000
   0.1399999995  -0.0000000000  -0.0000000000  -0.0000000000
   0.1449999995   0.0000000000   0.0000000000   0.0000000000
   0.1499999995   0.0000000000   0.0000000000   0.0000000000
   0.1549999995   0.0000000000   0.0000000000   0.0000000000
   0.1599999995   0.0000000000   0.0000000000   0.0000000000
   0.1649999994  -0.0000000000   0.0000000000  -0.0000000000
   0.1699999994  -0.0000000000   0.0000000000  -0.0000000000
   0.1749999994  -0.0000000000  -0.0000000000  -0.0000000000
   0.1799999994  -0.0000000000  -0.0000000000  -0.0000000000
   0.1849999994  -0.0000000000  -0.0000000000  -0.0000000000
   0.1899999994   0.0000000000  -0.0000000000   0.0000000000
   0.1949999993   0.0000000000  -0.0000000000   0.0000000000
   0.1999999993   0.0000000000   0.0000000000   0.0000000000
   0.2049999993   0.0000000000   0.0000000000   0.0000000000
   0.2099999993  -0.0000000000   0.0000000000  -0.0000000000
   0.2149999993  -0.0000000000   0.0000000000  -0.0000000000
   0.2199999993  -0.0000000000   0.0000000000  -0.0000000000
   0.2249999992  -0.0000000000  -0.0000000000  -0.0000000000
   0.2299999992   0.0000000000  -0.0000000000   0.0000000000
   0.2349999992   0.0000000000  -0.0000000000   0.0000000000
   0.2399999992   0.0000000000  -0.0000000000   0.0000000000
   0.2449999992   0.0000000000  -0.0000000000   0.0000000000
   0.2499999992   0.0000000000   0.0000000000   0.0000000000
   0.2549999991  -0.0000000000   0.0000000000  -0.0000000000
   0.2599999991  -0.0000000000   0.0000000000  -0.0000000000
   0.2649999991  -0.0000000000   0.0000000000  -0.0000000000
   0.2699999991  -0.0000000000   0.0000000000  -0.0000000000
   0.2749999991  -0.0000000000  -0.0000000000  -0.0000000000
   0.2799999991   0.0000000000  -0.0000000000   0.0000000000
   0.2849999990   0.0000000000  -0.0000000000   0.0000000000
   0.2899999990   0.0000000000  -0.0000000000   0.0000000000
   0.2949999990   0.0000000000   0.0000000000   0.0000000000
   0.2999999990   0.0000000000   0.0000000000   0.0000000000
   0.3049999990  -0.0000000000   0.0000000000  -0.0000000000
   0.3099999990  -0.0000000000   0.0000000000  -0.0000000000
   0.3149999989  -0.0000000000  -0.0000000000  -0.0000000000
   0.3199999989  -0.0000000000  -0.0000000000  -0.0000000000
   0.3249999989  -0.0000000000  -0.0000000000  -0.0000000000
   0.3299999989   0.0000000000  -0.0000000000   0.0000000000
   0.3349999989   0.0000000000   0.0000000000   0.0000000000
   0.3399999989   0.0000000000   0.0000000000   0.0000000000
   0.3449999988   0.0000000000   0.0000000001   0.0000000000
   0.3499999988  -0.0000000000   0.0000000001  -0.0000000000
   0.3549999988  -0.0000000001   0.0000000001  -0.0000000001
   0.3599999988  -0.0000000001  -0.0000000000  -0.0000000001
   0.3649999988   0.0000000001  -0.0000000001   0.0000000001
   0.3699999988   0.0000000004  -0.0000000002   0.0000000004
   0.3749999987   0.0000000009  -0.0000000001   0.0000000009
   0.3799999987   0.0000000013   0.0000000000   0.0000000013
   0.3849999987   0.0000000007   0.0000000000   0.0000000007
   0.3899999987  -0.0000000016  -0.0000000006  -0.0000000016
   0.3949999987  -0.0000000064  -0.0000000026  -0.0000000064
   0.3999999987  -0.0000000132  -0.0000000058  -0.0000000132
   0.4049999986  -0.0000000187  -0.0000000084  -0.0000000187
   0.4099999986  -0.0000000159  -0.0000000060  -0.0000000159
   0.4149999986   0.0000000058   0.0000000088   0.0000000058
   0.4199999986   0.0000000564   0.0000000433   0.0000000564
   0.4249999986   0.0000001372   0.0000000984   0.0000001372
   0.4299999986   0.0000002269   0.0000001574   0.0000002269
   0.4349999985   0.0000002678   0.0000001746   0.0000002678
   0.4399999985   0.0000001598   0.0000000707   0.0000001598
   0.4449999985  -0.0000002241  -0.0000002538  -0.0000002241
   0.4499999985  -0.0000009835  -0.0000008719  -0.0000009835
   0.4549999985  -0.0000020899  -0.0000017443  -0.0000020899
   0.4599999985  -0.0000032464  -0.0000026022  -0.0000032464
   0.4649999984  -0.0000037505  -0.0000028372  -0.0000037505
   0.4699999984  -0.0000024413  -0.0000014682  -0.0000024413
   0.4749999984   0.0000021492   0.0000027092   0.0000021492
   0.4799999984   0.0000113105   0.0000106873   0.0000113105
   0.4849999984   0.0000252478   0.0000224580   0.0000252478
   0.4899999984   0.0000417929   0.0000359201   0.0000417929
   0.4949999983   0.0000549764   0.0000457075   0.0000549764
   0.4999999983   0.0000539765   0.0000423910   0.0000539765
   0.5049999983   0.0000232239   0.0000127128   0.0000232239
   0.5099999983  -0.0000554029  -0.0000583764  -0.0000554029
   0.5149999983  -0.0001974402  -0.0001832081  -0.0001974403
   0.5199999983  -0.0004073366  -0.0003641289  -0.0004073366
   0.5249999982  -0.0006669726  -0.0005838752  -0.0006669726
   0.5299999982  -0.0009227171  -0.0007949074  -0.0009227171
   0.5349999982  -0.0010737430  -0.0009099725  -0.0010737430
   0.5399999982  -0.0009652808  -0.0007968738  -0.0009652807
   0.5449999982  -0.0003907696  -0.0002805694  -0.0003907695
   0.5499999982   0.0008938771   0.0008449482   0.0008938773
   0.5549999981   0.0031425998   0.0027941177   0.0031426001
   0.5599999981   0.0065797695   0.0057580690   0.0065797699
   0.5649999981   0.0113540961   0.0098677467   0.0113540966
   0.5699999981   0.0174940202   0.0151582416   0.0174940207
   0.5749999981   0.0248744596   0.0215418689   0.0248744599
   0.5799999981   0.0332043286   0.0287970784   0.0332043284
   0.5849999980   0.0420412397   0.0365779558   0.0420412387
   0.5899999980   0.0508345427   0.0444451671   0.0508345407
   0.5949999980   0.0589913885   0.0519144962   0.0589913852
   0.5999999980   0.0659544298   0.0585148095   0.0659544254
   0.6049999980   0.0712758578   0.0638445540   0.0712758528
   0.6099999980   0.0746721054   0.0676156936   0.0746721008
   0.6149999979   0.0760472821   0.0696765926   0.0760472793
   0.6199999979   0.0754805979   0.0700102627   0.0754805987
   0.6249999979   0.0731819505   0.0687103663   0.0731819564
   0.6299999979   0.0694280396   0.0659427738   0.0694280517
   0.6349999979   0.0644963846   0.0619037292   0.0644964026
   0.6399999979   0.0586147959   0.0567857837   0.0586148176
   0.6449999978   0.0519389175   0.0507595456   0.0519389384
   0.6499999978   0.0445617379   0.0439738885   0.0445617512
   0.6549999978   0.0365490641   0.0365712395   0.0365490614
   0.6599999978   0.0279869630   0.0287098445   0.0279869363
   0.6649999978   0.0190236904   0.0205829804   0.0190236348
   0.6699999978   0.0098908457   0.0124265629   0.0098907631
   0.6749999977   0.0008957338   0.0045109363   0.0008956370
   0.6799999977  -0.0076131999  -0.0028816575  -0.0076132832
   0.6849999977  -0.0152968074  -0.0094873494  -0.0152968326
   0.6899999977  -0.0218751702  -0.0150893545  -0.0218750763
   0.6949999977  -0.0271610474  -0.0195364326  -0.0271607635
   0.6999999976  -0.0310669035  -0.0227460973  -0.0310663612
   0.7049999976  -0.0335851468  -0.0246930439  -0.0335843017
   0.7099999976  -0.0347509430  -0.0253885563  -0.0347498056
   0.7149999976  -0.0346033552  -0.0248598681  -0.0346020306
   0.7199999976  -0.0331612530  -0.0231384197  -0.0331599883
   0.7249999976  -0.0304250596  -0.0202626203  -0.0304242940
   0.7299999975  -0.0264057456  -0.0162952188  -0.0264061571
   0.7349999975  -0.0211718788  -0.0113495704  -0.0211744195
   0.7399999975  -0.0148977119  -0.0056149626  -0.0149036221
   0.7449999975  -0.0078930564   0.0006298326  -0.0079038471
   0.7499999975  -0.0005999661   0.0070230741  -0.0006173628
   0.7549999975   0.0064492166   0.0131495780   0.0064233731
   0.7599999974   0.0127061498   0.0185896406   0.0126700457
   0.7649999974   0.0176965623   0.0229779318   0.0176485860
   0.7699999974   0.0211039963   0.0260595428   0.0210429329
   0.7749999974   0.0228259282   0.0277303432   0.0227511506
   0.7799999974   0.0229878041   0.0280520980   0.0228994337
   0.7849999974   0.0219112673   0.0272384931   0.0218102797
   0.7899999973   0.0200443546   0.0256148069   0.0199326062
   0.7949999973   0.0178705324   0.0235598134   0.0177506939
   0.7999999973   0.0158178634   0.0214422319   0.0156932584
   0.8049999973   0.0141884944   0.0195648517   0.0140628552
   0.8099999973   0.0131227051   0.0181272620   0.0129998717
   0.8149999973   0.0126027636   0.0172135042   0.0124863622
   0.8199999972   0.0124921790   0.0168050355   0.0123853235
   0.8249999972   0.0125979444   0.0168135583   0.0125030026
   0.8299999972   0.0127387647   0.0171239072   0.0126572217
   0.8349999972   0.0128019436   0.0176353506   0.0127343816
   0.8399999972   0.0127754511   0.0182908356   0.0127216456
   0.8449999972   0.0127486913   0.0190875876   0.0127078032
   0.8499999971   0.0128839068   0.0200680609   0.0128547351
   0.8549999971   0.0133679059   0.0212959590   0.0133491538
   0.8599999971   0.0143588686   0.0228262602   0.0143493716
   0.8649999971   0.0159439433   0.0246795977   0.0159428194
   0.8699999971   0.0181198049   0.0268294862   0.0181264981
   0.8749999971   0.0208011527   0.0292063044   0.0208153630
   0.8799999970   0.0238533139   0.0317160905   0.0238748315
   0.8849999970   0.0271373567   0.0342670002   0.0271658371
   0.8899999970   0.0305519254   0.0367934725   0.0305866553
   0.8949999970   0.0340569256   0.0392687400   0.0340966362
   0.8999999970   0.0376701234   0.0417001320   0.0377128976
   0.9049999970   0.0414368784   0.0441073960   0.0414801850
   0.9099999969   0.0453826111   0.0464900364   0.0454234730
   0.9149999969   0.0494639830   0.0487934862   0.0494992615
   0.9199999969   0.0535358403   0.0508845064   0.0535625924
   0.9249999969   0.0573462293   0.0525434354   0.0573620797
   0.9299999969   0.0605627620   0.0534757858   0.0605662250
   0.9349999969   0.0628233743   0.0533400390   0.0628140672
   0.9399999968   0.0637966327   0.0517842051   0.0637753401
   0.9449999968   0.0632339463   0.0484821460   0.0632025207
   0.9499999968   0.0609992588   0.0431621117   0.0609603708
   0.9549999968   0.0570697971   0.0356236603   0.0570265753
   0.9599999968   0.0515113353   0.0257436255   0.0514669530
   0.9649999968   0.0444396585   0.0134754120   0.0443969345
   0.9699999967   0.0359836574  -0.0011525538   0.0359447310
   0.9749999967   0.0262636075  -0.0180342856   0.0262297346
   0.9799999967   0.0153916091  -0.0369774784   0.0153631027
   0.9849999967   0.0034924499  -0.0576899616   0.0034687626
   0.9899999967  -0.0092645077  -0.0797657978  -0.0092845831
   0.9949999967  -0.0226357626  -0.1026769304  -0.0226538187
   0.9999999966  -0.0362888635  -0.1257758130  -0.0363065803
   1.0049999966  -0.0498096106  -0.1483123544  -0.0498284831
   1.0099999966  -0.0627311977  -0.1694655305  -0.0627523315
   1.0149999966  -0.0745783855  -0.1883870784  -0.0746023831
   1.0199999966  -0.0849157054  -0.2042525462  -0.0849426520
   1.0249999966  -0.0933884451  -0.2163140109  -0.0934179834
   1.0299999965  -0.0997483921  -0.2239489836  -0.0997798624
   1.0349999965  -0.1038615304  -0.2267010718  -0.1038941447
   1.0399999965  -0.1057001159  -0.2243094356  -0.1057331316
   1.0449999965  -0.1053251011  -0.2167255588  -0.1053579654
   1.0499999965  -0.1028658917  -0.2041171157  -0.1028983348
   1.0549999965  -0.0985030364  -0.1868596526  -0.0985351029
   1.0599999964  -0.0924566260  -0.1655174481  -0.0924886467
   1.0649999964  -0.0849801615  -0.1408153169  -0.0850126778
   1.0699999964  -0.0763575011  -0.1136033489  -0.0763911616
   1.0749999964  -0.0668997418  -0.0848166665  -0.0669351950
   1.0799999964  -0.0569394420  -0.0554322595  -0.0569772466
   1.0849999964  -0.0468209212  -0.0264248771  -0.0468614894
   1.0899999963  -0.0368868180   0.0012761429  -0.0369304012
   1.0949999963  -0.0274621591   0.0268272871  -0.0275088722
   1.0999999963  -0.0188376776   0.0495067164  -0.0188875524
   1.1049999963  -0.0112541370   0.0687437356  -0.0113071890
   1.1099999963  -0.0048892068   0.0841401316  -0.0049454967
   1.1149999963   0.0001517985   0.0954818577   0.0000921213
   1.1199999962   0.0038401877   0.1027400349   0.0037768708
   1.1249999962   0.0062222992   0.1060610065   0.0061550000
   1.1299999962   0.0074116525   0.1057461592   0.0073399765
   1.1349999962   0.0075752647   0.1022232722   0.0074988163
   1.1399999962   0.0069155854   0.0960120720   0.0068340232
   1.1449999962   0.0056505009   0.0876872731   0.0055635868
   1.1499999961   0.0039944313   0.0778425328   0.0039020703
   1.1549999961   0.0021434063   0.0670583885   0.0020456756
   1.1599999961   0.0002660538   0.0558764331   0.0001632241
   1.1649999961  -0.0014991017   0.0447808664  -0.0016065511
   1.1699999961  -0.0030413231   0.0341873512  -0.0031526929
   1.1749999961  -0.0042728856   0.0244380445  -0.0043872533
   1.1799999960  -0.0051248282   0.0158009723  -0.0052410558
   1.1849999960  -0.0055456158   0.0084717143  -0.0056623757
   1.1899999960  -0.0055036742   0.0025756705  -0.0056194949
   1.1949999960  -0.0049929918  -0.0018300989  -0.0051063214
   1.1999999960  -0.0040394891  -0.0047555493  -0.0041487678
   1.2049999960  -0.0027051638  -0.0062760780  -0.0028088896
   1.2099999959  -0.0010873773  -0.0065293845  -0.0011841457
   1.2149999959   0.0006880588  -0.0057093617   0.0005995586
   1.2199999959   0.0024795397  -0.0040560132   0.0024005869
   1.2249999959   0.0041459139  -0.0018411579   0.0040778783
   1.2299999959   0.0055631051   0.0006494109   0.0055076253
   1.2349999959   0.0066378040   0.0031358301   0.0065970043
   1.2399999958   0.0073157629   0.0053641603   0.0072924863
   1.2449999958   0.0075836850   0.0071243886   0.0075817157
   1.2499999958   0.0074652678   0.0082646455   0.0074895207
   1.2549999958   0.0070131624   0.0087003711   0.0070698174
   1.2599999958   0.0062991202   0.0084177920   0.0063956889
   1.2649999958   0.0054043965   0.0074716426   0.0055497116
   1.2699999957   0.0044117567   0.0059775139   0.0046158780
   1.2749999957   0.0033995410   0.0040995330   0.0036735746
   1.2799999957   0.0024375334   0.0020343236   0.0027933586
   1.2849999957   0.0015840485  -0.0000075781   0.0020339487
   1.2899999957   0.0008837220  -0.0018214427   0.0014399159
   1.2949999957   0.0003658046  -0.0032275841   0.0010398782
   1.2999999956   0.0000431047  -0.0040883746   0.0008453524
   1.3049999956  -0.0000880997  -0.0043213531   0.0008505907
   1.3099999956  -0.0000469199  -0.0039070144   0.0010336744
   1.3149999956   0.0001345374  -0.0028903647   0.0013588971
   1.3199999956   0.0004145632  -0.0013759775   0.0017801937
   1.3249999956   0.0007458239   0.0004830021   0.0022452038
   1.3299999955   0.0010795184   0.0025008037   0.0026995683
   1.3349999955   0.0013694669   0.0044783043   0.0030912067
   1.3399999955   0.0015760509   0.0062236678   0.0033744903
   1.3449999955   0.0016699811   0.0075722486   0.0035142783
   1.3499999955   0.0016357418   0.0084037014   0.0034896530
   1.3549999954   0.0014742887   0.0086544538   0.0032969167
   1.3599999954   0.0012043112   0.0083240925   0.0029511475
   1.3649999954   0.0008612884   0.0074747800   0.0024855263
   1.3699999954   0.0004938060   0.0062235486   0.0019478880
   1.3749999954   0.0001571616   0.0047281614   0.0013945092
   1.3799999954  -0.0000949694   0.0031680893   0.0008818943
   1.3849999953  -0.0002193540   0.0017228922   0.0004580020
   1.3899999953  -0.0001906954   0.0005507631   0.0001547171
   1.3949999953  -0.0000061207  -0.0002299308  -0.0000167590
   1.3999999953   0.0003143861  -0.0005536417  -0.0000665516
   1.4049999953   0.0007317035  -0.0004134870  -0.0000226936
   1.4099999953   0.0011945456   0.0001406719   0.0000754629
   1.4149999952   0.0016480664   0.0010113780   0.0001853910
   1.4199999952   0.0020422166   0.0020683759   0.0002692269
   1.4249999952   0.0023382388   0.0031667449   0.0002997091
   1.4299999952   0.0025123482   0.0041657317   0.0002632949
   1.4349999952   0.0025564523   0.0049457595   0.0001603388
   1.4399999952   0.0024764618   0.0054215657   0.0000029197
   1.4449999951   0.0022891375   0.0055501365  -0.0001887061
   1.4499999951   0.0020184473   0.0053329116  -0.0003900223
   1.4549999951   0.0016921524   0.0048124944  -0.0005758016
   1.4599999951   0.0013389577   0.0040647260  -0.0007229337
   1.4649999951   0.0009862357   0.0031874212  -0.0008125215
   1.4699999951   0.0006581669   0.0022873121  -0.0008314036
   1.4749999950   0.0003741731   0.0014668163  -0.0007732434
   1.4799999950   0.0001476559   0.0008121594  -0.0006391894
   1.4849999950  -0.0000147888   0.0003841545  -0.0004379711
   1.4899999950  -0.0001134695   0.0002125864  -0.0001852516
   1.4949999950  -0.0001548826   0.0002946875   0.0000978481
   1.4999999950  -0.0001502489   0.0005976720   0.0003869405
   1.5049999949  -0.0001135807   0.0010647783   0.0006569609
   1.5099999949  -0.0000596753   0.0016238299   0.0008847163
   1.5149999949  -0.0000024139   0.0021970486   0.0010509885
   1.5199999949   0.0000464175   0.0027107767   0.0011419490
   1.5249999949   0.0000777854   0.0031039015   0.0011498796
   1.5299999949   0.0000857257   0.0033340741   0.0010733798
   1.5349999948   0.0000675576   0.0033812085   0.0009173056
   1.5399999948   0.0000241337   0.0032481419   0.0006925985
   1.5449999948  -0.0000399248   0.0029586731   0.0004159716
   1.5499999948  -0.0001162557   0.0025534280   0.0001092311
   1.5549999948  -0.0001933687   0.0020841470  -0.0002020618
   1.5599999948  -0.0002580714   0.0016070602  -0.0004907828
   1.5649999947  -0.0002976723   0.0011760561  -0.0007312190
   1.5699999947  -0.0003025923   0.0008363621  -0.0009024129
   1.5749999947  -0.0002687497   0.0006194356  -0.0009911987
   1.5799999947  -0.0001990122   0.0005396772  -0.0009941774
   1.5849999947  -0.0001031779   0.0005933981  -0.0009180550
   1.5899999947   0.0000036609   0.0007601959  -0.0007781652
   1.5949999946   0.0001040529   0.0010065390  -0.0005954827
   1.5999999946   0.0001817019   0.0012910109  -0.0003928438
   1.6049999946   0.0002246671   0.0015703801  -0.0001912887
   1.6099999946   0.0002274532   0.0018055383  -0.0000073535
   1.6149999946   0.0001915382   0.0019664010   0.0001481929
   1.6199999946   0.0001243469   0.0020351004   0.0002701214
   1.6249999945   0.0000370966   0.0020071452   0.0003574004
   1.6299999945  -0.0000578084   0.0018906035   0.0004113629
   1.6349999945  -0.0001491486   0.0017036804   0.0004340214
   1.6399999945  -0.0002285307   0.0014712704   0.0004269857
   1.6449999945  -0.0002911061   0.0012211197   0.0003911440
   1.6499999945  -0.0003354601   0.0009801726   0.0003269904
   1.6549999944  -0.0003629439   0.0007715333   0.0002353131
   1.6599999944  -0.0003767550   0.0006123019   0.0001179369
   1.6649999944  -0.0003809933   0.0005123874  -0.0000216942
   1.6699999944  -0.0003797982   0.0004742779  -0.0001781772
   1.6749999944  -0.0003765838   0.0004936601  -0.0003440335
   1.6799999944  -0.0003733784   0.0005607175  -0.0005097767
   1.6849999943  -0.0003703246   0.0006618890  -0.0006641766
   1.6899999943  -0.0003654706   0.0007818300  -0.0007947969
   1.6949999943  -0.0003550041   0.0009053071  -0.0008889133
   1.6999999943  -0.0003340182   0.0010187748  -0.0009348583
   1.7049999943  -0.0002977506   0.0011114492  -0.0009236995
   1.7099999943  -0.0002430591   0.0011758044  -0.0008509838
   1.7149999942  -0.0001697576   0.0012075378  -0.0007181560
   1.7199999942  -0.0000814143   0.0012051667  -0.0005332403
   1.7249999942   0.0000146746   0.0011694798  -0.0003105052
   1.7299999942   0.0001083951   0.0011030545  -0.0000690668
   1.7349999942   0.0001884103   0.0010099730   0.0001693391
   1.7399999942   0.0002440397   0.0008957493   0.0003829694
   1.7449999941   0.0002669518   0.0007673548   0.0005525468
   1.7499999941   0.0002522875   0.0006331631   0.0006631518
   1.7549999941   0.0001990430   0.0005026345   0.0007053025
   1.7599999941   0.0001097847   0.0003856468   0.0006752437
   1.7649999941  -0.0000100346   0.0002915037   0.0005746765
   1.7699999941  -0.0001528270   0.0002277886   0.0004102344
   1.7749999940  -0.0003094298   0.0001993064   0.0001929548
   1.7799999940  -0.0004693981   0.0002073639  -0.0000621710
   1.7849999940  -0.0006211508   0.0002495570  -0.0003366761
   1.7899999940  -0.0007522209   0.0003201067  -0.0006093498
   1.7949999940  -0.0008498697   0.0004106494  -0.0008574512
   1.7999999940  -0.0009021956   0.0005112947  -0.0010585003
   1.8049999939  -0.0008996663   0.0006117350  -0.0011925324
   1.8099999939  -0.0008367995   0.0007022295  -0.0012444953
   1.8149999939  -0.0007135944   0.0007743670  -0.0012063469
   1.8199999939  -0.0005363328   0.0008215932  -0.0010784211
   1.8249999939  -0.0003174988   0.0008395474  -0.0008697724
   1.8299999939  -0.0000747813   0.0008262597  -0.0005974269
   1.8349999938   0.0001706712   0.0007822399  -0.0002846906
   1.8399999938   0.0003964347   0.0007104436   0.0000411824
   1.8449999938   0.0005810913   0.0006160793   0.0003516099
   1.8499999938   0.0007063255   0.0005062207   0.0006192816
   1.8549999938   0.0007586581   0.0003892236   0.0008205265
   1.8599999938   0.0007307407   0.0002739983   0.0009373246
   1.8649999937   0.0006221786   0.0001692310   0.0009588830
   1.8699999937   0.0004398483   0.0000826590   0.0008826907
   1.8749999937   0.0001976388   0.0000204871   0.0007149316
   1.8799999937  -0.0000844656  -0.0000130163   0.0004701260
   1.8849999937  -0.0003820035  -0.0000157554   0.0001699175
   1.8899999937  -0.0006682875   0.0000120823  -0.0001589607
   1.8949999936  -0.0009170749   0.0000679985  -0.0004873453
   1.8999999936  -0.0011053087   0.0001472283  -0.0007865862
   1.9049999936  -0.0012155165   0.0002428942  -0.0010313476
   1.9099999936  -0.0012374975   0.0003463363  -0.0012018685
   1.9149999936  -0.0011690716   0.0004476885  -0.0012854113
   1.9199999936  -0.0010158666   0.0005367265  -0.0012768197
   1.9249999935  -0.0007903174   0.0006039362  -0.0011782986
   1.9299999935  -0.0005101725   0.0006416666  -0.0009986519
   1.9349999935  -0.0001968264   0.0006451702  -0.0007522440
   1.9399999935   0.0001262901   0.0006133203  -0.0004578754
   1.9449999935   0.0004351610   0.0005488426  -0.0001376410
   1.9499999935   0.0007065152   0.0004579934   0.0001842805
   1.9549999934   0.0009191384   0.0003497364   0.0004830155
   1.9599999934   0.0010552556   0.0002345710   0.0007346428
   1.9649999934   0.0011019767   0.0001232316   0.0009180760
   1.9699999934   0.0010526775   0.0000254744   0.0010170219
   1.9749999934   0.0009080819  -0.0000508759   0.0010217467
   1.9799999934   0.0006767873  -0.0001005305   0.0009303443
   1.9849999933   0.0003750300  -0.0001209856   0.0007492515
   1.9899999933   0.0000256165  -0.0001124682   0.0004928846
   1.9949999933  -0.0003438979  -0.0000776586   0.0001824226
   1.9999999933  -0.0007035688  -0.0000212605  -0.0001560906
   2.0049999933  -0.0010236736   0.0000505279  -0.0004940764
   2.0099999933  -0.0012772831   0.0001306114  -0.0008029151
   2.0149999932  -0.0014425585   0.0002116337  -0.0010563731
   2.0199999932  -0.0015046091   0.0002866112  -0.0012327907
   2.0249999932  -0.0014568090   0.0003495074  -0.0013169041
   2.0299999932  -0.0013015040   0.0003956810  -0.0013011967
   2.0349999932  -0.0010500459   0.0004221524  -0.0011866660
   2.0399999931  -0.0007220964   0.0004276711  -0.0009828969
   2.0449999931  -0.0003441752   0.0004126039  -0.0007073535
   2.0499999931   0.0000525038   0.0003787097  -0.0003838794
   2.0549999931   0.0004347547   0.0003288734  -0.0000405063
   2.0599999931   0.0007704323   0.0002668622   0.0002931989
   2.0649999931   0.0010313868   0.0001971235   0.0005889264
   2.0699999930   0.0011959977   0.0001246029   0.0008222004
   2.0749999930   0.0012509902   0.0000545270   0.0009744338
   2.0799999930   0.0011923696  -0.0000079008   0.0010342741
   2.0849999930   0.0010254634  -0.0000579113   0.0009981933
   2.0899999930   0.0007641947  -0.0000916538   0.0008704045
   2.0949999930   0.0004297791  -0.0001066691   0.0006622508
   2.0999999929   0.0000490354  -0.0001022391   0.0003912127
   2.1049999929  -0.0003475524  -0.0000795169   0.0000796274
   2.1099999929  -0.0007279551  -0.0000413838  -0.0002468547
   2.1149999929  -0.0010608734   0.0000079454  -0.0005610862
   2.1199999929  -0.0013181224   0.0000634854  -0.0008364978
   2.1249999929  -0.0014770126   0.0001200897  -0.0010493473
   2.1299999928  -0.0015225189   0.0001729847  -0.0011809459
   2.1349999928  -0.0014489581   0.0002181447  -0.0012195863
   2.1399999928  -0.0012608861   0.0002524842  -0.0011618664
   2.1449999928  -0.0009729982   0.0002738993  -0.0010131647
   2.1499999928  -0.0006089614   0.0002812258  -0.0007871487
   2.1549999928  -0.0001992814   0.0002741835  -0.0005043683
   2.1599999927   0.0002215303   0.0002533495  -0.0001901404
   2.1649999927   0.0006181304   0.0002201596   0.0001279678
   2.1699999927   0.0009574821   0.0001769035   0.0004227260
   2.1749999927   0.0012116379   0.0001266582   0.0006696135
   2.1799999927   0.0013599494   0.0000731207   0.0008487843
   2.1849999927   0.0013905922   0.0000203301   0.0009465228
   2.1899999926   0.0013013682  -0.0000276886   0.0009561592
   2.1949999926   0.0010997912  -0.0000672984   0.0008784432
   2.1999999926   0.0008024665  -0.0000955743   0.0007213748
   2.2049999926   0.0004337848  -0.0001105278   0.0004994884
   2.2099999926   0.0000239739  -0.0001112149   0.0002325980
   2.2149999926  -0.0003933906  -0.0000977483  -0.0000559403
   2.2199999925  -0.0007842321  -0.0000712488  -0.0003413213
   2.2249999925  -0.0011169138  -0.0000337742  -0.0005995368
   2.2299999925  -0.0013649601   0.0000117660  -0.0008095191
   2.2349999925  -0.0015092554   0.0000617244  -0.0009549304
   2.2399999925  -0.0015394868   0.0001118989  -0.0010253975
   2.2449999925  -0.0014547179   0.0001578200  -0.0010170953
   2.2499999924  -0.0012631116   0.0001951520  -0.0009326913
   2.2549999924  -0.0009809316   0.0002201748  -0.0007807588
   2.2599999924  -0.0006310127   0.0002302678  -0.0005748101
   2.2649999924  -0.0002408924   0.0002242978  -0.0003320996
   2.2699999924   0.0001592405   0.0002028165  -0.0000723023
   2.2749999924   0.0005386760   0.0001680141   0.0001838753
   2.2799999923   0.0008683240   0.0001234294   0.0004161332
   2.2849999923   0.0011227998   0.0000734763   0.0006060390
   2.2899999923   0.0012823533   0.0000228829   0.0007384553
   2.2949999923   0.0013344980  -0.0000238527   0.0008028237
   2.2999999923   0.0012751627  -0.0000629050   0.0007941580
   2.3049999923   0.0011091950  -0.0000914180   0.0007135930
   2.3099999922   0.0008501034  -0.0001076522   0.0005683789
   2.3149999922   0.0005190128  -0.0001110058   0.0003712844
   2.3199999922   0.0001429203  -0.0001019496   0.0001394652
   2.3249999922  -0.0002475719  -0.0000819027  -0.0001070721
   2.3299999922  -0.0006208144  -0.0000530680  -0.0003472345
   2.3349999922  -0.0009467156  -0.0000182299  -0.0005606548
   2.3399999921  -0.0011991749   0.0000194819  -0.0007293970
   2.3449999921  -0.0013581660   0.0000568542  -0.0008394332
   2.3499999921  -0.0014113344   0.0000908562  -0.0008818020
   2.3549999921  -0.0013549995   0.0001188773  -0.0008533740
   2.3599999921  -0.0011944784   0.0001389090  -0.0007571556
   2.3649999921  -0.0009436745   0.0001496510  -0.0006020726
   2.3699999920  -0.0006239198   0.0001505446  -0.0004022083
   2.3749999920  -0.0002621360   0.0001417509  -0.0001755237
   2.3799999920   0.0001115367   0.0001241012   0.0000578323
   2.3849999920   0.0004664061   0.0000990385   0.0002774437
   2.3899999920   0.0007739021   0.0000685552   0.0004645461
   2.3949999920   0.0010099654   0.0000351104   0.0006037093
   2.3999999919   0.0011569125   0.0000014974   0.0006840936
   2.4049999919   0.0012046309  -0.0000293620   0.0007001762
   2.4099999919   0.0011510697  -0.0000546998   0.0006519409
   2.4149999919   0.0010020842  -0.0000722318   0.0005446045
   2.4199999919   0.0007707443  -0.0000804757   0.0003879943
   2.4249999919   0.0004762240  -0.0000789828   0.0001956872
   2.4299999918   0.0001423652  -0.0000684143  -0.0000160179
   2.4349999918  -0.0002040305  -0.0000504319  -0.0002292625
   2.4399999918  -0.0005351388  -0.0000274146  -0.0004259222
   2.4449999918  -0.0008242219  -0.0000020648  -0.0005890158
   2.4499999918  -0.0010477943   0.0000230040  -0.0007041641
   2.4549999918  -0.0011876705   0.0000456046  -0.0007609747
   2.4599999917  -0.0012326634   0.0000641728  -0.0007541745
   2.4649999917  -0.0011796986   0.0000778016  -0.0006842985
   2.4699999917  -0.0010341618   0.0000861434  -0.0005577841
   2.4749999917  -0.0008093941   0.0000892424  -0.0003864089
   2.4799999917  -0.0005253852   0.0000873691  -0.0001861185
   2.4849999917  -0.0002068307   0.0000809114   0.0000246015
   2.4899999916   0.0001191939   0.0000703439   0.0002265844
   2.4949999916   0.0004256632   0.0000562600   0.0004018330
   2.4999999916   0.0006878847   0.0000394266   0.0005351521
   2.5049999916   0.0008854439   0.0000208201   0.0006154182
   2.5099999916   0.0010036950   0.0000016120   0.0006364144
   2.5149999916   0.0010347392  -0.0000168992   0.0005972137
   2.5199999915   0.0009778693  -0.0000333933   0.0005021287
   2.5249999915   0.0008394745  -0.0000466449   0.0003602557
   2.5299999915   0.0006324123  -0.0000556238   0.0001846460
   2.5349999915   0.0003748731  -0.0000595710  -0.0000088490
   2.5399999915   0.0000888054  -0.0000580537  -0.0002029888
   2.5449999915  -0.0002019760  -0.0000510112  -0.0003806948
   2.5499999914  -0.0004738260  -0.0000387992  -0.0005265938
   2.5549999914  -0.0007052416  -0.0000222289  -0.0006283811
   2.5599999914  -0.0008785682  -0.0000025777  -0.0006778523
   2.5649999914  -0.0009812844   0.0000184542  -0.0006714963
   2.5699999914  -0.0010067777   0.0000388681  -0.0006106163
   2.5749999914  -0.0009546035   0.0000565728  -0.0005010198
   2.5799999913  -0.0008302816   0.0000696510  -0.0003523669
   2.5849999913  -0.0006447103   0.0000766351  -0.0001772904
   2.5899999913  -0.0004132775   0.0000767340   0.0000096176
   2.5949999913  -0.0001547264   0.0000699547   0.0001928860
   2.5999999913   0.0001101906   0.0000570915   0.0003572807
   2.6049999913   0.0003602335   0.0000395869   0.0004889332
   2.6099999912   0.0005753117   0.0000193016   0.0005764467
   2.6149999912   0.0007381312  -0.0000017490   0.0006119086
   2.6199999912   0.0008356988  -0.0000216351   0.0005917020
   2.6249999912   0.0008605064  -0.0000386913   0.0005169909
   2.6299999912   0.0008112345  -0.0000516200   0.0003937729
   2.6349999912   0.0006928649  -0.0000595334   0.0002324418
   2.6399999911   0.0005161821  -0.0000619609   0.0000468842
   2.6449999911   0.0002967288  -0.0000588484  -0.0001467926
   2.6499999911   0.0000533592  -0.0000505610  -0.0003317427
   2.6549999911  -0.0001934360  -0.0000378808  -0.0004918955
   2.6599999911  -0.0004232544  -0.0000219807  -0.0006133427
   2.6649999911  -0.0006174137  -0.0000043490  -0.0006854792
   2.6699999910  -0.0007603873   0.0000133436  -0.0007018333
   2.6749999910  -0.0008409756   0.0000294250  -0.0006605639
   2.6799999910  -0.0008531595   0.0000424193  -0.0005646192
   2.6849999910  -0.0007965866   0.0000512190  -0.0004215583
   2.6899999910  -0.0006766347   0.0000551950  -0.0002430296
   2.6949999909  -0.0005040078   0.0000542270  -0.0000439065
   2.6999999909  -0.0002938519   0.0000486575   0.0001588960
   2.7049999909  -0.0000644366   0.0000391982   0.0003478565
   2.7099999909   0.0001644887   0.0000268209   0.0005064139
   2.7149999909   0.0003734874   0.0000126618   0.0006204999
   2.7199999909   0.0005451768  -0.0000020521   0.0006798587
   2.7249999908   0.0006657195  -0.0000160623   0.0006789934
   2.7299999908   0.0007259173  -0.0000281447   0.0006176360
   2.7349999908   0.0007218302  -0.0000372005   0.0005007113
   2.7399999908   0.0006549156  -0.0000423741   0.0003378372
   2.7449999908   0.0005317372  -0.0000431807   0.0001424543
   2.7499999908   0.0003633186  -0.0000396075  -0.0000693016
   2.7549999907   0.0001642166  -0.0000321519  -0.0002798817
   2.7599999907  -0.0000486286  -0.0000217695  -0.0004716779
   2.7649999907  -0.0002572149  -0.0000097325  -0.0006283852
   2.7699999907  -0.0004439186   0.0000025739  -0.0007363126
   2.7749999907  -0.0005929671   0.0000138677  -0.0007855652
   2.7799999907  -0.0006918276   0.0000231476  -0.0007709978
   2.7849999906  -0.0007323615   0.0000297918  -0.0006928221
   2.7899999906  -0.0007115966   0.0000335650  -0.0005567611
   2.7949999906  -0.0006320022   0.0000345487  -0.0003736815
   2.7999999906  -0.0005012161   0.0000330321  -0.0001587069
   2.8049999906  -0.0003312595   0.0000294034   0.0000701086
   2.8099999906  -0.0001373456   0.0000240732   0.0002933986
   2.8149999905   0.0000635585   0.0000174436   0.0004922089
   2.8199999905   0.0002542495   0.0000099124   0.0006496406
   2.8249999905   0.0004187348   0.0000018914   0.0007522614
   2.8299999905   0.0005435025  -0.0000061834   0.0007911795
   2.8349999905   0.0006185476  -0.0000138625   0.0007627315
   2.8399999905   0.0006381137  -0.0000207124   0.0006687648
   2.8449999904   0.0006011219  -0.0000263513   0.0005165169
   2.8499999904   0.0005112548  -0.0000304709   0.0003180959
   2.8549999904   0.0003766656  -0.0000328387   0.0000895751
   2.8599999904   0.0002093000  -0.0000332810  -0.0001502676
   2.8649999904   0.0000238546  -0.0000316651  -0.0003814936
   2.8699999904  -0.0001635471  -0.0000279024  -0.0005847146
   2.8749999903  -0.0003368288  -0.0000219852  -0.0007428029
   2.8799999903  -0.0004814158  -0.0000140566  -0.0008424165
   2.8849999903  -0.0005854979  -0.0000044919  -0.0008751606
   2.8899999903  -0.0006409655   0.0000060448  -0.0008382614
   2.8949999903  -0.0006439417   0.0000166035  -0.0007346973
   2.8999999903  -0.0005949082   0.0000260324  -0.0005728172
   2.9049999902  -0.0004984778   0.0000331390  -0.0003655357
   2.9099999902  -0.0003628947   0.0000368954  -0.0001292291
   2.9149999902  -0.0001993439   0.0000366370   0.0001175472
   2.9199999902  -0.0000211248   0.0000322034   0.0003554222
   2.9249999902   0.0001572844   0.0000239819   0.0005655906
   2.9299999902   0.0003212564   0.0000128461   0.0007311642
   2.9349999901   0.0004571177   0.0000000082   0.0008384455
   2.9399999901   0.0005532696  -0.0000131723   0.0008780533
   2.9449999901   0.0006012310  -0.0000253770   0.0008458008
   2.9499999901   0.0005964824  -0.0000354759   0.0007432142
   2.9549999901   0.0005389824  -0.0000426176   0.0005775902
   2.9599999901   0.0004332666  -0.0000462661   0.0003615360
   2.9649999900   0.0002880936  -0.0000462026   0.0001120036
   2.9699999900   0.0001156757  -0.0000425133  -0.0001510956
   2.9749999900  -0.0000694075  -0.0000355732  -0.0004065509
   2.9799999900  -0.0002514831  -0.0000260267  -0.0006336115
   2.9849999900  -0.0004151096  -0.0000147505  -0.0008136769
   2.9899999900  -0.0005463408  -0.0000027873  -0.0009317785
   2.9949999899  -0.0006338444   0.0000087549  -0.0009777573
   2.9999999899  -0.0006698203   0.0000188272  -0.0009470785
   3.0049999899  -0.0006506723   0.0000265663  -0.0008412447
   3.0099999899  -0.0005773854   0.0000313918  -0.0006677825
   3.0149999899  -0.0004555585   0.0000330532  -0.0004397775
   3.0199999899  -0.0002950465   0.0000316182  -0.0001749528
   3.0249999898  -0.0001091973   0.0000274128   0.0001056821
   3.0299999898   0.0000862826   0.0000209394   0.0003795308
   3.0349999898   0.0002747360   0.0000128031   0.0006243194
   3.0399999898   0.0004400855   0.0000036650   0.0008200236
   3.0449999898   0.0005683053  -0.0000057717   0.0009506086
   3.0499999898   0.0006486617  -0.0000147593   0.0010053909
   3.0549999897   0.0006745929  -0.0000225110   0.0009798880
   3.0599999897   0.0006441636  -0.0000282407   0.0008761020
   3.0649999897   0.0005600999  -0.0000312449   0.0007022532
   3.0699999897   0.0004294577  -0.0000310176   0.0004720438
   3.0749999897   0.0002630012  -0.0000273672   0.0002035544
   3.0799999897   0.0000743626  -0.0000204945  -0.0000821235
   3.0849999896  -0.0001209655  -0.0000110008  -0.0003624334
   3.0899999896  -0.0003067688   0.0000001893  -0.0006150041
   3.0949999896  -0.0004673471   0.0000119756  -0.0008193345
   3.0999999896  -0.0005887898   0.0000232638  -0.0009584200
   3.1049999896  -0.0006601983   0.0000331329  -0.0010202016
   3.1099999896  -0.0006747322   0.0000409462  -0.0009986914
   3.1149999895  -0.0006303393   0.0000463836  -0.0008946313
   3.1199999895  -0.0005300547   0.0000494000  -0.0007155727
   3.1249999895  -0.0003818020   0.0000501370  -0.0004753312
   3.1299999895  -0.0001977064   0.0000488262  -0.0001928535
   3.1349999895   0.0000069988   0.0000457174   0.0001093835
   3.1399999895   0.0002153338   0.0000410497   0.0004072667
   3.1449999894   0.0004100421   0.0000350625   0.0006770326
   3.1499999894   0.0005750200   0.0000280252   0.0008971629
   3.1549999894   0.0006965900   0.0000202638   0.0010500418
   3.1599999894   0.0007645439   0.0000121642   0.0011232762
   3.1649999894   0.0007729115   0.0000041503   0.0011106178
   3.1699999894   0.0007204292  -0.0000033544   0.0010124484
   3.1749999893   0.0006106802  -0.0000099628   0.0008357983
   3.1799999893   0.0004518801  -0.0000153455   0.0005938791
   3.1849999893   0.0002562897  -0.0000192334   0.0003051281
   3.1899999893   0.0000392637  -0.0000214118  -0.0000081990
   3.1949999893  -0.0001820054  -0.0000217232  -0.0003217969
   3.1999999893  -0.0003899434  -0.0000200944  -0.0006112931
   3.2049999892  -0.0005680963  -0.0000165899  -0.0008542534
   3.2099999892  -0.0007025164  -0.0000114770  -0.0010320081
   3.2149999892  -0.0007828819  -0.0000052753  -0.0011311169
   3.2199999892  -0.0008032535   0.0000012411  -0.0011443521
   3.2249999892  -0.0007624309   0.0000071097  -0.0010711450
   3.2299999892  -0.0006639279   0.0000113132  -0.0009175106
   3.2349999891  -0.0005156240   0.0000129549  -0.0006955106
   3.2399999891  -0.0003291552   0.0000114343  -0.0004223314
   3.2449999891  -0.0001190966   0.0000065739  -0.0001190504
   3.2499999891   0.0000980327  -0.0000013371   0.0001908481
   3.2549999891   0.0003049209  -0.0000115934   0.0004831507
   3.2599999891   0.0004847407  -0.0000232021   0.0007347125
   3.2649999890   0.0006224873  -0.0000350502   0.0009252719
   3.2699999890   0.0007062751  -0.0000460663   0.0010391386
   3.2749999890   0.0007284531  -0.0000553395   0.0010665850
   3.2799999890   0.0006863951  -0.0000621793   0.0010047768
   3.2849999890   0.0005828458  -0.0000661221   0.0008581138
   3.2899999890   0.0004257590  -0.0000669090   0.0006379231
   3.2949999889   0.0002276439  -0.0000644617   0.0003615334
   3.2999999889   0.0000044971  -0.0000588754   0.0000508356
   3.3049999889  -0.0002255460  -0.0000504319  -0.0002695112
   3.3099999889  -0.0004436970  -0.0000396171  -0.0005740479
   3.3149999889  -0.0006320023  -0.0000271215  -0.0008384911
   3.3199999889  -0.0007747289  -0.0000138031  -0.0010415776
   3.3249999888  -0.0008595735  -0.0000006081  -0.0011666719
   3.3299999888  -0.0008786368   0.0000115387  -0.0012030512
   3.3349999888  -0.0008291114   0.0000218463  -0.0011467929
   3.3399999888  -0.0007136242   0.0000297432  -0.0010011895
   3.3449999888  -0.0005401739   0.0000349161  -0.0007766260
   3.3499999888  -0.0003216224   0.0000372959  -0.0004898821
   3.3549999887  -0.0000747378   0.0000370074  -0.0001628718
   3.3599999887   0.0001811547   0.0000343082   0.0001790978
   3.3649999887   0.0004257930   0.0000295419   0.0005093975
   3.3699999887   0.0006397035   0.0000231201   0.0008022733
   3.3749999887   0.0008058433   0.0000155280   0.0010349465
   3.3799999886   0.0009109905   0.0000073362   0.0011894152
   3.3849999886   0.0009467610  -0.0000008066   0.0012538070
   3.3899999886   0.0009101921  -0.0000082175   0.0012232025
   3.3949999886   0.0008038897  -0.0000142604   0.0010999105
   3.3999999886   0.0006357753  -0.0000184455   0.0008932268
   3.4049999886   0.0004184840  -0.0000205173   0.0006187237
   3.4099999885   0.0001684590  -0.0000204999   0.0002971268
   3.4149999885  -0.0000952154  -0.0000186808  -0.0000471677
   3.4199999885  -0.0003522012  -0.0000155359  -0.0003878694
   3.4249999885  -0.0005824495  -0.0000116193  -0.0006987743
   3.4299999885  -0.0007678022  -0.0000074526  -0.0009558171
   3.4349999885  -0.0008935141  -0.0000034493  -0.0011390269
   3.4399999884  -0.0009495393   0.0000001094  -0.0012341936
   3.4449999884  -0.0009314278   0.0000030474  -0.0012340661
   3.4499999884  -0.0008407211   0.0000052371  -0.0011389471
   3.4549999884  -0.0006847994   0.0000065473  -0.0009566252
   3.4599999884  -0.0004762114   0.0000068206  -0.0007016693
   3.4649999884  -0.0002315800   0.0000058946  -0.0003941832
   3.4699999883   0.0000297811   0.0000036588  -0.0000581660
   3.4749999883   0.0002873974   0.0000001229   0.0002803617
   3.4799999883   0.0005211865  -0.0000045328   0.0005953180
   3.4849999883   0.0007129362  -0.0000099486   0.0008624804
   3.4899999883   0.0008476368  -0.0000156242   0.0010612649
   3.4949999883   0.0009146061  -0.0000209932   0.0011762673
   3.4999999882   0.0009083426  -0.0000255082   0.0011984708
   3.5049999882   0.0008290334  -0.0000287097   0.0011260173
   3.5099999882   0.0006826446  -0.0000302610   0.0009644492
   3.5149999882   0.0004805422  -0.0000299497   0.0007263560
   3.5199999882   0.0002386366  -0.0000276683   0.0004304190
   3.5249999882  -0.0000238954  -0.0000233987   0.0000999165
   3.5299999881  -0.0002861926  -0.0000172176  -0.0002391738
   3.5349999881  -0.0005274335  -0.0000093275  -0.0005602863
   3.5399999881  -0.0007285234  -0.0000001007  -0.0008383839
   3.5449999881  -0.0008735839   0.0000098882  -0.0010518878
   3.5499999881  -0.0009511284   0.0000198701  -0.0011842720
   3.5549999881  -0.0009548618   0.0000289441  -0.0012252321
   3.5599999880  -0.0008840886   0.0000361930  -0.0011713864
   3.5649999880  -0.0007437425   0.0000408258  -0.0010265023
   3.5699999880  -0.0005440573   0.0000423116  -0.0008012515
   3.5749999880  -0.0002998947   0.0000404677  -0.0005125030
   3.5799999880  -0.0000297432   0.0000354781  -0.0001821678
   3.5849999880   0.0002455895   0.0000278432   0.0001643709
   3.5899999879   0.0005045329   0.0000182790   0.0005001654
   3.5949999879   0.0007264604   0.0000076004   0.0007988216
   3.5999999879   0.0008933988  -0.0000033798   0.0010366481
   3.6049999879   0.0009915691  -0.0000139163   0.0011946281
   3.6099999879   0.0010125881  -0.0000233580   0.0012600105
   3.6149999879   0.0009541978  -0.0000311528   0.0012273571
   3.6199999878   0.0008204512  -0.0000368491   0.0010989526
   3.6249999878   0.0006213578  -0.0000401125   0.0008845657
   3.6299999878   0.0003720503  -0.0000407608   0.0006006172
   3.6349999878   0.0000915769  -0.0000388059   0.0002688628
   3.6399999878  -0.0001985627  -0.0000344804  -0.0000852846
   3.6449999878  -0.0004760287  -0.0000282309  -0.0004346642
   3.6499999877  -0.0007193006  -0.0000206666  -0.0007523892
   3.6549999877  -0.0009092960  -0.0000124720  -0.0010138654
   3.6599999877  -0.0010308545  -0.0000043066  -0.0011986827
   3.6649999877  -0.0010739817   0.0000032787  -0.0012922432
   3.6699999877  -0.0010347381   0.0000098861  -0.0012869839
   3.6749999877  -0.0009156639   0.0000152655  -0.0011830583
   3.6799999876  -0.0007256628   0.0000192713  -0.0009883835
   3.6849999876  -0.0004793231   0.0000218068  -0.0007180204
   3.6899999876  -0.0001957280   0.0000227840  -0.0003929355
   3.6949999876   0.0001031274   0.0000221218  -0.0000382703
   3.6999999876   0.0003941427   0.0000197841   0.0003187010
   3.7049999876   0.0006549571   0.0000158426   0.0006507246
   3.7099999875   0.0008656663   0.0000105346   0.0009326391
   3.7149999875   0.0010102815   0.0000042854   0.0011432158
   3.7199999875   0.0010778517  -0.0000023215   0.0012666620
   3.7249999875   0.0010632103  -0.0000086264   0.0012937218
   3.7299999875   0.0009673303  -0.0000140035   0.0012223326
   3.7349999875   0.0007972801  -0.0000179681   0.0010578075
   3.7399999874   0.0005657710  -0.0000202461   0.0008125144
   3.7449999874   0.0002902957  -0.0000207896   0.0005050401
   3.7499999874  -0.0000081248  -0.0000197393   0.0001588538
   3.7549999874  -0.0003065244  -0.0000173544  -0.0001994638
   3.7599999874  -0.0005817948  -0.0000139399  -0.0005422995
   3.7649999874  -0.0008125525  -0.0000097980  -0.0008432166
   3.7699999873  -0.0009808849  -0.0000052149  -0.0010790815
   3.7749999873  -0.0010737992  -0.0000004788  -0.0012319025
   3.7799999873  -0.0010842338   0.0000040925  -0.0012902093
   3.7849999873  -0.0010115508   0.0000081389  -0.0012498689
   3.7899999873  -0.0008614992   0.0000112750  -0.0011143001
   3.7949999873  -0.0006456889   0.0000131422  -0.0008941153
   3.7999999872  -0.0003806562   0.0000134775  -0.0006062541
   3.8049999872  -0.0000866096   0.0000121768  -0.0002726963
   3.8099999872   0.0002140548   0.0000093272   0.0000811565
   3.8149999872   0.0004983853   0.0000051975   0.0004283390
   3.8199999872   0.0007445705   0.0000001890   0.0007423189
   3.8249999872   0.0009335977  -0.0000052340   0.0009990107
   3.8299999871   0.0010507565  -0.0000106095   0.0011786609
   3.8349999871   0.0010868524  -0.0000155194   0.0012674402
   3.8399999871   0.0010390010  -0.0000196010   0.0012585841
   3.8449999871   0.0009109020  -0.0000225372   0.0011529541
   3.8499999871   0.0007125499  -0.0000240450   0.0009589551
   3.8549999871   0.0004594042  -0.0000238832   0.0006918169
   3.8599999870   0.0001711119  -0.0000218885   0.0003723267
   3.8649999870  -0.0001300794  -0.0000180351   0.0000251486
   3.8699999870  -0.0004210599  -0.0000124962  -0.0003231001
   3.8749999870  -0.0006795987  -0.0000056791  -0.0006458574
   3.8799999870  -0.0008859668   0.0000017898  -0.0009185669
   3.8849999870  -0.0010243542   0.0000091376  -0.0011204587
   3.8899999869  -0.0010840169   0.0000155647  -0.0012360691
   3.8949999869  -0.0010600966   0.0000203794  -0.0012564158
   3.8999999869  -0.0009540617   0.0000231127  -0.0011797448
   3.9049999869  -0.0007737105   0.0000235804  -0.0010117717
   3.9099999869  -0.0005326957   0.0000218798  -0.0007653525
   3.9149999869  -0.0002495602   0.0000183284  -0.0004595666
   3.9199999868   0.0000536743   0.0000133693  -0.0001182501
   3.9249999868   0.0003532610   0.0000074774   0.0002319086
   3.9299999868   0.0006256641   0.0000010942   0.0005635370
   3.9349999868   0.0008494872  -0.0000053974   0.0008508004
   3.9399999868   0.0010072010  -0.0000116624   0.0010714614
   3.9449999868   0.0010865135  -0.0000173881   0.0012085955
   3.9499999867   0.0010812764  -0.0000222660   0.0012518320
   3.9549999867   0.0009918835  -0.0000259972   0.0011980557
   3.9599999867   0.0008251699  -0.0000283254   0.0010515539
   3.9649999867   0.0005938510  -0.0000290821   0.0008236367
   3.9699999867   0.0003155603  -0.0000282262   0.0005317718
   3.9749999867   0.0000115497  -0.0000258581   0.0001982939
   3.9799999866  -0.0002948773  -0.0000222004  -0.0001512453
   3.9849999866  -0.0005801137  -0.0000175530  -0.0004899934
   3.9899999866  -0.0008220676  -0.0000122399  -0.0007918584
   3.9949999866  -0.0010019124  -0.0000065697  -0.0010335574
   3.9999999866  -0.0011056136  -0.0000008239  -0.0011964746
   4.0049999866  -0.0011250791   0.0000047264  -0.0012681505
   4.0099999865  -0.0010588104   0.0000097907  -0.0012432551
   4.0149999865  -0.0009119908   0.0000140368  -0.0011239551
   4.0199999865  -0.0006960101   0.0000170994  -0.0009196582
   4.0249999865  -0.0004274964   0.0000186259  -0.0006461861
   4.0299999865  -0.0001269671   0.0000183511  -0.0003244824
   4.0349999864   0.0001827634   0.0000161778   0.0000210137
   4.0399999864   0.0004782877   0.0000122335   0.0003641927
   4.0449999864   0.0007373080   0.0000068781   0.0006791774
   4.0499999864   0.0009402413   0.0000006568   0.0009421958
   4.0549999864   0.0010716493  -0.0000057919   0.0011333225
   4.0599999864   0.0011214093  -0.0000118448   0.0012379869
   4.0649999863   0.0010855434  -0.0000169876   0.0012481359
   4.0699999863   0.0009666186  -0.0000208681   0.0011629389
   4.0749999863   0.0007736486  -0.0000232996   0.0009889431
   4.0799999863   0.0005214651  -0.0000242249   0.0007396256
   4.0849999863   0.0002295844  -0.0000236648   0.0004343565
   4.0899999863  -0.0000793431  -0.0000216757   0.0000968523
   4.0949999862  -0.0003813547  -0.0000183373  -0.0002467304
   4.0999999862  -0.0006530898  -0.0000137714  -0.0005698780
   4.1049999862  -0.0008736167  -0.0000081790  -0.0008477846
   4.1099999862  -0.0010260165  -0.0000018725  -0.0010592257
   4.1149999862  -0.0010986142   0.0000047187  -0.0011881102
   4.1199999862  -0.0010857907   0.0000110825  -0.0012246225
   4.1249999861  -0.0009883544   0.0000166914  -0.0011659078
   4.1299999861  -0.0008134693   0.0000210860  -0.0010162749
   4.1349999861  -0.0005741535   0.0000239476  -0.0007869101
   4.1399999861  -0.0002883682   0.0000251388  -0.0004951024
   4.1449999861   0.0000222664   0.0000247019  -0.0001630065
   4.1499999861   0.0003340674   0.0000228223   0.0001839986
   4.1549999860   0.0006230946   0.0000197742   0.0005192518
   4.1599999860   0.0008670290   0.0000158711   0.0008169022
   4.1649999860   0.0010469566   0.0000114366   0.0010539671
   4.1699999860   0.0011488850   0.0000067988   0.0012121613
   4.1749999860   0.0011648491   0.0000022970   0.0012793261
   4.1799999860   0.0010935033  -0.0000017156   0.0012503348
   4.1849999859   0.0009401676  -0.0000048896   0.0011274159
   4.1899999859   0.0007163503  -0.0000069228   0.0009198982
   4.1949999859   0.0004388192  -0.0000076203   0.0006434364
   4.1999999859   0.0001283185  -0.0000069491   0.0003188003
   4.2049999859  -0.0001919668  -0.0000050661  -0.0000296704
   4.2099999859  -0.0004980978  -0.0000023011  -0.0003758472
   4.2149999858  -0.0007671268   0.0000009040  -0.0006937275
   4.2199999858  -0.0009787995   0.0000040848  -0.0009593712
   4.2249999858  -0.0011171078   0.0000068447  -0.0011527311
   4.2299999858  -0.0011715694   0.0000089180  -0.0012592369
   4.2349999858  -0.0011381132   0.0000101863  -0.0012709836
   4.2399999858  -0.0010194642   0.0000106505  -0.0011873986
   4.2449999857  -0.0008249659   0.0000103712  -0.0010153018
   4.2499999857  -0.0005698384   0.0000094080  -0.0007683423
   4.2549999857  -0.0002739371   0.0000077820  -0.0004658629
   4.2599999857   0.0000398625   0.0000054756  -0.0001313138
   4.2649999857   0.0003474917   0.0000024686   0.0002096241
   4.2699999857   0.0006255580  -0.0000012079   0.0005310326
   4.2749999856   0.0008531021  -0.0000054257   0.0008087019
   4.2799999856   0.0010131240  -0.0000099432   0.0010218962
   4.2849999856   0.0010937906  -0.0000144278   0.0011548374
   4.2899999856   0.0010892698  -0.0000185112   0.0011978291
   4.2949999856   0.0010001512  -0.0000218576   0.0011479628
   4.2999999856   0.0008334237  -0.0000242197   0.0010093542
   4.3049999855   0.0006019956  -0.0000254665   0.0007928742
   4.3099999855   0.0003237612  -0.0000255760   0.0005153646
   4.3149999855   0.0000202569  -0.0000246026   0.0001983688
   4.3199999855  -0.0002850041  -0.0000226388  -0.0001335399
   4.3249999855  -0.0005683872  -0.0000197901  -0.0004546970
   4.3299999855  -0.0008080118  -0.0000161750  -0.0007403773
   4.3349999854  -0.0009854743  -0.0000119471  -0.0009687314
   4.3399999854  -0.0010872600  -0.0000073251  -0.0011224541
   4.3449999854  -0.0011057313  -0.0000026095  -0.0011900518
   4.3499999854  -0.0010396317   0.0000018304  -0.0011666303
   4.3549999854  -0.0008940985   0.0000056043  -0.0010541750
   4.3599999854  -0.0006802159   0.0000083721  -0.0008613369
   4.3649999853  -0.0004141662   0.0000099174  -0.0006027642
   4.3699999853  -0.0001160427   0.0000101970  -0.0002980305
   4.3749999853   0.0001916044   0.0000093488   0.0000297797
   4.3799999853   0.0004854125   0.0000076541   0.0003557552
   4.3849999853   0.0007429464   0.0000054688   0.0006550153
   4.3899999853   0.0009444200   0.0000031446   0.0009046175
   4.3949999852   0.0010742607   0.0000009693   0.0010853618
   4.3999999852   0.0011223745  -0.0000008605   0.0011833322
   4.4049999852   0.0010849809  -0.0000022297   0.0011910209
   4.4099999852   0.0009649272  -0.0000030727   0.0011079223
   4.4149999852   0.0007714459  -0.0000033394   0.0009405414
   4.4199999852   0.0005193885  -0.0000029788   0.0007018285
   4.4249999851   0.0002280192  -0.0000019502   0.0004101113
   4.4299999851  -0.0000805046  -0.0000002579   0.0000876412
   4.4349999851  -0.0003828275   0.0000020095  -0.0002411144
   4.4399999851  -0.0006561355   0.0000046541  -0.0005512985
   4.4449999851  -0.0008798225   0.0000073762  -0.0008194894
   4.4499999851  -0.0010369907   0.0000098152  -0.0010254162
   4.4549999850  -0.0011156987   0.0000116163  -0.0011534647
   4.4599999850  -0.0011098800   0.0000124984  -0.0011938747
   4.4649999850  -0.0010198562   0.0000123040  -0.0011435328
   4.4699999850  -0.0008523846   0.0000110150  -0.0010062758
   4.4749999850  -0.0006202016   0.0000087324  -0.0007926501
   4.4799999850  -0.0003410711   0.0000056341  -0.0005191169
   4.4849999849  -0.0000364013   0.0000019279  -0.0002067565
   4.4899999849   0.0002704554  -0.0000021808   0.0001204170
   4.4949999849   0.0005560597  -0.0000064964   0.0004373721
   4.4999999849   0.0007987256  -0.0000108202   0.0007200269
   4.5049999849   0.0009801812  -0.0000149297   0.0009470914
   4.5099999849   0.0010869172  -0.0000185677   0.0011016431
   4.5149999848   0.0011111381  -0.0000214539   0.0011723303
   4.5199999848   0.0010512744  -0.0000233213   0.0011541465
   4.5249999848   0.0009120469  -0.0000239660   0.0010487471
   4.5299999848   0.0007040977  -0.0000232937   0.0008643057
   4.5349999848   0.0004432157  -0.0000213424   0.0006149196
   4.5399999848   0.0001491947  -0.0000182743   0.0003195910
   4.5449999847  -0.0001556186  -0.0000143363   0.0000008299
   4.5499999847  -0.0004480007  -0.0000098060  -0.0003170398
   4.5549999847  -0.0007056379  -0.0000049435  -0.0006097538
   4.5599999847  -0.0009088771   0.0000000339  -0.0008550087
   4.5649999847  -0.0010422845   0.0000049465  -0.0010342219
   4.5699999847  -0.0010958627   0.0000096233  -0.0011339857
   4.5749999846  -0.0010658137   0.0000138672  -0.0011470817
   4.5799999846  -0.0009547827   0.0000174354  -0.0010729769
   4.5849999846  -0.0007715802   0.0000200505  -0.0009177769
   4.5899999846  -0.0005304315   0.0000214432  -0.0006936710
   4.5949999846  -0.0002498394   0.0000214156  -0.0004179419
   4.5999999846   0.0000488339   0.0000199012  -0.0001116347
   4.6049999845   0.0003429581   0.0000169998   0.0002020122
   4.6099999845   0.0006102954   0.0000129713   0.0004992742
   4.6149999845   0.0008306333   0.0000081913   0.0007576837
   4.6199999845   0.0009872885   0.0000030805   0.0009577031
   4.6249999845   0.0010683831  -0.0000019651   0.0010842128
   4.6299999845   0.0010677860  -0.0000066244   0.0011276955
   4.6349999844   0.0009856294  -0.0000106656   0.0010850058
   4.6399999844   0.0008283331  -0.0000139309   0.0009596377
   4.6449999844   0.0006081145  -0.0000163042   0.0007614519
   4.6499999844   0.0003420174  -0.0000176847   0.0005058790
   4.6549999844   0.0000505488  -0.0000179815   0.0002126738
   4.6599999844  -0.0002439475  -0.0000171369  -0.0000956561
   4.6649999843  -0.0005190290  -0.0000151674  -0.0003956018
   4.6699999843  -0.0007538551  -0.0000122049  -0.0006644339
   4.6749999843  -0.0009307241  -0.0000085147  -0.0008818803
   4.6799999843  -0.0010363490  -0.0000044784  -0.0010315945
   4.6849999843  -0.0010628039  -0.0000005386  -0.0011023330
   4.6899999843  -0.0010080961   0.0000028795  -0.0010887775
   4.6949999842  -0.0008763321   0.0000054461  -0.0009919533
   4.6999999842  -0.0006774570   0.0000069814  -0.0008192034
   4.7049999842  -0.0004265645   0.0000074713  -0.0005836948
   4.7099999842  -0.0001427997   0.0000070416  -0.0003034660
   4.7149999842   0.0001520840   0.0000059052  -0.0000000637
   4.7199999841   0.0004354121   0.0000043014   0.0003031345
   4.7249999841   0.0006853778   0.0000024478   0.0005827686
   4.7299999841   0.0008827720   0.0000005184   0.0008173505
   4.7349999841   0.0010124938  -0.0000013532   0.0009889511
   4.7399999841   0.0010647069  -0.0000030545   0.0010845736
   4.7449999841   0.0010355540  -0.0000044755   0.0010971064
   4.7499999840   0.0009273896  -0.0000055040   0.0010257991
   4.7549999840   0.0007485402  -0.0000060379   0.0008762530
   4.7599999840   0.0005126356  -0.0000060115   0.0006599530
   4.7649999840   0.0002375757  -0.0000054217   0.0003933905
   4.7699999840  -0.0000557944  -0.0000043396   0.0000968402
   4.7749999840  -0.0003452168  -0.0000029010  -0.0002071359
   4.7799999839  -0.0006086719  -0.0000012760  -0.0004953667
   4.7849999839  -0.0008260418   0.0000003706  -0.0007458278
   4.7899999839  -0.0009806657   0.0000019121  -0.0009393442
   4.7949999839  -0.0010606580   0.0000032740  -0.0010611011
   4.7999999839  -0.0010598650   0.0000044224  -0.0011018216
   4.8049999839  -0.0009783635   0.0000053348  -0.0010584986
   4.8099999838  -0.0008224459   0.0000059684  -0.0009346082
   4.8149999838  -0.0006040947   0.0000062413  -0.0007397898
   4.8199999838  -0.0003400034   0.0000060392  -0.0004890362
   4.8249999838  -0.0000502458   0.0000052489  -0.0002014841
   4.8299999838   0.0002432803   0.0000038045   0.0001010767
   4.8349999838   0.0005185017   0.0000017315   0.0003958487
   4.8399999837   0.0007547926  -0.0000008330   0.0006607053
   4.8449999837   0.0009344663  -0.0000036524   0.0008757966
   4.8499999837   0.0010440536  -0.0000064331   0.0010249903
   4.8549999837   0.0010752920  -0.0000088831   0.0010970609
   4.8599999837   0.0010257622  -0.0000107678   0.0010865479
   4.8649999837   0.0008991147  -0.0000119429   0.0009942095
   4.8699999836   0.0007048477  -0.0000123572   0.0008270161
   4.8749999836   0.0004576283  -0.0000120297   0.0005976568
   4.8799999836   0.0001761887  -0.0000110138   0.0003235797
   4.8849999836  -0.0001181213  -0.0000093676   0.0000256352
   4.8899999836  -0.0004030023  -0.0000071448  -0.0002735598
   4.8949999836  -0.0006569448  -0.0000044084  -0.0005513895
   4.8999999835  -0.0008608836  -0.0000012596  -0.0007869788
   4.9049999835  -0.0009996296   0.0000021340  -0.0009627603
   4.9099999835  -0.0010629723   0.0000055283  -0.0010657539
   4.9149999835  -0.0010463875   0.0000086213  -0.0010884784
   4.9199999835  -0.0009513224   0.0000110977  -0.0010294556
   4.9249999835  -0.0007850560   0.0000126878  -0.0008932876
   4.9299999834  -0.0005601563   0.0000132214  -0.0006903127
   4.9349999834  -0.0002935664   0.0000126577  -0.0004358589
   4.9399999834  -0.0000053707   0.0000110845  -0.0001491308
   4.9449999834   0.0002826901   0.0000086872   0.0001482092
   4.9499999834   0.0005488567   0.0000057022   0.0004336742
   4.9549999834   0.0007730233   0.0000023724   0.0006856804
   4.9599999833   0.0009383015  -0.0000010807   0.0008852248
   4.9649999833   0.0010323379  -0.0000044616   0.0010173636
   4.9699999833   0.0010482640  -0.0000075891   0.0010723580
   4.9749999833   0.0009851942  -0.0000102794   0.0010463894
   4.9799999833   0.0008482392  -0.0000123417   0.0009417932
   4.9849999833   0.0006480521  -0.0000135929   0.0007668129
   4.9899999832   0.0003999651  -0.0000138925   0.0005349170
   4.9949999832   0.0001228039  -0.0000131847   0.0002637523
   4.9999999832  -0.0001625228  -0.0000115306  -0.0000261793
   5.0049999832  -0.0004345602  -0.0000091156  -0.0003130293
   5.0099999832  -0.0006728747  -0.0000062228  -0.0005752022
   5.0149999832  -0.0008595568  -0.0000031804  -0.0007929499
   5.0199999831  -0.0009805646  -0.0000002964  -0.0009498585
   5.0249999831  -0.0010268092   0.0000021963  -0.0010341168
   5.0299999831  -0.0009948873   0.0000041699  -0.0010394580
   5.0349999831  -0.0008873837   0.0000055972  -0.0009656800
   5.0399999831  -0.0007126965   0.0000065197  -0.0008186802
   5.0449999831  -0.0004843851   0.0000070034  -0.0006099882
   5.0499999830  -0.0002200914   0.0000071006  -0.0003558335
   5.0549999830   0.0000598688   0.0000068324  -0.0000758375
   5.0599999830   0.0003341095   0.0000061961   0.0002085468
   5.0649999830   0.0005818329   0.0000051904   0.0004757039
   5.0699999830   0.0007844014   0.0000038445   0.0007054942
   5.0749999830   0.0009267103   0.0000022352   0.0008807422
   5.0799999829   0.0009982728   0.0000004844   0.0009884784
   5.0849999829   0.0009939590  -0.0000012630   0.0010208636
   5.0899999829   0.0009143505  -0.0000028712   0.0009757462
   5.0949999829   0.0007656923  -0.0000042407   0.0008568172
   5.0999999829   0.0005594373  -0.0000053193   0.0006733435
   5.1049999829   0.0003114016  -0.0000060930   0.0004394843
   5.1099999828   0.0000405757  -0.0000065625   0.0001732227
   5.1149999828  -0.0002323288  -0.0000067185  -0.0001050172
   5.1199999828  -0.0004864856  -0.0000065284  -0.0003739600
   5.1249999828  -0.0007025781  -0.0000059447  -0.0006131411
   5.1299999828  -0.0008642962  -0.0000049328  -0.0008044941
   5.1349999828  -0.0009595767  -0.0000035069  -0.0009337236
   5.1399999827  -0.0009814858  -0.0000017591  -0.0009913558
   5.1449999827  -0.0009286847   0.0000001343  -0.0009733926
   5.1499999827  -0.0008054637   0.0000019358  -0.0008815417
   5.1549999827  -0.0006213644   0.0000033948  -0.0007230297
   5.1599999827  -0.0003904371   0.0000043056  -0.0005100294
   5.1649999827  -0.0001301937   0.0000045571  -0.0002587509
   5.1699999826   0.0001396748   0.0000041563   0.0000117465
   5.1749999826   0.0003987409   0.0000032195   0.0002809509
   5.1799999826   0.0006273544   0.0000019350   0.0005284208
   5.1849999826   0.0008081291   0.0000005113   0.0007353328
   5.1899999826   0.0009272887  -0.0000008702   0.0008859375
   5.1949999826   0.0009757574  -0.0000020828   0.0009687989
   5.1999999825   0.0009498905  -0.0000030579   0.0009777019
   5.2049999825   0.0008517692  -0.0000037662   0.0009121393
   5.2099999825   0.0006890281  -0.0000041919   0.0007773299
   5.2149999825   0.0004742311  -0.0000043133   0.0005837736
   5.2199999825   0.0002238613  -0.0000040994   0.0003463916
   5.2249999825  -0.0000429782  -0.0000035255   0.0000833430
   5.2299999824  -0.0003060339  -0.0000025985  -0.0001853761
   5.2349999824  -0.0005454250  -0.0000013797  -0.0004394364
   5.2399999824  -0.0007431106   0.0000000080  -0.0006596761
   5.2449999824  -0.0008842086   0.0000013944  -0.0008295032
   5.2499999824  -0.0009580864   0.0000025939  -0.0009361147
   5.2549999824  -0.0009591556   0.0000034453  -0.0009714552
   5.2599999823  -0.0008873132   0.0000038449  -0.0009328453
   5.2649999823  -0.0007479847   0.0000037615  -0.0008232197
   5.2699999823  -0.0005517480   0.0000032303  -0.0006509405
   5.2749999823  -0.0003135485   0.0000023303  -0.0004291790
   5.2799999823  -0.0000515550   0.0000011574  -0.0001749037
   5.2849999823   0.0002142535  -0.0000001959   0.0000924447
   5.2899999822   0.0004636477  -0.0000016451   0.0003524770
   5.2949999822   0.0006777175  -0.0000031052   0.0005854411
   5.2999999822   0.0008403156  -0.0000044756   0.0007737330
   5.3049999822   0.0009392611  -0.0000056311   0.0009032130
   5.3099999822   0.0009672195  -0.0000064287   0.0009642359
   5.3149999822   0.0009222097  -0.0000067319   0.0009523330
   5.3199999821   0.0008077201  -0.0000064471   0.0008685154
   5.3249999821   0.0006324368  -0.0000055588   0.0007191887
   5.3299999821   0.0004096063  -0.0000041477   0.0005156850
   5.3349999821   0.0001560684  -0.0000023840   0.0002734381
   5.3399999821  -0.0001089847  -0.0000004934   0.0000108442
   5.3449999821  -0.0003654481   0.0000012941  -0.0002521223
   5.3499999820  -0.0005938409   0.0000027947  -0.0004954417
   5.3549999820  -0.0007768199   0.0000039062  -0.0007006078
   5.3599999820  -0.0009005377   0.0000046149  -0.0008520785
   5.3649999820  -0.0009557246   0.0000049741  -0.0009384876
   5.3699999820  -0.0009383927   0.0000050647  -0.0009535079
   5.3749999820  -0.0008501076   0.0000049525  -0.0008962964
   5.3799999819  -0.0006978119   0.0000046606  -0.0007714965
   5.3849999819  -0.0004932370   0.0000041649  -0.0005888176
   5.3899999819  -0.0002519661   0.0000034144  -0.0003622458
   5.3949999819   0.0000077628   0.0000023645  -0.0001089627
   5.3999999819   0.0002664205   0.0000010110   0.0001519424
   5.4049999818   0.0005046225  -0.0000005915   0.0004008783
   5.4099999818   0.0007045477  -0.0000023319   0.0006191879
   5.4149999818   0.0008512490  -0.0000040642   0.0007905235
   5.4199999818   0.0009337708  -0.0000056380   0.0009020710
   5.4249999818   0.0009459866  -0.0000069254   0.0009455276
   5.4299999818   0.0008870852  -0.0000078343   0.0009177514
   5.4349999817   0.0007616493  -0.0000083055   0.0008210142
   5.4399999817   0.0005793103  -0.0000083003   0.0006628272
   5.4449999817   0.0003539981  -0.0000077884   0.0004553463
   5.4499999817   0.0001028490  -0.0000067462   0.0002144094
   5.4549999817  -0.0001551287  -0.0000051702  -0.0000417046
   5.4599999817  -0.0004005158  -0.0000031017  -0.0002936855
   5.4649999816  -0.0006149454  -0.0000006500  -0.0005226487
   5.4699999816  -0.0007824582   0.0000019971  -0.0007115302
   5.4749999816  -0.0008906568   0.0000045876  -0.0008463231
   5.4799999816  -0.0009315914   0.0000068425  -0.0009170831
   5.4849999816  -0.0009023257   0.0000085076  -0.0009186431
   5.4899999816  -0.0008051539   0.0000094047  -0.0008509962
   5.4949999815  -0.0006474480   0.0000094643  -0.0007193155
   5.4999999815  -0.0004411376   0.0000087297  -0.0005335978
   5.5049999815  -0.0002018409   0.0000073337  -0.0003079399
   5.5099999815   0.0000523016   0.0000054565  -0.0000594847
   5.5149999815   0.0003020111   0.0000032822   0.0001928889
   5.5199999815   0.0005283614   0.0000009683   0.0004300292
   5.5249999814   0.0007142509  -0.0000013625   0.0006340025
   5.5299999814   0.0008457253  -0.0000036101   0.0007894796
   5.5349999814   0.0009130370  -0.0000056745   0.0008848996
   5.5399999814   0.0009113568  -0.0000074382   0.0009133185
   5.5449999814   0.0008410933  -0.0000087636   0.0008728861
   5.5499999814   0.0007078096  -0.0000095103   0.0007669328
   5.5549999813   0.0005217633  -0.0000095676   0.0006036766
   5.5599999813   0.0002971164  -0.0000088891   0.0003955860
   5.5649999813   0.0000508751  -0.0000075156   0.0001584467
   5.5699999813  -0.0001983686  -0.0000055771  -0.0000898047
   5.5749999813  -0.0004318129  -0.0000032718  -0.0003304092
   5.5799999813  -0.0006318520  -0.0000008291  -0.0005451900
   5.5849999812  -0.0007834122   0.0000015312  -0.0007179336
   5.5899999812  -0.0008751132   0.0000036306  -0.0008356410
   5.5949999812  -0.0009001559   0.0000053462  -0.0008895403
   5.5999999812  -0.0008568535   0.0000066079  -0.0008757693
   5.6049999812  -0.0007487534   0.0000073841  -0.0007956617
   5.6099999812  -0.0005843383   0.0000076653  -0.0006556152
   5.6149999811  -0.0003763362   0.0000074557  -0.0004665562
   5.6199999811  -0.0001407084   0.0000067741  -0.0002430601
   5.6249999811   0.0001045927   0.0000056634  -0.0000022098
   5.6299999811   0.0003409896   0.0000042009   0.0002377093
   5.6349999811   0.0005506664   0.0000025011   0.0004585769
   5.6399999811   0.0007178796   0.0000007054   0.0006437755
   5.6449999810   0.0008301113  -0.0000010382   0.0007794115
   5.6499999810   0.0008789911  -0.0000026014   0.0008553424
   5.6549999810   0.0008609247  -0.0000038967   0.0008659400
   5.6599999810   0.0007773788  -0.0000048858   0.0008105285
   5.6649999810   0.0006347889  -0.0000055714   0.0006934525
   5.6699999810   0.0004440812  -0.0000059767   0.0005237540
   5.6749999809   0.0002198341  -0.0000061195   0.0003144721
   5.6799999809  -0.0000208595  -0.0000059946   0.0000816171
   5.6849999809  -0.0002597328  -0.0000055695  -0.0001570930
   5.6899999809  -0.0004787708  -0.0000047992  -0.0003836213
   5.6949999809  -0.0006615957  -0.0000036527  -0.0005810018
   5.6999999809  -0.0007946964  -0.0000021426  -0.0007346148
   5.7049999808  -0.0008684108  -0.0000003449  -0.0008332525
   5.7099999808  -0.0008775982   0.0000015990  -0.0008699073
   5.7149999808  -0.0008219724   0.0000035008  -0.0008422423
   5.7199999808  -0.0007060855   0.0000051593  -0.0007527288
   5.7249999808  -0.0005389762   0.0000063990  -0.0006084479
   5.7299999808  -0.0003335049   0.0000071014  -0.0004205719
   5.7349999807  -0.0001054141   0.0000072198  -0.0002035496
   5.7399999807   0.0001278318   0.0000067764   0.0000259581
   5.7449999807   0.0003483540   0.0000058433   0.0002503276
   5.7499999807   0.0005392202   0.0000045201   0.0004523164
   5.7549999807   0.0006857503   0.0000029146   0.0006163930
   5.7599999807   0.0007766536   0.0000011355   0.0007299408
   5.7649999806   0.0008048985  -0.0000007044   0.0007842260
   5.7699999806   0.0007682372  -0.0000024797   0.0007750509
   5.7749999806   0.0006693483  -0.0000040483   0.0007030413
   5.7799999806   0.0005155962  -0.0000052587   0.0005735574
   5.7849999806   0.0003184397  -0.0000059717   0.0003962522
   5.7899999806   0.0000925500  -0.0000060919   0.0001843232
   5.7949999805  -0.0001452907  -0.0000055976  -0.0000464787
   5.7999999805  -0.0003774301  -0.0000045566  -0.0002790124
   5.8049999805  -0.0005866448  -0.0000031205  -0.0004960075
   5.8099999805  -0.0007574154  -0.0000014947  -0.0006813429
   5.8149999805  -0.0008770910   0.0000001062  -0.0008212571
   5.8199999805  -0.0009368594   0.0000015045  -0.0009054029
   5.8249999804  -0.0009324405   0.0000025907  -0.0009276579
   5.8299999804  -0.0008644372   0.0000033312  -0.0008866159
   5.8349999804  -0.0007383034   0.0000037519  -0.0007857061
   5.8399999804  -0.0005639201   0.0000039059  -0.0006329231
   5.8449999804  -0.0003548152   0.0000038408  -0.0004401875
   5.8499999804  -0.0001270937   0.0000035788  -0.0002223953
   5.8549999803   0.0001018258   0.0000031178   0.0000037557
   5.8599999803   0.0003145573   0.0000024499   0.0002210602
   5.8649999803   0.0004950685   0.0000015881   0.0004131148
   5.8699999803   0.0006298770   0.0000005854   0.0005655441
   5.8749999803   0.0007090418  -0.0000004633   0.0006670613
   5.8799999803   0.0007268885  -0.0000014395   0.0007102957
   5.8849999802   0.0006824230  -0.0000022329   0.0006923360
   5.8899999802   0.0005794089  -0.0000027732   0.0006149533
   5.8949999802   0.0004260981  -0.0000030485   0.0004844822
   5.8999999802   0.0002346249  -0.0000031025   0.0003113590
   5.9049999802   0.0000200988  -0.0000030119   0.0001093414
   5.9099999802  -0.0002005434  -0.0000028541  -0.0001055402
   5.9149999801  -0.0004098401  -0.0000026796  -0.0003162200
   5.9199999801  -0.0005911550  -0.0000025000  -0.0005059215
   5.9249999801  -0.0007299629  -0.0000022958  -0.0006594574
   5.9299999801  -0.0008149611  -0.0000020386  -0.0007643938
   5.9349999801  -0.0008389163  -0.0000017165  -0.0008119849
   5.9399999801  -0.0007991862  -0.0000013504  -0.0007978089
   5.9449999800  -0.0006978844  -0.0000009929  -0.0007220663
   5.9499999800  -0.0005416900  -0.0000007120  -0.0005895325
   5.9549999800  -0.0003413283  -0.0000005659  -0.0004091789
   5.9599999800  -0.0001107660  -0.0000005839  -0.0001934983
   5.9649999800   0.0001338189  -0.0000007593   0.0000424174
   5.9699999800   0.0003752251  -0.0000010603   0.0002819856
   5.9749999799   0.0005964958  -0.0000014505   0.0005083571
   5.9799999799   0.0007821784  -0.0000019112   0.0007056699
   5.9849999799   0.0009194856  -0.0000024506   0.0008602429
   5.9899999799   0.0009992630  -0.0000030978   0.0009616127
   5.9949999799   0.0010166821  -0.0000038801   0.0010033255
