   0.0000000000   0.0000000000   0.0000000000   0.0000000000
   0.0050000000   0.0000000000   0.0000000000   0.0000000000
   0.0100000000   0.0000000000   0.0000000000   0.0000000000
   0.0149999999   0.0000000000   0.0000000000   0.0000000000
   0.0199999999   0.0000000000   0.0000000000   0.0000000000
   0.0249999999   0.0000000000   0.0000000000   0.0000000000
   0.0299999999   0.0000000000   0.0000000000   0.0000000000
   0.0349999999   0.0000000000   0.0000000000   0.0000000000
   0.0399999999   0.0000000000   0.0000000000   0.0000000000
   0.0449999998   0.0000000000   0.0000000000   0.0000000000
   0.0499999998   0.0000000000   0.0000000000   0.0000000000
   0.0549999998   0.0000000000   0.0000000000   0.0000000000
   0.0599999998   0.0000000000   0.0000000000   0.0000000000
   0.0649999998   0.0000000000   0.0000000000   0.0000000000
   0.0699999998   0.0000000000   0.0000000000   0.0000000000
   0.0749999997   0.0000000000   0.0000000000   0.0000000000
   0.0799999997   0.0000000000   0.0000000000   0.0000000000
   0.0849999997  -0.0000000000   0.0000000000  -0.0000000000
   0.0899999997  -0.0000000000   0.0000000000  -0.0000000000
   0.0949999997  -0.0000000000   0.0000000000  -0.0000000000
   0.0999999997  -0.0000000000   0.0000000000  -0.0000000000
   0.1049999996  -0.0000000000   0.0000000000  -0.0000000000
   0.1099999996  -0.0000000000   0.0000000000  -0.0000000000
   0.1149999996  -0.0000000000   0.0000000000  -0.0000000000
   0.1199999996  -0.0000000000   0.0000000000  -0.0000000000
   0.1249999996  -0.0000000000   0.0000000000  -0.0000000000
   0.1299999996  -0.0000000000   0.0000000000  -0.0000000000
   0.1349999995   0.0000000000   0.0000000000   0.0000000000
   0.1399999995   0.0000000000  -0.0000000000   0.0000000000
   0.1449999995   0.0000000000  -0.0000000000   0.0000000000
   0.1499999995   0.0000000000  -0.0000000000   0.0000000000
   0.1549999995   0.0000000000  -0.0000000000   0.0000000000
   0.1599999995   0.0000000000  -0.0000000000   0.0000000000
   0.1649999994   0.0000000000  -0.0000000000   0.0000000000
   0.1699999994   0.0000000000  -0.0000000000   0.0000000000
   0.1749999994   0.0000000000  -0.0000000000   0.0000000000
   0.1799999994   0.0000000000  -0.0000000000   0.0000000000
   0.1849999994   0.0000000000  -0.0000000000   0.0000000000
   0.1899999994   0.0000000000  -0.0000000000   0.0000000000
   0.1949999993   0.0000000000  -0.0000000000   0.0000000000
   0.1999999993   0.0000000000  -0.0000000000   0.0000000000
   0.2049999993   0.0000000000  -0.0000000000   0.0000000000
   0.2099999993   0.0000000000  -0.0000000000   0.0000000000
   0.2149999993   0.0000000000  -0.0000000000   0.0000000000
   0.2199999993   0.0000000000  -0.0000000000   0.0000000000
   0.2249999992   0.0000000000  -0.0000000000   0.0000000000
   0.2299999992   0.0000000000  -0.0000000000   0.0000000000
   0.2349999992   0.0000000000  -0.0000000000   0.0000000000
   0.2399999992   0.0000000000  -0.0000000000   0.0000000000
   0.2449999992   0.0000000000  -0.0000000000   0.0000000000
   0.2499999992   0.0000000000  -0.0000000000   0.0000000000
   0.2549999991   0.0000000000  -0.0000000000   0.0000000000
   0.2599999991   0.0000000000  -0.0000000000   0.0000000000
   0.2649999991   0.0000000000  -0.0000000000   0.0000000000
   0.2699999991   0.0000000000  -0.0000000000   0.0000000000
   0.2749999991   0.0000000000  -0.0000000000   0.0000000000
   0.2799999991   0.0000000000  -0.0000000000   0.0000000000
   0.2849999990   0.0000000000  -0.0000000000   0.0000000000
   0.2899999990   0.0000000000  -0.0000000000   0.0000000000
   0.2949999990   0.0000000000  -0.0000000000   0.0000000000
   0.2999999990   0.0000000000  -0.0000000000   0.0000000000
   0.3049999990   0.0000000000  -0.0000000000   0.0000000000
   0.3099999990   0.0000000000  -0.0000000000   0.0000000000
   0.3149999989   0.0000000000  -0.0000000000   0.0000000000
   0.3199999989   0.0000000000  -0.0000000000   0.0000000000
   0.3249999989   0.0000000000  -0.0000000000   0.0000000000
   0.3299999989   0.0000000000  -0.0000000000   0.0000000000
   0.3349999989   0.0000000000  -0.0000000000   0.0000000000
   0.3399999989   0.0000000000  -0.0000000000   0.0000000000
   0.3449999988   0.0000000000  -0.0000000000   0.0000000000
   0.3499999988   0.0000000000  -0.0000000000   0.0000000000
   0.3549999988   0.0000000000  -0.0000000000   0.0000000000
   0.3599999988   0.0000000000  -0.0000000000   0.0000000000
   0.3649999988   0.0000000000  -0.0000000000   0.0000000000
   0.3699999988   0.0000000000  -0.0000000000   0.0000000000
   0.3749999987   0.0000000000  -0.0000000000   0.0000000000
   0.3799999987   0.0000000000  -0.0000000000   0.0000000000
   0.3849999987   0.0000000000  -0.0000000000   0.0000000000
   0.3899999987   0.0000000000  -0.0000000000   0.0000000000
   0.3949999987   0.0000000000  -0.0000000000   0.0000000000
   0.3999999987   0.0000000000  -0.0000000000   0.0000000000
   0.4049999986   0.0000000000  -0.0000000000   0.0000000000
   0.4099999986   0.0000000000   0.0000000000   0.0000000000
   0.4149999986  -0.0000000000   0.0000000000  -0.0000000000
   0.4199999986  -0.0000000000   0.0000000000  -0.0000000000
   0.4249999986  -0.0000000000   0.0000000000  -0.0000000000
   0.4299999986  -0.0000000000   0.0000000000  -0.0000000000
   0.4349999985  -0.0000000000   0.0000000000  -0.0000000000
   0.4399999985  -0.0000000000   0.0000000000  -0.0000000000
   0.4449999985  -0.0000000000   0.0000000000  -0.0000000000
   0.4499999985  -0.0000000000   0.0000000000  -0.0000000000
   0.4549999985  -0.0000000000   0.0000000000  -0.0000000000
   0.4599999985  -0.0000000000   0.0000000000  -0.0000000000
   0.4649999984  -0.0000000000   0.0000000000  -0.0000000000
   0.4699999984  -0.0000000000   0.0000000000  -0.0000000000
   0.4749999984  -0.0000000000   0.0000000000  -0.0000000000
   0.4799999984  -0.0000000000   0.0000000000  -0.0000000000
   0.4849999984  -0.0000000000   0.0000000000  -0.0000000000
   0.4899999984  -0.0000000000   0.0000000000  -0.0000000000
   0.4949999983  -0.0000000000   0.0000000000  -0.0000000000
   0.4999999983  -0.0000000000   0.0000000000  -0.0000000000
   0.5049999983  -0.0000000000   0.0000000000  -0.0000000000
   0.5099999983  -0.0000000000   0.0000000000  -0.0000000000
   0.5149999983  -0.0000000000   0.0000000000  -0.0000000000
   0.5199999983  -0.0000000000   0.0000000000  -0.0000000000
   0.5249999982  -0.0000000000   0.0000000000  -0.0000000000
   0.5299999982  -0.0000000000   0.0000000000  -0.0000000000
   0.5349999982  -0.0000000000   0.0000000000  -0.0000000000
   0.5399999982  -0.0000000000   0.0000000000  -0.0000000000
   0.5449999982  -0.0000000000   0.0000000000  -0.0000000000
   0.5499999982  -0.0000000000   0.0000000000  -0.0000000000
   0.5549999981  -0.0000000000   0.0000000000  -0.0000000000
   0.5599999981  -0.0000000000   0.0000000000  -0.0000000000
   0.5649999981  -0.0000000000   0.0000000000  -0.0000000000
   0.5699999981  -0.0000000000   0.0000000000  -0.0000000000
   0.5749999981  -0.0000000000   0.0000000000  -0.0000000000
   0.5799999981  -0.0000000000   0.0000000000  -0.0000000000
   0.5849999980  -0.0000000000   0.0000000000  -0.0000000000
   0.5899999980  -0.0000000000   0.0000000000  -0.0000000000
   0.5949999980  -0.0000000000   0.0000000000  -0.0000000000
   0.5999999980  -0.0000000000   0.0000000000  -0.0000000000
   0.6049999980  -0.0000000000   0.0000000000  -0.0000000000
   0.6099999980   0.0000000000   0.0000000000   0.0000000000
   0.6149999979   0.0000000000   0.0000000000   0.0000000000
   0.6199999979   0.0000000000   0.0000000000   0.0000000000
   0.6249999979   0.0000000000   0.0000000000   0.0000000000
   0.6299999979   0.0000000000   0.0000000000   0.0000000000
   0.6349999979   0.0000000000   0.0000000000   0.0000000000
   0.6399999979   0.0000000000   0.0000000000   0.0000000000
   0.6449999978   0.0000000000   0.0000000000   0.0000000000
   0.6499999978   0.0000000000   0.0000000000   0.0000000000
   0.6549999978   0.0000000000   0.0000000000   0.0000000000
   0.6599999978   0.0000000000   0.0000000000   0.0000000000
   0.6649999978   0.0000000000   0.0000000000   0.0000000000
   0.6699999978   0.0000000000   0.0000000000   0.0000000000
   0.6749999977   0.0000000000  -0.0000000000   0.0000000000
   0.6799999977   0.0000000000  -0.0000000000   0.0000000000
   0.6849999977   0.0000000000  -0.0000000000   0.0000000000
   0.6899999977   0.0000000000  -0.0000000000   0.0000000000
   0.6949999977  -0.0000000000  -0.0000000000  -0.0000000000
   0.6999999976  -0.0000000000  -0.0000000000  -0.0000000000
   0.7049999976  -0.0000000000  -0.0000000000  -0.0000000000
   0.7099999976  -0.0000000000  -0.0000000000  -0.0000000000
   0.7149999976  -0.0000000000  -0.0000000000  -0.0000000000
   0.7199999976  -0.0000000000  -0.0000000000  -0.0000000000
   0.7249999976  -0.0000000000  -0.0000000000  -0.0000000000
   0.7299999975  -0.0000000000  -0.0000000000  -0.0000000000
   0.7349999975  -0.0000000000  -0.0000000000  -0.0000000000
   0.7399999975  -0.0000000000   0.0000000000  -0.0000000000
   0.7449999975   0.0000000000   0.0000000000   0.0000000000
   0.7499999975   0.0000000000   0.0000000000   0.0000000000
   0.7549999975   0.0000000000   0.0000000000   0.0000000000
   0.7599999974   0.0000000000   0.0000000000   0.0000000000
   0.7649999974   0.0000000000   0.0000000000   0.0000000000
   0.7699999974   0.0000000000   0.0000000000   0.0000000000
   0.7749999974   0.0000000000   0.0000000000   0.0000000000
   0.7799999974   0.0000000000   0.0000000000   0.0000000000
   0.7849999974   0.0000000000   0.0000000000   0.0000000000
   0.7899999973   0.0000000000   0.0000000000   0.0000000000
   0.7949999973   0.0000000000   0.0000000000   0.0000000000
   0.7999999973   0.0000000000   0.0000000000   0.0000000000
   0.8049999973   0.0000000000   0.0000000000   0.0000000000
   0.8099999973   0.0000000000   0.0000000000   0.0000000000
   0.8149999973   0.0000000000   0.0000000000   0.0000000000
   0.8199999972   0.0000000000   0.0000000000   0.0000000000
   0.8249999972   0.0000000000   0.0000000000   0.0000000000
   0.8299999972   0.0000000000   0.0000000000   0.0000000000
   0.8349999972   0.0000000000   0.0000000000   0.0000000000
   0.8399999972   0.0000000000   0.0000000000   0.0000000000
   0.8449999972   0.0000000000   0.0000000000   0.0000000000
   0.8499999971   0.0000000000   0.0000000000   0.0000000000
   0.8549999971   0.0000000000   0.0000000000   0.0000000000
   0.8599999971   0.0000000000   0.0000000000   0.0000000000
   0.8649999971   0.0000000000   0.0000000000   0.0000000000
   0.8699999971   0.0000000000   0.0000000000   0.0000000000
   0.8749999971   0.0000000000   0.0000000000   0.0000000000
   0.8799999970   0.0000000000   0.0000000000   0.0000000000
   0.8849999970   0.0000000000   0.0000000000   0.0000000000
   0.8899999970   0.0000000000   0.0000000000   0.0000000000
   0.8949999970   0.0000000000   0.0000000000   0.0000000000
   0.8999999970   0.0000000000   0.0000000000   0.0000000000
   0.9049999970   0.0000000000   0.0000000000   0.0000000000
   0.9099999969   0.0000000000   0.0000000000   0.0000000000
   0.9149999969   0.0000000000   0.0000000000   0.0000000000
   0.9199999969   0.0000000000   0.0000000000   0.0000000000
   0.9249999969   0.0000000000   0.0000000000   0.0000000000
   0.9299999969   0.0000000000   0.0000000000   0.0000000000
   0.9349999969   0.0000000000   0.0000000000   0.0000000000
   0.9399999968   0.0000000000   0.0000000000   0.0000000000
   0.9449999968   0.0000000000   0.0000000000   0.0000000000
   0.9499999968   0.0000000000   0.0000000000   0.0000000000
   0.9549999968   0.0000000000   0.0000000000   0.0000000000
   0.9599999968   0.0000000000   0.0000000000   0.0000000000
   0.9649999968   0.0000000000   0.0000000000   0.0000000000
   0.9699999967   0.0000000000   0.0000000000   0.0000000000
   0.9749999967   0.0000000000   0.0000000000   0.0000000000
   0.9799999967   0.0000000000   0.0000000000   0.0000000000
   0.9849999967   0.0000000000   0.0000000000   0.0000000000
   0.9899999967   0.0000000000   0.0000000000   0.0000000000
   0.9949999967   0.0000000000   0.0000000000   0.0000000000
   0.9999999966   0.0000000000   0.0000000000   0.0000000000
   1.0049999966   0.0000000000   0.0000000000   0.0000000000
   1.0099999966   0.0000000000   0.0000000000   0.0000000000
   1.0149999966   0.0000000000   0.0000000000   0.0000000000
   1.0199999966   0.0000000000   0.0000000000   0.0000000000
   1.0249999966   0.0000000000   0.0000000000   0.0000000000
   1.0299999965   0.0000000000   0.0000000000   0.0000000000
   1.0349999965   0.0000000000   0.0000000000   0.0000000000
   1.0399999965   0.0000000000   0.0000000000   0.0000000000
   1.0449999965   0.0000000000   0.0000000000   0.0000000000
   1.0499999965   0.0000000000   0.0000000000   0.0000000000
   1.0549999965   0.0000000000   0.0000000000   0.0000000000
   1.0599999964   0.0000000000   0.0000000000   0.0000000000
   1.0649999964   0.0000000000   0.0000000000   0.0000000000
   1.0699999964   0.0000000000   0.0000000000   0.0000000000
   1.0749999964   0.0000000000   0.0000000000   0.0000000000
   1.0799999964   0.0000000000   0.0000000000   0.0000000000
   1.0849999964   0.0000000000   0.0000000000   0.0000000000
   1.0899999963   0.0000000000   0.0000000000   0.0000000000
   1.0949999963   0.0000000000   0.0000000000   0.0000000000
   1.0999999963   0.0000000000   0.0000000000   0.0000000000
   1.1049999963   0.0000000000   0.0000000000   0.0000000000
   1.1099999963   0.0000000000   0.0000000000   0.0000000000
   1.1149999963   0.0000000000   0.0000000000   0.0000000000
   1.1199999962   0.0000000000   0.0000000000   0.0000000000
   1.1249999962   0.0000000000   0.0000000000   0.0000000000
   1.1299999962   0.0000000000   0.0000000000   0.0000000000
   1.1349999962   0.0000000000   0.0000000000   0.0000000000
   1.1399999962   0.0000000000   0.0000000000   0.0000000000
   1.1449999962   0.0000000000   0.0000000000   0.0000000000
   1.1499999961  -0.0000000000  -0.0000000000  -0.0000000000
   1.1549999961  -0.0000000000  -0.0000000000  -0.0000000000
   1.1599999961  -0.0000000000  -0.0000000000  -0.0000000000
   1.1649999961  -0.0000000000  -0.0000000000  -0.0000000000
   1.1699999961  -0.0000000000  -0.0000000000  -0.0000000000
   1.1749999961  -0.0000000000  -0.0000000000  -0.0000000000
   1.1799999960  -0.0000000000  -0.0000000000  -0.0000000000
   1.1849999960  -0.0000000000  -0.0000000000  -0.0000000000
   1.1899999960  -0.0000000000  -0.0000000000  -0.0000000000
   1.1949999960  -0.0000000000  -0.0000000000  -0.0000000000
   1.1999999960  -0.0000000000  -0.0000000000  -0.0000000000
   1.2049999960  -0.0000000000  -0.0000000000  -0.0000000000
   1.2099999959  -0.0000000000  -0.0000000000  -0.0000000000
   1.2149999959  -0.0000000000  -0.0000000000  -0.0000000000
   1.2199999959  -0.0000000000  -0.0000000000  -0.0000000000
   1.2249999959   0.0000000000   0.0000000000   0.0000000000
   1.2299999959   0.0000000000   0.0000000000   0.0000000000
   1.2349999959   0.0000000000   0.0000000000   0.0000000000
   1.2399999958   0.0000000000   0.0000000000   0.0000000000
   1.2449999958   0.0000000000   0.0000000000   0.0000000000
   1.2499999958   0.0000000000   0.0000000000   0.0000000000
   1.2549999958   0.0000000000   0.0000000000   0.0000000000
   1.2599999958   0.0000000000   0.0000000000   0.0000000000
   1.2649999958   0.0000000000   0.0000000000   0.0000000000
   1.2699999957   0.0000000000   0.0000000000   0.0000000000
   1.2749999957   0.0000000000   0.0000000000   0.0000000000
   1.2799999957   0.0000000000   0.0000000000   0.0000000000
   1.2849999957   0.0000000000   0.0000000000   0.0000000000
   1.2899999957  -0.0000000000  -0.0000000000  -0.0000000000
   1.2949999957  -0.0000000000  -0.0000000000  -0.0000000000
   1.2999999956  -0.0000000000  -0.0000000000  -0.0000000000
   1.3049999956  -0.0000000000  -0.0000000000  -0.0000000000
   1.3099999956  -0.0000000000  -0.0000000000  -0.0000000000
   1.3149999956  -0.0000000000  -0.0000000000  -0.0000000000
   1.3199999956  -0.0000000000  -0.0000000000  -0.0000000000
   1.3249999956  -0.0000000000  -0.0000000000  -0.0000000000
   1.3299999955  -0.0000000000  -0.0000000000  -0.0000000000
   1.3349999955  -0.0000000000  -0.0000000000  -0.0000000000
   1.3399999955  -0.0000000000  -0.0000000000  -0.0000000000
   1.3449999955   0.0000000000  -0.0000000000   0.0000000000
   1.3499999955   0.0000000000   0.0000000000   0.0000000000
   1.3549999954   0.0000000000   0.0000000000   0.0000000000
   1.3599999954   0.0000000000   0.0000000000   0.0000000000
   1.3649999954   0.0000000000   0.0000000000   0.0000000000
   1.3699999954   0.0000000000   0.0000000000   0.0000000000
   1.3749999954   0.0000000000   0.0000000000   0.0000000000
   1.3799999954   0.0000000000   0.0000000000   0.0000000000
   1.3849999953   0.0000000000   0.0000000000   0.0000000000
   1.3899999953   0.0000000000   0.0000000000   0.0000000000
   1.3949999953   0.0000000000   0.0000000000   0.0000000000
   1.3999999953  -0.0000000000   0.0000000000  -0.0000000000
   1.4049999953  -0.0000000000  -0.0000000000  -0.0000000000
   1.4099999953  -0.0000000000  -0.0000000000  -0.0000000000
   1.4149999952  -0.0000000000  -0.0000000000  -0.0000000000
   1.4199999952  -0.0000000000  -0.0000000000  -0.0000000000
   1.4249999952  -0.0000000000  -0.0000000000  -0.0000000000
   1.4299999952  -0.0000000000  -0.0000000000  -0.0000000000
   1.4349999952  -0.0000000000  -0.0000000000  -0.0000000000
   1.4399999952  -0.0000000000  -0.0000000000  -0.0000000000
   1.4449999951  -0.0000000000  -0.0000000000  -0.0000000000
   1.4499999951   0.0000000000  -0.0000000000   0.0000000000
   1.4549999951   0.0000000000   0.0000000000   0.0000000000
   1.4599999951   0.0000000000   0.0000000000   0.0000000000
   1.4649999951   0.0000000000   0.0000000000   0.0000000000
   1.4699999951   0.0000000000   0.0000000000   0.0000000000
   1.4749999950   0.0000000000   0.0000000000   0.0000000000
   1.4799999950   0.0000000000   0.0000000000   0.0000000000
   1.4849999950   0.0000000000   0.0000000000   0.0000000000
   1.4899999950   0.0000000000   0.0000000000   0.0000000000
   1.4949999950  -0.0000000000   0.0000000000  -0.0000000000
   1.4999999950  -0.0000000000  -0.0000000000  -0.0000000000
   1.5049999949  -0.0000000000  -0.0000000000  -0.0000000000
   1.5099999949  -0.0000000000  -0.0000000000  -0.0000000000
   1.5149999949  -0.0000000000  -0.0000000000  -0.0000000000
   1.5199999949  -0.0000000000  -0.0000000000  -0.0000000000
   1.5249999949  -0.0000000000  -0.0000000000  -0.0000000000
   1.5299999949  -0.0000000000  -0.0000000000  -0.0000000000
   1.5349999948  -0.0000000000  -0.0000000000  -0.0000000000
   1.5399999948   0.0000000000  -0.0000000000   0.0000000000
   1.5449999948   0.0000000000   0.0000000000   0.0000000000
   1.5499999948   0.0000000000   0.0000000000   0.0000000000
   1.5549999948   0.0000000000   0.0000000000   0.0000000000
   1.5599999948   0.0000000000   0.0000000000   0.0000000000
   1.5649999947   0.0000000000   0.0000000000   0.0000000000
   1.5699999947   0.0000000000   0.0000000000   0.0000000000
   1.5749999947   0.0000000000   0.0000000000   0.0000000000
   1.5799999947   0.0000000000   0.0000000000   0.0000000000
   1.5849999947  -0.0000000000  -0.0000000000  -0.0000000000
   1.5899999947  -0.0000000000  -0.0000000000  -0.0000000000
   1.5949999946  -0.0000000001  -0.0000000000  -0.0000000001
   1.5999999946  -0.0000000001  -0.0000000000  -0.0000000001
   1.6049999946  -0.0000000001  -0.0000000000  -0.0000000001
   1.6099999946  -0.0000000000  -0.0000000000  -0.0000000000
   1.6149999946  -0.0000000000  -0.0000000000  -0.0000000000
   1.6199999946  -0.0000000000  -0.0000000000  -0.0000000000
   1.6249999945   0.0000000000   0.0000000000   0.0000000000
   1.6299999945   0.0000000001   0.0000000000   0.0000000001
   1.6349999945   0.0000000001   0.0000000000   0.0000000001
   1.6399999945   0.0000000001   0.0000000001   0.0000000001
   1.6449999945   0.0000000001   0.0000000001   0.0000000001
   1.6499999945   0.0000000001   0.0000000001   0.0000000001
   1.6549999944   0.0000000000   0.0000000000   0.0000000000
   1.6599999944  -0.0000000000   0.0000000000  -0.0000000000
   1.6649999944  -0.0000000001  -0.0000000000  -0.0000000001
   1.6699999944  -0.0000000001  -0.0000000000  -0.0000000001
   1.6749999944  -0.0000000001  -0.0000000001  -0.0000000001
   1.6799999944  -0.0000000002  -0.0000000001  -0.0000000002
   1.6849999943  -0.0000000001  -0.0000000001  -0.0000000001
   1.6899999943  -0.0000000001  -0.0000000001  -0.0000000001
   1.6949999943  -0.0000000000  -0.0000000001  -0.0000000000
   1.6999999943   0.0000000000  -0.0000000000   0.0000000000
   1.7049999943   0.0000000001   0.0000000000   0.0000000001
   1.7099999943   0.0000000002   0.0000000001   0.0000000002
   1.7149999942   0.0000000002   0.0000000001   0.0000000002
   1.7199999942   0.0000000002   0.0000000001   0.0000000002
   1.7249999942   0.0000000002   0.0000000001   0.0000000002
   1.7299999942   0.0000000001   0.0000000001   0.0000000001
   1.7349999942  -0.0000000000   0.0000000001  -0.0000000000
   1.7399999942  -0.0000000001  -0.0000000000  -0.0000000001
   1.7449999941  -0.0000000002  -0.0000000001  -0.0000000002
   1.7499999941  -0.0000000003  -0.0000000001  -0.0000000003
   1.7549999941  -0.0000000003  -0.0000000002  -0.0000000003
   1.7599999941  -0.0000000003  -0.0000000002  -0.0000000003
   1.7649999941  -0.0000000002  -0.0000000002  -0.0000000002
   1.7699999941  -0.0000000001  -0.0000000001  -0.0000000001
   1.7749999940   0.0000000001  -0.0000000000   0.0000000001
   1.7799999940   0.0000000003   0.0000000001   0.0000000003
   1.7849999940   0.0000000004   0.0000000002   0.0000000004
   1.7899999940   0.0000000004   0.0000000002   0.0000000004
   1.7949999940   0.0000000004   0.0000000002   0.0000000004
   1.7999999940   0.0000000003   0.0000000002   0.0000000003
   1.8049999939   0.0000000001   0.0000000001   0.0000000001
   1.8099999939  -0.0000000001   0.0000000000  -0.0000000001
   1.8149999939  -0.0000000003  -0.0000000001  -0.0000000003
   1.8199999939  -0.0000000005  -0.0000000002  -0.0000000005
   1.8249999939  -0.0000000006  -0.0000000003  -0.0000000006
   1.8299999939  -0.0000000005  -0.0000000003  -0.0000000005
   1.8349999938  -0.0000000004  -0.0000000003  -0.0000000004
   1.8399999938  -0.0000000001  -0.0000000002  -0.0000000001
   1.8449999938   0.0000000001  -0.0000000001   0.0000000001
   1.8499999938   0.0000000004   0.0000000001   0.0000000004
   1.8549999938   0.0000000006   0.0000000002   0.0000000006
   1.8599999938   0.0000000007   0.0000000003   0.0000000007
   1.8649999937   0.0000000006   0.0000000004   0.0000000006
   1.8699999937   0.0000000004   0.0000000003   0.0000000004
   1.8749999937   0.0000000001   0.0000000002   0.0000000001
   1.8799999937  -0.0000000002   0.0000000000  -0.0000000002
   1.8849999937  -0.0000000005  -0.0000000001  -0.0000000005
   1.8899999937  -0.0000000007  -0.0000000003  -0.0000000007
   1.8949999936  -0.0000000008  -0.0000000004  -0.0000000008
   1.8999999936  -0.0000000007  -0.0000000004  -0.0000000007
   1.9049999936  -0.0000000004  -0.0000000003  -0.0000000004
   1.9099999936  -0.0000000000  -0.0000000002  -0.0000000000
   1.9149999936   0.0000000004   0.0000000000   0.0000000004
   1.9199999936   0.0000000007   0.0000000002   0.0000000007
   1.9249999935   0.0000000009   0.0000000004   0.0000000009
   1.9299999935   0.0000000008   0.0000000004   0.0000000008
   1.9349999935   0.0000000006   0.0000000004   0.0000000006
   1.9399999935   0.0000000003   0.0000000003   0.0000000003
   1.9449999935  -0.0000000002   0.0000000001  -0.0000000002
   1.9499999935  -0.0000000006  -0.0000000001  -0.0000000006
   1.9549999934  -0.0000000009  -0.0000000003  -0.0000000009
   1.9599999934  -0.0000000009  -0.0000000004  -0.0000000009
   1.9649999934  -0.0000000008  -0.0000000005  -0.0000000008
   1.9699999934  -0.0000000005  -0.0000000004  -0.0000000005
   1.9749999934   0.0000000000  -0.0000000002   0.0000000000
   1.9799999934   0.0000000005   0.0000000000   0.0000000005
   1.9849999933   0.0000000009   0.0000000003   0.0000000009
   1.9899999933   0.0000000010   0.0000000004   0.0000000010
   1.9949999933   0.0000000009   0.0000000005   0.0000000009
   1.9999999933   0.0000000006   0.0000000004   0.0000000006
   2.0049999933   0.0000000001   0.0000000003   0.0000000001
   2.0099999933  -0.0000000004   0.0000000000  -0.0000000004
   2.0149999932  -0.0000000009  -0.0000000002  -0.0000000009
   2.0199999932  -0.0000000011  -0.0000000004  -0.0000000011
   2.0249999932  -0.0000000011  -0.0000000005  -0.0000000011
   2.0299999932  -0.0000000007  -0.0000000005  -0.0000000007
   2.0349999932  -0.0000000002  -0.0000000003  -0.0000000002
   2.0399999931   0.0000000004  -0.0000000001   0.0000000004
   2.0449999931   0.0000000009   0.0000000002   0.0000000009
   2.0499999931   0.0000000012   0.0000000005   0.0000000012
   2.0549999931   0.0000000012   0.0000000006   0.0000000012
   2.0599999931   0.0000000009   0.0000000005   0.0000000009
   2.0649999931   0.0000000003   0.0000000004   0.0000000003
   2.0699999930  -0.0000000004   0.0000000001  -0.0000000004
   2.0749999930  -0.0000000010  -0.0000000003  -0.0000000010
   2.0799999930  -0.0000000014  -0.0000000005  -0.0000000014
   2.0849999930  -0.0000000014  -0.0000000007  -0.0000000014
   2.0899999930  -0.0000000010  -0.0000000007  -0.0000000010
   2.0949999930  -0.0000000003  -0.0000000004  -0.0000000003
   2.0999999929   0.0000000005  -0.0000000001   0.0000000005
   2.1049999929   0.0000000012   0.0000000003   0.0000000012
   2.1099999929   0.0000000016   0.0000000007   0.0000000016
   2.1149999929   0.0000000016   0.0000000009   0.0000000016
   2.1199999929   0.0000000011   0.0000000009   0.0000000011
   2.1249999929   0.0000000003   0.0000000006   0.0000000003
   2.1299999928  -0.0000000006   0.0000000002  -0.0000000006
   2.1349999928  -0.0000000015  -0.0000000002  -0.0000000015
   2.1399999928  -0.0000000020  -0.0000000006  -0.0000000020
   2.1449999928  -0.0000000020  -0.0000000009  -0.0000000020
   2.1499999928  -0.0000000014  -0.0000000010  -0.0000000014
   2.1549999928  -0.0000000004  -0.0000000008  -0.0000000004
   2.1599999927   0.0000000008  -0.0000000004   0.0000000008
   2.1649999927   0.0000000019   0.0000000000   0.0000000019
   2.1699999927   0.0000000026   0.0000000004   0.0000000026
   2.1749999927   0.0000000027   0.0000000005   0.0000000027
   2.1799999927   0.0000000021   0.0000000005   0.0000000021
   2.1849999927   0.0000000010   0.0000000002   0.0000000010
   2.1899999926  -0.0000000004  -0.0000000003  -0.0000000004
   2.1949999926  -0.0000000017  -0.0000000007  -0.0000000017
   2.1999999926  -0.0000000026  -0.0000000010  -0.0000000026
   2.2049999926  -0.0000000028  -0.0000000009  -0.0000000028
   2.2099999926  -0.0000000024  -0.0000000005  -0.0000000024
   2.2149999926  -0.0000000013   0.0000000003  -0.0000000013
   2.2199999925   0.0000000001   0.0000000012   0.0000000001
   2.2249999925   0.0000000013   0.0000000022   0.0000000013
   2.2299999925   0.0000000020   0.0000000030   0.0000000020
   2.2349999925   0.0000000020   0.0000000033   0.0000000020
   2.2399999925   0.0000000012   0.0000000030   0.0000000012
   2.2449999925  -0.0000000001   0.0000000021  -0.0000000001
   2.2499999924  -0.0000000017   0.0000000007  -0.0000000017
   2.2549999924  -0.0000000029  -0.0000000009  -0.0000000029
   2.2599999924  -0.0000000034  -0.0000000024  -0.0000000034
   2.2649999924  -0.0000000029  -0.0000000036  -0.0000000029
   2.2699999924  -0.0000000014  -0.0000000042  -0.0000000014
   2.2749999924   0.0000000008  -0.0000000042   0.0000000008
   2.2799999923   0.0000000032  -0.0000000036   0.0000000032
   2.2849999923   0.0000000051  -0.0000000026   0.0000000051
   2.2899999923   0.0000000060  -0.0000000015   0.0000000060
   2.2949999923   0.0000000057  -0.0000000005   0.0000000057
   2.2999999923   0.0000000040   0.0000000002   0.0000000040
   2.3049999923   0.0000000014   0.0000000007   0.0000000014
   2.3099999922  -0.0000000016   0.0000000009  -0.0000000016
   2.3149999922  -0.0000000042   0.0000000009  -0.0000000042
   2.3199999922  -0.0000000057   0.0000000011  -0.0000000057
   2.3249999922  -0.0000000059   0.0000000014  -0.0000000059
   2.3299999922  -0.0000000047   0.0000000020  -0.0000000047
   2.3349999922  -0.0000000024   0.0000000028  -0.0000000024
   2.3399999921   0.0000000003   0.0000000036   0.0000000003
   2.3449999921   0.0000000027   0.0000000040   0.0000000027
   2.3499999921   0.0000000041   0.0000000040   0.0000000041
   2.3549999921   0.0000000042   0.0000000032   0.0000000042
   2.3599999921   0.0000000029   0.0000000018   0.0000000029
   2.3649999921   0.0000000007  -0.0000000001   0.0000000007
   2.3699999920  -0.0000000017  -0.0000000021  -0.0000000017
   2.3749999920  -0.0000000037  -0.0000000038  -0.0000000037
   2.3799999920  -0.0000000046  -0.0000000048  -0.0000000046
   2.3849999920  -0.0000000041  -0.0000000049  -0.0000000041
   2.3899999920  -0.0000000023  -0.0000000039  -0.0000000023
   2.3949999920   0.0000000002  -0.0000000022   0.0000000002
   2.3999999919   0.0000000028  -0.0000000001   0.0000000028
   2.4049999919   0.0000000045   0.0000000018   0.0000000045
   2.4099999919   0.0000000050   0.0000000031   0.0000000050
   2.4149999919   0.0000000039   0.0000000035   0.0000000039
   2.4199999919   0.0000000017   0.0000000028   0.0000000017
   2.4249999919  -0.0000000010   0.0000000013  -0.0000000010
   2.4299999918  -0.0000000035  -0.0000000007  -0.0000000035
   2.4349999918  -0.0000000048  -0.0000000027  -0.0000000048
   2.4399999918  -0.0000000045  -0.0000000040  -0.0000000045
   2.4449999918  -0.0000000027  -0.0000000044  -0.0000000027
   2.4499999918   0.0000000003  -0.0000000038   0.0000000003
   2.4549999918   0.0000000035  -0.0000000024   0.0000000035
   2.4599999917   0.0000000060  -0.0000000004   0.0000000060
   2.4649999917   0.0000000069   0.0000000017   0.0000000069
   2.4699999917   0.0000000058   0.0000000033   0.0000000058
   2.4749999917   0.0000000030   0.0000000042   0.0000000030
   2.4799999917  -0.0000000010   0.0000000042  -0.0000000010
   2.4849999917  -0.0000000050   0.0000000036  -0.0000000050
   2.4899999916  -0.0000000080   0.0000000025  -0.0000000080
   2.4949999916  -0.0000000090   0.0000000014  -0.0000000090
   2.4999999916  -0.0000000078   0.0000000006  -0.0000000078
   2.5049999916  -0.0000000046   0.0000000001  -0.0000000046
   2.5099999916  -0.0000000003  -0.0000000000  -0.0000000003
   2.5149999916   0.0000000040  -0.0000000000   0.0000000040
   2.5199999915   0.0000000072  -0.0000000002   0.0000000072
   2.5249999915   0.0000000084  -0.0000000007   0.0000000084
   2.5299999915   0.0000000074  -0.0000000016   0.0000000074
   2.5349999915   0.0000000046  -0.0000000029   0.0000000046
   2.5399999915   0.0000000008  -0.0000000042   0.0000000008
   2.5449999915  -0.0000000027  -0.0000000051  -0.0000000027
   2.5499999914  -0.0000000051  -0.0000000051  -0.0000000051
   2.5549999914  -0.0000000056  -0.0000000042  -0.0000000056
   2.5599999914  -0.0000000043  -0.0000000021  -0.0000000043
   2.5649999914  -0.0000000018   0.0000000006  -0.0000000018
   2.5699999914   0.0000000010   0.0000000036   0.0000000010
   2.5749999914   0.0000000029   0.0000000062   0.0000000029
   2.5799999913   0.0000000031   0.0000000078   0.0000000031
   2.5849999913   0.0000000014   0.0000000080   0.0000000014
   2.5899999913  -0.0000000016   0.0000000068  -0.0000000016
   2.5949999913  -0.0000000050   0.0000000044  -0.0000000050
   2.5999999913  -0.0000000070   0.0000000011  -0.0000000070
   2.6049999913  -0.0000000065  -0.0000000024  -0.0000000065
   2.6099999912  -0.0000000023  -0.0000000058  -0.0000000023
   2.6149999912   0.0000000055  -0.0000000088   0.0000000055
   2.6199999912   0.0000000159  -0.0000000113   0.0000000159
   2.6249999912   0.0000000270  -0.0000000134   0.0000000270
   2.6299999912   0.0000000355  -0.0000000147   0.0000000355
   2.6349999912   0.0000000378  -0.0000000147   0.0000000378
   2.6399999911   0.0000000301  -0.0000000123   0.0000000301
   2.6449999911   0.0000000090  -0.0000000057   0.0000000090
   2.6499999911  -0.0000000276   0.0000000070  -0.0000000276
   2.6549999911  -0.0000000794   0.0000000272  -0.0000000794
   2.6599999911  -0.0000001426   0.0000000552  -0.0000001426
   2.6649999911  -0.0000002083   0.0000000885  -0.0000002083
   2.6699999910  -0.0000002616   0.0000001215  -0.0000002616
   2.6749999910  -0.0000002808   0.0000001443  -0.0000002808
   2.6799999910  -0.0000002388   0.0000001431  -0.0000002388
   2.6849999910  -0.0000001057   0.0000001012  -0.0000001057
   2.6899999910   0.0000001451   0.0000000020   0.0000001451
   2.6949999909   0.0000005280  -0.0000001669   0.0000005280
   2.6999999909   0.0000010330  -0.0000004075   0.0000010330
   2.7049999909   0.0000016130  -0.0000007053   0.0000016130
   2.7099999909   0.0000021714  -0.0000010214   0.0000021714
   2.7149999909   0.0000025545  -0.0000012881   0.0000025545
   2.7199999909   0.0000025527  -0.0000014066   0.0000025527
   2.7249999908   0.0000019162  -0.0000012517   0.0000019162
   2.7299999908   0.0000003889  -0.0000006847   0.0000003889
   2.7349999908  -0.0000022375   0.0000004235  -0.0000022375
   2.7399999908  -0.0000060476   0.0000021572  -0.0000060476
   2.7449999908  -0.0000109116   0.0000045110  -0.0000109116
   2.7499999908  -0.0000163892   0.0000073390  -0.0000163892
   2.7549999907  -0.0000216449   0.0000103040  -0.0000216449
   2.7599999907  -0.0000253983   0.0000128385  -0.0000253983
   2.7649999907  -0.0000259352   0.0000141315  -0.0000259352
   2.7699999907  -0.0000212105   0.0000131548  -0.0000212105
   2.7749999907  -0.0000090671   0.0000087475  -0.0000090671
   2.7799999907   0.0000124093  -0.0000002306   0.0000124093
   2.7849999906   0.0000443975  -0.0000146688   0.0000443975
   2.7899999906   0.0000867242  -0.0000349003   0.0000867242
   2.7949999906   0.0001371672  -0.0000603375   0.0001371672
   2.7999999906   0.0001907461  -0.0000890773   0.0001907461
   2.8049999906   0.0002390948  -0.0001175208   0.0002390948
   2.8099999906   0.0002700300  -0.0001400672   0.0002700300
   2.8149999905   0.0002674377  -0.0001489465   0.0002674377
   2.8199999905   0.0002115946  -0.0001342624   0.0002115946
   2.8249999905   0.0000800129  -0.0000843045   0.0000800129
   2.8299999905  -0.0001511480   0.0000138274  -0.0001511480
   2.8349999905  -0.0005051218   0.0001732756  -0.0005051218
   2.8399999905  -0.0010021271   0.0004061823  -0.0010021271
   2.8449999904  -0.0016566872   0.0007222252  -0.0016566872
   2.8499999904  -0.0024749341   0.0011270516  -0.0024749341
   2.8549999904  -0.0034522042   0.0016207714  -0.0034522042
   2.8599999904  -0.0045712585   0.0021966955  -0.0045712585
   2.8649999904  -0.0058014436   0.0028405125  -0.0058014436
   2.8699999904  -0.0070990450   0.0035300808  -0.0070990450
   2.8749999903  -0.0084089749   0.0042359641  -0.0084089749
   2.8799999903  -0.0096677914   0.0049227714  -0.0096677914
   2.8849999903  -0.0108078798   0.0055512697  -0.0108078798
   2.8899999903  -0.0117624592   0.0060811389  -0.0117624592
   2.8949999903  -0.0124709362   0.0064741434  -0.0124709362
   2.8999999903  -0.0128840366   0.0066974141  -0.0128840366
   2.9049999902  -0.0129681225   0.0067264889  -0.0129681225
   2.9099999902  -0.0127081603   0.0065477580  -0.0127081603
   2.9149999902  -0.0121089446   0.0061599996  -0.0121089446
   2.9199999902  -0.0111943878   0.0055747880  -0.0111943878
   2.9249999902  -0.0100049375   0.0048156801  -0.0100049375
   2.9299999902  -0.0085934342   0.0039162416  -0.0085934342
   2.9349999901  -0.0070199498   0.0029171245  -0.0070199498
   2.9399999901  -0.0053462971   0.0018625404  -0.0053462971
   2.9449999901  -0.0036309519   0.0007965588  -0.0036309519
   2.9499999901  -0.0019250689  -0.0002403090  -0.0019250689
   2.9549999901  -0.0002700913  -0.0012138242  -0.0002700913
   2.9599999901   0.0013028032  -0.0020977211   0.0013028032
   2.9649999900   0.0027714975  -0.0028742371   0.0027714975
   2.9699999900   0.0041203501  -0.0035335043   0.0041203501
   2.9749999900   0.0053368643  -0.0040720107   0.0053368643
   2.9799999900   0.0064083845  -0.0044904940   0.0064083845
   2.9849999900   0.0073195980  -0.0047917133   0.0073195980
   2.9899999900   0.0080514761  -0.0049785565   0.0080514761
   2.9949999899   0.0085820192  -0.0050528665   0.0085820192
   2.9999999899   0.0088888102  -0.0050152229   0.0088888102
   3.0049999899   0.0089530085  -0.0048657209   0.0089530085
   3.0099999899   0.0087640838  -0.0046055797   0.0087640838
   3.0149999899   0.0083243772  -0.0042392304   0.0083243772
   3.0199999899   0.0076525258  -0.0037764057   0.0076525258
   3.0249999898   0.0067849155  -0.0032337239   0.0067849155
   3.0299999898   0.0057746243  -0.0026353141   0.0057746243
   3.0349999898   0.0046877377  -0.0020121890   0.0046877377
   3.0399999898   0.0035973798  -0.0014002858   0.0035973798
   3.0449999898   0.0025762323  -0.0008373468   0.0025762323
   3.0499999898   0.0016886229  -0.0003590381   0.0016886229
   3.0549999897   0.0009833885   0.0000051280   0.0009833885
   3.0599999897   0.0004886359   0.0002354252   0.0004886359
   3.0649999897   0.0002092360   0.0003245023   0.0002092360
   3.0699999897   0.0001274490   0.0002784758   0.0001274490
   3.0749999897   0.0002065636   0.0001163055   0.0002065636
   3.0799999897   0.0003969408  -0.0001324940   0.0003969408
   3.0849999896   0.0006434687  -0.0004314866   0.0006434687
   3.0899999896   0.0008932318  -0.0007417574   0.0008932318
   3.0949999896   0.0011022123  -0.0010265128   0.0011022123
   3.0999999896   0.0012400593  -0.0012551781   0.0012400593
   3.1049999896   0.0012923451  -0.0014064346   0.0012923451
   3.1099999896   0.0012601914  -0.0014698352   0.0012601914
   3.1149999895   0.0011576033  -0.0014458802   0.0011576033
   3.1199999895   0.0010072091  -0.0013446827   0.0010072091
   3.1249999895   0.0008353073  -0.0011835607   0.0008353073
   3.1299999895   0.0006671346  -0.0009840238   0.0006671346
   3.1349999895   0.0005231155  -0.0007686586   0.0005231155
   3.1399999895   0.0004165637  -0.0005583652   0.0004165637
   3.1449999894   0.0003529710  -0.0003702712   0.0003529710
   3.1499999894   0.0003306980  -0.0002164882   0.0003306980
   3.1549999894   0.0003426516  -0.0001037107   0.0003426516
   3.1599999894   0.0003784273  -0.0000335274   0.0003784273
   3.1649999894   0.0004264235  -0.0000032323   0.0004264235
   3.1699999894   0.0004755660  -0.0000069073   0.0004755660
   3.1749999893   0.0005164674  -0.0000365740   0.0005164674
   3.1799999893   0.0005420342  -0.0000832774   0.0005420342
   3.1849999893   0.0005476621  -0.0001380301   0.0005476621
   3.1899999893   0.0005312100  -0.0001925975   0.0005312100
   3.1949999893   0.0004929056  -0.0002401316   0.0004929056
   3.1999999893   0.0004352383  -0.0002756519   0.0004352383
   3.2049999892   0.0003627838  -0.0002963516   0.0003627838
   3.2099999892   0.0002818266  -0.0003016805   0.0002818266
   3.2149999892   0.0001996371  -0.0002931471   0.0001996371
   3.2199999892   0.0001233342  -0.0002738060   0.0001233342
   3.2249999892   0.0000584021  -0.0002474507   0.0000584021
   3.2299999892   0.0000070980  -0.0002176047   0.0000070980
   3.2349999891  -0.0000328842  -0.0001864843  -0.0000328842
   3.2399999891  -0.0000690790  -0.0001541518  -0.0000690790
   3.2449999891  -0.0001139021  -0.0001180833  -0.0001139021
   3.2499999891  -0.0001831389  -0.0000733157  -0.0001831389
   3.2549999891  -0.0002933909  -0.0000132273  -0.0002933909
   3.2599999891  -0.0004588930   0.0000691434  -0.0004588930
   3.2649999890  -0.0006883403   0.0001794750  -0.0006883403
   3.2699999890  -0.0009824546   0.0003205823  -0.0009824546
   3.2749999890  -0.0013329292   0.0004912461  -0.0013329292
   3.2799999890  -0.0017231290   0.0006857694  -0.0017231290
   3.2849999890  -0.0021305273   0.0008944263  -0.0021305273
   3.2899999890  -0.0025304381   0.0011047709  -0.0025304381
   3.2949999889  -0.0029002494   0.0013035629  -0.0029002494
   3.2999999889  -0.0032231857   0.0014789006  -0.0032231857
   3.3049999889  -0.0034906859   0.0016220769  -0.0034906859
   3.3099999889  -0.0037027770   0.0017287158  -0.0037027770
   3.3149999889  -0.0038663009   0.0017989049  -0.0038663009
   3.3199999889  -0.0039913928   0.0018362765  -0.0039913928
   3.3249999888  -0.0040870827   0.0018462576  -0.0040870827
   3.3299999888  -0.0041571635   0.0018339257  -0.0041571635
   3.3349999888  -0.0041974625   0.0018020350  -0.0041974625
   3.3399999888  -0.0041953420   0.0017497499  -0.0041953420
   3.3449999888  -0.0041317178   0.0016724677  -0.0041317178
   3.3499999888  -0.0039852344   0.0015628390  -0.0039852344
   3.3549999887  -0.0037376510   0.0014127850  -0.0037376510
   3.3599999887  -0.0033791208   0.0012160366  -0.0033791208
   3.3649999887  -0.0029120013   0.0009705552  -0.0029120013
   3.3699999887  -0.0023521431   0.0006801929  -0.0023521431
   3.3749999887  -0.0017271970   0.0003551135  -0.0017271970
   3.3799999886  -0.0010722258   0.0000107881  -0.0010722258
   3.3849999886  -0.0004235978  -0.0003342612  -0.0004235978
   3.3899999886   0.0001873884  -0.0006614764   0.0001873884
   3.3949999886   0.0007395966  -0.0009553319   0.0007395966
   3.3999999886   0.0012246057  -0.0012057246   0.0012246057
   3.4049999886   0.0016460975  -0.0014091070   0.0016460975
   3.4099999885   0.0020162708  -0.0015680996   0.0020162708
   3.4149999885   0.0023502499  -0.0016897048   0.0023502499
   3.4199999885   0.0026600037  -0.0017826062   0.0026600037
   3.4249999885   0.0029494361  -0.0018542792   0.0029494361
   3.4299999885   0.0032120217  -0.0019086890   0.0032120217
   3.4349999885   0.0034316868  -0.0019451985   0.0034316868
   3.4399999884   0.0035867676  -0.0019589850   0.0035867676
   3.4449999884   0.0036560277  -0.0019428527   0.0036560277
   3.4499999884   0.0036251243  -0.0018899431   0.0036251243
   3.4549999884   0.0034917456  -0.0017965877   0.0034917456
   3.4599999884   0.0032679514  -0.0016644877   0.0032679514
   3.4649999884   0.0029789654  -0.0015015730   0.0029789654
   3.4699999883   0.0026586075  -0.0013212361   0.0026586075
   3.4749999883   0.0023424610  -0.0011400720   0.0023424610
   3.4799999883   0.0020605045  -0.0009746647   0.0020605045
   3.4849999883   0.0018311113  -0.0008382331   0.0018311113
   3.4899999883   0.0016579863  -0.0007380039   0.0016579863
   3.4949999883   0.0015308407  -0.0006740006   0.0015308407
   3.4999999882   0.0014296121  -0.0006395725   0.0014296121
   3.5049999882   0.0013310802  -0.0006235246   0.0013310802
   3.5099999882   0.0012160777  -0.0006132857   0.0012160777
   3.5149999882   0.0010753252  -0.0005982693   0.0010753252
   3.5199999882   0.0009122928  -0.0005725348   0.0009122928
   3.5249999882   0.0007423039  -0.0005360444   0.0007423039
   3.5299999881   0.0005881338  -0.0004942003   0.0005881338
   3.5349999881   0.0004733315  -0.0004558164   0.0004733315
   3.5399999881   0.0004151388  -0.0004301140   0.0004151388
   3.5449999881   0.0004190074  -0.0004236004   0.0004190074
   3.5499999881   0.0004762886  -0.0004377225   0.0004762886
   3.5549999881   0.0005657986  -0.0004679744   0.0005657986
   3.5599999880   0.0006588880  -0.0005047312   0.0006588880
   3.5649999880   0.0007266615  -0.0005355983   0.0007266615
   3.5699999880   0.0007473800  -0.0005486390   0.0007473800
   3.5749999880   0.0007120106  -0.0005355878   0.0007120106
   3.5799999880   0.0006263837  -0.0004941552   0.0006263837
   3.5849999880   0.0005093523  -0.0004287720   0.0005093523
   3.5899999879   0.0003874509  -0.0003495510   0.0003874509
   3.5949999879   0.0002875255  -0.0002697352   0.0002875255
   3.5999999879   0.0002293724  -0.0002023219   0.0002293724
   3.6049999879   0.0002204204  -0.0001567795   0.0002204204
   3.6099999879   0.0002539195  -0.0001367504   0.0002539195
   3.6149999879   0.0003111182  -0.0001393561   0.0003111182
   3.6199999878   0.0003667934  -0.0001562776   0.0003667934
   3.6249999878   0.0003965605  -0.0001762908   0.0003965605
   3.6299999878   0.0003838925  -0.0001885346   0.0003838925
   3.6349999878   0.0003248724  -0.0001855926   0.0003248724
   3.6399999878   0.0002293425  -0.0001655300   0.0002293425
   3.6449999878   0.0001181421  -0.0001323262   0.0001181421
   3.6499999877   0.0000172281  -0.0000946031   0.0000172281
   3.6549999877  -0.0000496479  -0.0000630260  -0.0000496479
   3.6599999877  -0.0000676304  -0.0000471282  -0.0000676304
   3.6649999877  -0.0000349316  -0.0000524667  -0.0000349316
   3.6699999877   0.0000366818  -0.0000789156   0.0000366818
   3.6749999877   0.0001252045  -0.0001205762   0.0001252045
   3.6799999876   0.0002045521  -0.0001673233   0.0002045521
   3.6849999876   0.0002518104  -0.0002075446   0.0002518104
   3.6899999876   0.0002535243  -0.0002312961   0.0002535243
   3.6949999876   0.0002092663  -0.0002329866   0.0002092663
   3.6999999876   0.0001315122  -0.0002128436   0.0001315122
   3.7049999876   0.0000419014  -0.0001767629   0.0000419014
   3.7099999875  -0.0000350140  -0.0001346034  -0.0000350140
   3.7149999875  -0.0000787367  -0.0000974204  -0.0000787367
   3.7199999875  -0.0000785307  -0.0000744264  -0.0000785307
   3.7249999875  -0.0000362776  -0.0000705262  -0.0000362776
   3.7299999875   0.0000342767  -0.0000851044   0.0000342767
   3.7349999875   0.0001116098  -0.0001123754   0.0001116098
   3.7399999874   0.0001726305  -0.0001431649   0.0001726305
   3.7449999874   0.0001992118  -0.0001675921   0.0001992118
   3.7499999874   0.0001831965  -0.0001778801   0.0001831965
   3.7549999874   0.0001284928  -0.0001705038   0.0001284928
   3.7599999874   0.0000497262  -0.0001470886   0.0000497262
   3.7649999874  -0.0000320937  -0.0001138378  -0.0000320937
   3.7699999873  -0.0000956026  -0.0000796863  -0.0000956026
   3.7749999873  -0.0001250627  -0.0000537320  -0.0001250627
   3.7799999873  -0.0001146122  -0.0000426828  -0.0001146122
   3.7849999873  -0.0000696260  -0.0000490375  -0.0000696260
   3.7899999873  -0.0000048850  -0.0000704886  -0.0000048850
   3.7949999873   0.0000598434  -0.0001006821   0.0000598434
   3.7999999872   0.0001054915  -0.0001310828   0.0001054915
   3.8049999872   0.0001190058  -0.0001533909   0.0001190058
   3.8099999872   0.0000968055  -0.0001618206   0.0000968055
   3.8149999872   0.0000454718  -0.0001546101   0.0000454718
   3.8199999872  -0.0000204320  -0.0001343673  -0.0000204320
   3.8249999872  -0.0000826994  -0.0001071978  -0.0000826994
   3.8299999871  -0.0001246823  -0.0000808972  -0.0001246823
   3.8349999871  -0.0001358675  -0.0000627460  -0.0001358675
   3.8399999871  -0.0001145698  -0.0000575290  -0.0001145698
   3.8449999871  -0.0000680645  -0.0000663192  -0.0000680645
   3.8499999871  -0.0000102288  -0.0000863285  -0.0000102288
   3.8549999871   0.0000425453  -0.0001118220   0.0000425453
   3.8599999870   0.0000759522  -0.0001357967   0.0000759522
   3.8649999870   0.0000815881  -0.0001519321   0.0000815881
   3.8699999870   0.0000589598  -0.0001562655   0.0000589598
   3.8749999870   0.0000152236  -0.0001481492   0.0000152236
   3.8799999870  -0.0000371574  -0.0001302663  -0.0000371574
   3.8849999870  -0.0000840788  -0.0001077496  -0.0000840788
   3.8899999869  -0.0001137035  -0.0000866905  -0.0001137035
   3.8949999869  -0.0001195271  -0.0000724734  -0.0001195271
   3.8999999869  -0.0001018120  -0.0000683941  -0.0001018120
   3.9049999869  -0.0000671017  -0.0000749133  -0.0000671017
   3.9099999869  -0.0000260705  -0.0000897067  -0.0000260705
   3.9149999869   0.0000095984  -0.0001084461   0.0000095984
   3.9199999868   0.0000303952  -0.0001260579   0.0000303952
   3.9249999868   0.0000313660  -0.0001380941   0.0000313660
   3.9299999868   0.0000131156  -0.0001418490   0.0000131156
   3.9349999868  -0.0000187330  -0.0001369482  -0.0000187330
   3.9399999868  -0.0000553584  -0.0001252946  -0.0000553584
   3.9449999868  -0.0000872589  -0.0001104332  -0.0000872589
   3.9499999867  -0.0001067504  -0.0000965411  -0.0001067504
   3.9549999867  -0.0001097985  -0.0000873269  -0.0001097985
   3.9599999867  -0.0000967709  -0.0000851249  -0.0000967709
   3.9649999867  -0.0000720156  -0.0000903944  -0.0000720156
   3.9699999867  -0.0000424807  -0.0001017158  -0.0000424807
   3.9749999867  -0.0000158112  -0.0001162462  -0.0000158112
   3.9799999866   0.0000015573  -0.0001304884   0.0000015573
   3.9849999866   0.0000058472  -0.0001411657   0.0000058472
   3.9899999866  -0.0000033714  -0.0001459896  -0.0000033714
   3.9949999866  -0.0000233321  -0.0001441496  -0.0000233321
   3.9999999866  -0.0000489443  -0.0001364338  -0.0000489443
   4.0049999866  -0.0000741160  -0.0001249778  -0.0000741160
   4.0099999865  -0.0000931914  -0.0001127208  -0.0000931914
   4.0149999865  -0.0001021829  -0.0001027056  -0.0001021829
   4.0199999865  -0.0000995576  -0.0000973822  -0.0000995576
   4.0249999865  -0.0000864526  -0.0000980664  -0.0000864526
   4.0299999865  -0.0000663160  -0.0001046639  -0.0000663160
   4.0349999864  -0.0000440791  -0.0001157141  -0.0000440791
   4.0399999864  -0.0000250432  -0.0001287392  -0.0000250432
   4.0449999864  -0.0000137082  -0.0001408223  -0.0000137082
   4.0499999864  -0.0000127791  -0.0001492864  -0.0000127791
   4.0549999864  -0.0000225537  -0.0001523254  -0.0000225537
   4.0599999864  -0.0000408279  -0.0001494408  -0.0000408279
   4.0649999863  -0.0000633601  -0.0001415786  -0.0000633601
   4.0699999863  -0.0000848173  -0.0001309226  -0.0000848173
   4.0749999863  -0.0001000157  -0.0001203810  -0.0001000157
   4.0799999863  -0.0001051835  -0.0001128784  -0.0001051835
   4.0849999863  -0.0000989414  -0.0001106201  -0.0000989414
   4.0899999863  -0.0000827406  -0.0001145131  -0.0000827406
   4.0949999862  -0.0000606099  -0.0001238982  -0.0000606099
   4.0999999862  -0.0000382290  -0.0001366777  -0.0000382290
   4.1049999862  -0.0000215244  -0.0001498229  -0.0000215244
   4.1099999862  -0.0000151280  -0.0001601454  -0.0000151280
   4.1149999862  -0.0000211023  -0.0001651369  -0.0000211023
   4.1199999862  -0.0000382904  -0.0001636573  -0.0000382904
   4.1249999861  -0.0000625052  -0.0001562770  -0.0000625052
   4.1299999861  -0.0000875472  -0.0001451693  -0.0000875472
   4.1349999861  -0.0001068144  -0.0001335644  -0.0001068144
   4.1399999861  -0.0001150820  -0.0001249013  -0.0001150820
   4.1449999861  -0.0001099681  -0.0001218995  -0.0001099681
   4.1499999861  -0.0000926618  -0.0001258051  -0.0000926618
   4.1549999860  -0.0000676859  -0.0001360235  -0.0000676859
   4.1599999860  -0.0000417298  -0.0001502490  -0.0000417298
   4.1649999860  -0.0000218541  -0.0001650663  -0.0000218541
   4.1699999860  -0.0000135567  -0.0001768664  -0.0000135567
   4.1749999860  -0.0000192392  -0.0001828266  -0.0000192392
   4.1799999860  -0.0000375148  -0.0001816856  -0.0000375148
   4.1849999859  -0.0000635615  -0.0001740958  -0.0000635615
   4.1899999859  -0.0000904345  -0.0001624526  -0.0000904345
   4.1949999859  -0.0001109755  -0.0001502453  -0.0001109755
   4.1999999859  -0.0001197835  -0.0001411077  -0.0001197835
   4.2049999859  -0.0001146940  -0.0001378319  -0.0001146940
   4.2099999859  -0.0000973522  -0.0001416174  -0.0000973522
   4.2149999858  -0.0000727232  -0.0001517603  -0.0000727232
   4.2199999858  -0.0000476858  -0.0001658660  -0.0000476858
   4.2249999858  -0.0000291134  -0.0001805212  -0.0000291134
   4.2299999858  -0.0000219873  -0.0001922332  -0.0000219873
   4.2349999858  -0.0000280669  -0.0001983762  -0.0000280669
   4.2399999858  -0.0000454786  -0.0001978841  -0.0000454786
   4.2449999857  -0.0000693153  -0.0001915046  -0.0000693153
   4.2499999857  -0.0000930560  -0.0001815563  -0.0000930560
   4.2549999857  -0.0001103875  -0.0001712643  -0.0001103875
   4.2599999857  -0.0001169150  -0.0001638683  -0.0001169150
   4.2649999857  -0.0001112910  -0.0001617508  -0.0001112910
   4.2699999857  -0.0000954769  -0.0001658211  -0.0000954769
   4.2749999856  -0.0000740964  -0.0001753158  -0.0000740964
   4.2799999856  -0.0000530959  -0.0001880539  -0.0000530959
   4.2849999856  -0.0000381053  -0.0002010639  -0.0000381053
   4.2899999856  -0.0000329548  -0.0002114001  -0.0000329548
   4.2949999856  -0.0000387402  -0.0002169224  -0.0000387402
   4.2999999856  -0.0000536567  -0.0002168330  -0.0000536567
   4.3049999855  -0.0000736052  -0.0002118382  -0.0000736052
   4.3099999855  -0.0000933671  -0.0002039073  -0.0000933671
   4.3149999855  -0.0001080062  -0.0001957122  -0.0001080062
   4.3199999855  -0.0001141197  -0.0001899086  -0.0001141197
   4.3249999855  -0.0001106234  -0.0001884545  -0.0001106234
   4.3299999855  -0.0000989015  -0.0001921405  -0.0000989015
   4.3349999854  -0.0000823246  -0.0002004405  -0.0000823246
   4.3399999854  -0.0000653018  -0.0002117034  -0.0000653018
   4.3449999854  -0.0000521347  -0.0002236168  -0.0000521347
   4.3499999854  -0.0000459717  -0.0002338106  -0.0000459717
   4.3549999854  -0.0000481088  -0.0002404421  -0.0000481088
   4.3599999854  -0.0000577820  -0.0002426197  -0.0000577820
   4.3649999853  -0.0000724633  -0.0002405742  -0.0000724633
   4.3699999853  -0.0000885552  -0.0002355514  -0.0000885552
   4.3749999853  -0.0001022927  -0.0002294703  -0.0001022927
   4.3799999853  -0.0001106318  -0.0002244417  -0.0001106318
   4.3849999853  -0.0001119238  -0.0002222641  -0.0001119238
   4.3899999853  -0.0001062362  -0.0002240156  -0.0001062362
   4.3949999852  -0.0000952705  -0.0002298262  -0.0000952705
   4.3999999852  -0.0000819151  -0.0002388748  -0.0000819151
   4.4049999852  -0.0000695467  -0.0002496023  -0.0000695467
   4.4099999852  -0.0000612424  -0.0002600887  -0.0000612424
   4.4149999852  -0.0000590756  -0.0002685078  -0.0000590756
   4.4199999852  -0.0000636481  -0.0002735572  -0.0000636481
   4.4249999851  -0.0000739603  -0.0002747679  -0.0000739603
   4.4299999851  -0.0000876461  -0.0002726210  -0.0000876461
   4.4349999851  -0.0001015258  -0.0002684393  -0.0001015258
   4.4399999851  -0.0001123572  -0.0002640753  -0.0001123572
   4.4449999851  -0.0001176146  -0.0002614604  -0.0001176146
   4.4499999851  -0.0001161162  -0.0002621237  -0.0001161162
   4.4549999850  -0.0001083434  -0.0002667972  -0.0001083434
   4.4599999850  -0.0000963617  -0.0002752111  -0.0000963617
   4.4649999850  -0.0000833454  -0.0002861418  -0.0000833454
   4.4699999850  -0.0000728077  -0.0002977084  -0.0000728077
   4.4749999850  -0.0000677158  -0.0003078504  -0.0000677158
   4.4799999850  -0.0000697158  -0.0003148657  -0.0000697158
   4.4849999849  -0.0000786717  -0.0003178659  -0.0000786717
   4.4899999849  -0.0000926541  -0.0003170249  -0.0000926541
   4.4949999849  -0.0001083995  -0.0003135473  -0.0001083995
   4.4999999849  -0.0001221366  -0.0003093606  -0.0001221366
   4.5049999849  -0.0001305695  -0.0003066097  -0.0001305695
   4.5099999849  -0.0001317574  -0.0003070901  -0.0001317574
   4.5149999848  -0.0001256500  -0.0003117723  -0.0001256500
   4.5199999848  -0.0001141231  -0.0003205471  -0.0001141231
   4.5249999848  -0.0001004969  -0.0003322600  -0.0001004969
   4.5299999848  -0.0000886584  -0.0003450218  -0.0000886584
   4.5349999848  -0.0000820270  -0.0003567112  -0.0000820270
   4.5399999848  -0.0000826427  -0.0003655304  -0.0000826427
   4.5449999847  -0.0000906305  -0.0003704671  -0.0000906305
   4.5499999847  -0.0001041839  -0.0003715431  -0.0001041839
   4.5549999847  -0.0001200702  -0.0003697886  -0.0001200702
   4.5599999847  -0.0001345123  -0.0003669580  -0.0001345123
   4.5649999847  -0.0001442023  -0.0003650659  -0.0001442023
   4.5699999847  -0.0001471678  -0.0003658673  -0.0001471678
   4.5749999846  -0.0001432604  -0.0003704175  -0.0001432604
   4.5799999846  -0.0001341461  -0.0003788202  -0.0001341461
   4.5849999846  -0.0001228160  -0.0003902226  -0.0001228160
   4.5899999846  -0.0001127629  -0.0004030533  -0.0001127629
   4.5949999846  -0.0001070579  -0.0004154377  -0.0001070579
   4.5999999846  -0.0001075702  -0.0004256812  -0.0001075702
   4.6049999845  -0.0001145308  -0.0004326990  -0.0001145308
   4.6099999845  -0.0001265356  -0.0004362828  -0.0001265356
   4.6149999845  -0.0001409663  -0.0004371393  -0.0001409663
   4.6199999845  -0.0001547017  -0.0004366945  -0.0001547017
   4.6249999845  -0.0001649250  -0.0004367148  -0.0001649250
   4.6299999845  -0.0001698191  -0.0004388471  -0.0001698191
   4.6349999844  -0.0001689839  -0.0004441952  -0.0001689839
   4.6399999844  -0.0001634845  -0.0004530446  -0.0001634845
   4.6449999844  -0.0001555374  -0.0004648033  -0.0001555374
   4.6499999844  -0.0001479275  -0.0004781716  -0.0001479275
   4.6549999844  -0.0001433085  -0.0004914911  -0.0001433085
   4.6599999844  -0.0001435602  -0.0005031777  -0.0001435602
   4.6649999843  -0.0001493554  -0.0005121238  -0.0001493554
   4.6699999843  -0.0001600308  -0.0005179649  -0.0001600308
   4.6749999843  -0.0001737846  -0.0005211481  -0.0001737846
   4.6799999843  -0.0001881404  -0.0005227929  -0.0001881404
   4.6849999843  -0.0002005614  -0.0005243890  -0.0002005614
   4.6899999843  -0.0002090627  -0.0005274155  -0.0002090627
   4.6949999842  -0.0002126758  -0.0005329817  -0.0002126758
   4.6999999842  -0.0002116597  -0.0005415744  -0.0002116597
   4.7049999842  -0.0002074133  -0.0005529674  -0.0002074133
   4.7099999842  -0.0002021173  -0.0005663045  -0.0002021173
   4.7149999842  -0.0001981986  -0.0005803258  -0.0001981986
   4.7199999841  -0.0001977463  -0.0005936780  -0.0001977463
   4.7249999841  -0.0002020215  -0.0006052342  -0.0002020215
   4.7299999841  -0.0002111727  -0.0006143532  -0.0002111727
   4.7349999841  -0.0002242209  -0.0006210219  -0.0002242209
   4.7399999841  -0.0002393137  -0.0006258548  -0.0002393137
   4.7449999841  -0.0002541825  -0.0006299492  -0.0002541825
   4.7499999840  -0.0002666951  -0.0006346294  -0.0002666951
   4.7549999840  -0.0002753717  -0.0006411338  -0.0002753717
   4.7599999840  -0.0002797441  -0.0006503151  -0.0002797441
   4.7649999840  -0.0002804739  -0.0006624228  -0.0002804739
   4.7699999840  -0.0002792010  -0.0006770238  -0.0002792010
   4.7749999840  -0.0002781571  -0.0006930862  -0.0002781571
   4.7799999839  -0.0002796337  -0.0007092121  -0.0002796337
   4.7849999839  -0.0002854304  -0.0007239667  -0.0002854304
   4.7899999839  -0.0002964184  -0.0007362213  -0.0002964184
   4.7949999839  -0.0003123284  -0.0007454215  -0.0003123284
   4.7999999839  -0.0003318206  -0.0007517056  -0.0003318206
   4.8049999839  -0.0003528258  -0.0007558382  -0.0003528258
   4.8099999838  -0.0003730760  -0.0007589754  -0.0003730760
   4.8149999838  -0.0003906929  -0.0007623214  -0.0003906929
   4.8199999838  -0.0004046798  -0.0007667737  -0.0004046798
   4.8249999838  -0.0004151872  -0.0007726524  -0.0004151872
   4.8299999838  -0.0004234746  -0.0007795909  -0.0004234746
   4.8349999838  -0.0004315731  -0.0007866165  -0.0004315731
   4.8399999837  -0.0004417340  -0.0007924000  -0.0004417340
   4.8449999837  -0.0004558060  -0.0007956059  -0.0004558060
   4.8499999837  -0.0004747061  -0.0007952522  -0.0004747061
   4.8549999837  -0.0004981236  -0.0007909876  -0.0004981236
   4.8599999837  -0.0005245345  -0.0007832185  -0.0005245345
   4.8649999837  -0.0005515192  -0.0007730622  -0.0005515192
   4.8699999836  -0.0005762946  -0.0007621433  -0.0005762946
   4.8749999836  -0.0005963191  -0.0007522894  -0.0005963191
   4.8799999836  -0.0006098111  -0.0007452041  -0.0006098111
   4.8849999836  -0.0006160530  -0.0007421932  -0.0006160530
   4.8899999836  -0.0006154100  -0.0007440061  -0.0006154100
   4.8949999836  -0.0006090753  -0.0007508224  -0.0006090753
   4.8999999835  -0.0005986187  -0.0007623773  -0.0005986187
   4.9049999835  -0.0005854655  -0.0007781867  -0.0005854655
   4.9099999835  -0.0005704426  -0.0007978089  -0.0005704426
   4.9149999835  -0.0005535067  -0.0008210698  -0.0005535067
   4.9199999835  -0.0005337169  -0.0008481861  -0.0005337169
   4.9249999835  -0.0005094546  -0.0008797479  -0.0005094546
   4.9299999834  -0.0004788320  -0.0009165518  -0.0004788320
   4.9349999834  -0.0004401868  -0.0009593190  -0.0004401868
   4.9399999834  -0.0003925465  -0.0010083599  -0.0003925465
   4.9449999834  -0.0003359539  -0.0010632637  -0.0003359539
   4.9499999834  -0.0002715807  -0.0011226900  -0.0002715807
   4.9549999834  -0.0002016087  -0.0011843129  -0.0002016087
   4.9599999833  -0.0001289086  -0.0012449312  -0.0001289086
   4.9649999833  -0.0000565953  -0.0013007200  -0.0000565953
   4.9699999833   0.0000124357  -0.0013475641   0.0000124357
   4.9749999833   0.0000758848  -0.0013813963   0.0000758848
   4.9799999833   0.0001322545  -0.0013984738   0.0001322545
   4.9849999833   0.0001808462  -0.0013955417   0.0001808462
   4.9899999832   0.0002215601  -0.0013698740   0.0002215601
   4.9949999832   0.0002545618  -0.0013192123   0.0002545618
   4.9999999832   0.0002799080  -0.0012416513   0.0002799080
   5.0049999832   0.0002972374  -0.0011355291   0.0002972374
   5.0099999832   0.0003056094  -0.0009993754   0.0003056094
   5.0149999832   0.0003035397  -0.0008319512   0.0003035397
   5.0199999831   0.0002892271  -0.0006323862   0.0002892271
   5.0249999831   0.0002609216  -0.0004003942   0.0002609216
   5.0299999831   0.0002173463  -0.0001365267   0.0002173463
   5.0349999831   0.0001580748   0.0001575898   0.0001580748
   5.0399999831   0.0000837747   0.0004790819   0.0000837747
   5.0449999831  -0.0000037381   0.0008237689  -0.0000037381
   5.0499999830  -0.0001016503   0.0011862374  -0.0001016503
   5.0549999830  -0.0002064736   0.0015600541  -0.0002064736
   5.0599999830  -0.0003144713   0.0019380962  -0.0003144713
   5.0649999830  -0.0004220977   0.0023129570  -0.0004220977
   5.0699999830  -0.0005263597   0.0026773721  -0.0005263597
   5.0749999830  -0.0006250297   0.0030246076  -0.0006250297
   5.0799999829  -0.0007166722   0.0033487610  -0.0007166722
   5.0849999829  -0.0008004918   0.0036449475  -0.0008004918
   5.0899999829  -0.0008760530   0.0039093677  -0.0008760530
   5.0949999829  -0.0009429512   0.0041392839  -0.0009429512
   5.0999999829  -0.0010005279   0.0043329471  -0.0010005279
   5.1049999829  -0.0010477122   0.0044895267  -0.0010477122
   5.1099999828  -0.0010830389   0.0046090837  -0.0010830389
   5.1149999828  -0.0011048455   0.0046926084  -0.0011048455
   5.1199999828  -0.0011116052   0.0047421130  -0.0011116052
   5.1249999828  -0.0011023107   0.0047607433  -0.0011023107
   5.1299999828  -0.0010768078   0.0047528579  -0.0010768078
   5.1349999828  -0.0010359866   0.0047240164  -0.0010359866
   5.1399999827  -0.0009817689   0.0046808374  -0.0009817689
   5.1449999827  -0.0009168846   0.0046307091  -0.0009168846
   5.1499999827  -0.0008444801   0.0045813685  -0.0008444801
   5.1549999827  -0.0007676450   0.0045403966  -0.0007676450
   5.1599999827  -0.0006889660   0.0045146945  -0.0006889660
   5.1649999827  -0.0006102037   0.0045100127  -0.0006102037
   5.1699999826  -0.0005321614   0.0045305946  -0.0005321614
   5.1749999826  -0.0004547604   0.0045789756  -0.0004547604
   5.1799999826  -0.0003772878   0.0046559464  -0.0003772878
   5.1849999826  -0.0002987407   0.0047606652  -0.0002987407
   5.1899999826  -0.0002181709   0.0048908745  -0.0002181709
   5.1949999826  -0.0001349424   0.0050431733  -0.0001349424
   5.1999999825  -0.0000488376   0.0052132900  -0.0000488376
   5.2049999825   0.0000400021   0.0053963186   0.0000400021
   5.2099999825   0.0001312768   0.0055868990   0.0001312768
   5.2149999825   0.0002248052   0.0057793465   0.0002248052
   5.2199999825   0.0003207970   0.0059677526   0.0003207970
   5.2249999825   0.0004200419   0.0061460928   0.0004200419
   5.2299999824   0.0005239584   0.0063083730   0.0005239584
   5.2349999824   0.0006344829   0.0064488346   0.0006344829
   5.2399999824   0.0007538168   0.0065622195   0.0007538168
   5.2449999824   0.0008840838   0.0066440693   0.0008840838
   5.2499999824   0.0010269696   0.0066910178   0.0010269696
   5.2549999824   0.0011834194   0.0067010227   0.0011834194
   5.2599999823   0.0013534550   0.0066734877   0.0013534550
   5.2649999823   0.0015361439   0.0066092391   0.0015361439
   5.2699999823   0.0017297242   0.0065103483   0.0017297242
   5.2749999823   0.0019318493   0.0063798176   0.0019318493
   5.2799999823   0.0021398992   0.0062211721   0.0021398992
   5.2849999823   0.0023512894   0.0060380187   0.0023512894
   5.2899999822   0.0025637125   0.0058336332   0.0025637125
   5.2949999822   0.0027752681   0.0056106321   0.0027752681
   5.2999999822   0.0029844600   0.0053707628   0.0029844600
   5.3049999822   0.0031900748   0.0051148266   0.0031900748
   5.3099999822   0.0033909809   0.0048427218   0.0033909809
   5.3149999822   0.0035859073   0.0045535790   0.0035859073
   5.3199999821   0.0037732649   0.0042459515   0.0037732649
   5.3249999821   0.0039510652   0.0039180229   0.0039510652
   5.3299999821   0.0041169629   0.0035678030   0.0041169629
   5.3349999821   0.0042684251   0.0031932947   0.0042684251
   5.3399999821   0.0044029901   0.0027926305   0.0044029901
   5.3449999821   0.0045185610   0.0023641890   0.0045185610
   5.3499999820   0.0046136634   0.0019067050   0.0046136634
   5.3549999820   0.0046876051   0.0014193941   0.0046876051
   5.3599999820   0.0047404943   0.0009020997   0.0047404943
   5.3649999820   0.0047731078   0.0003554649   0.0047731078
   5.3699999820   0.0047866351  -0.0002188859   0.0047866351
   5.3749999820   0.0047823543  -0.0008181814   0.0047823543
   5.3799999819   0.0047613154  -0.0014383905   0.0047613154
   5.3849999819   0.0047241026  -0.0020741993   0.0047241026
   5.3899999819   0.0046707310  -0.0027191080   0.0046707310
   5.3949999819   0.0046006988  -0.0033656624   0.0046006988
   5.3999999819   0.0045131796  -0.0040058092   0.0045131796
   5.4049999818   0.0044073015  -0.0046313420   0.0044073015
   5.4099999818   0.0042824437  -0.0052343852   0.0042824437
   5.4149999818   0.0041384727  -0.0058078476   0.0041384727
   5.4199999818   0.0039758623  -0.0063457885   0.0039758623
   5.4249999818   0.0037956681  -0.0068436462   0.0037956681
   5.4299999818   0.0035993724  -0.0072983116   0.0035993724
   5.4349999817   0.0033886430  -0.0077080555   0.0033886430
   5.4399999817   0.0031650785  -0.0080723436   0.0031650785
   5.4449999817   0.0029300091  -0.0083915887   0.0029300091
   5.4499999817   0.0026844119  -0.0086668922   0.0026844119
   5.4549999817   0.0024289600  -0.0088998137   0.0024289600
   5.4599999817   0.0021641957  -0.0090921906   0.0021641957
   5.4649999816   0.0018907769  -0.0092460087   0.0018907769
   5.4699999816   0.0016097309  -0.0093633065   0.0016097309
   5.4749999816   0.0013226464  -0.0094460944   0.0013226464
   5.4799999816   0.0010317503  -0.0094962657   0.0010317503
   5.4849999816   0.0007398479  -0.0095154934   0.0007398479
   5.4899999816   0.0004501350  -0.0095051187   0.0004501350
   5.4949999815   0.0001659246  -0.0094660467   0.0001659246
   5.4999999815  -0.0001096555  -0.0093986767  -0.0001096555
   5.5049999815  -0.0003739330  -0.0093028894  -0.0003739330
   5.5099999815  -0.0006248780  -0.0091781083  -0.0006248780
   5.5149999815  -0.0008611807  -0.0090234398  -0.0008611807
   5.5199999815  -0.0010822137  -0.0088378822  -0.0010822137
   5.5249999814  -0.0012878985  -0.0086205832  -0.0012878985
   5.5299999814  -0.0014785130  -0.0083711139  -0.0014785130
   5.5349999814  -0.0016544818  -0.0080897247  -0.0016544818
   5.5399999814  -0.0018161927  -0.0077775473  -0.0018161927
   5.5449999814  -0.0019638748  -0.0074367126  -0.0019638748
   5.5499999814  -0.0020975561  -0.0070703654  -0.0020975561
   5.5549999813  -0.0022171067  -0.0066825673  -0.0022171067
   5.5599999813  -0.0023223513  -0.0062780978  -0.0023223513
   5.5649999813  -0.0024132229  -0.0058621771  -0.0024132229
   5.5699999813  -0.0024899159  -0.0054401471  -0.0024899159
   5.5749999813  -0.0025529999  -0.0050171534  -0.0025529999
   5.5799999813  -0.0026034561  -0.0045978697  -0.0026034561
   5.5849999812  -0.0026426227  -0.0041862981  -0.0026426227
   5.5899999812  -0.0026720507  -0.0037856619  -0.0026720507
   5.5949999812  -0.0026933019  -0.0033983900  -0.0026933019
   5.5999999812  -0.0027077326  -0.0030261770  -0.0027077326
   5.6049999812  -0.0027163195  -0.0026700882  -0.0027163195
   5.6099999812  -0.0027195703  -0.0023306793  -0.0027195703
   5.6149999811  -0.0027175453  -0.0020081036  -0.0027175453
   5.6199999811  -0.0027099863  -0.0017021903  -0.0027099863
   5.6249999811  -0.0026965157  -0.0014124948  -0.0026965157
   5.6299999811  -0.0026768549  -0.0011383316  -0.0026768549
   5.6349999811  -0.0026509965  -0.0008788090  -0.0026509965
   5.6399999811  -0.0026192835  -0.0006328871  -0.0026192835
   5.6449999810  -0.0025823688  -0.0003994684  -0.0025823688
   5.6499999810  -0.0025410664  -0.0001775227  -0.0025410664
   5.6549999810  -0.0024961324   0.0000337696  -0.0024961324
   5.6599999810  -0.0024480403   0.0002348814  -0.0024480403
   5.6649999810  -0.0023968132   0.0004258418  -0.0023968132
   5.6699999810  -0.0023419647   0.0006062053  -0.0023419647
   5.6749999809  -0.0022825727   0.0007751046  -0.0022825727
   5.6799999809  -0.0022174756   0.0009313869  -0.0022174756
   5.6849999809  -0.0021455487   0.0010738160  -0.0021455487
   5.6899999809  -0.0020660033   0.0012013074  -0.0020660033
   5.6949999809  -0.0019786422   0.0013131538  -0.0019786422
   5.6999999809  -0.0018840205   0.0014092023  -0.0018840205
   5.7049999808  -0.0017834809   0.0014899514  -0.0017834809
   5.7099999808  -0.0016790624   0.0015565529  -0.0016790624
   5.7149999808  -0.0015733043   0.0016107224  -0.0015733043
   5.7199999808  -0.0014689871   0.0016545793  -0.0014689871
   5.7249999808  -0.0013688571   0.0016904460  -0.0013688571
   5.7299999808  -0.0012753782   0.0017206424  -0.0012753782
   5.7349999807  -0.0011905423   0.0017473063  -0.0011905423
   5.7399999807  -0.0011157544   0.0017722586  -0.0011157544
   5.7449999807  -0.0010517931   0.0017969232  -0.0010517931
   5.7499999807  -0.0009988331   0.0018222974  -0.0009988331
   5.7549999807  -0.0009565106   0.0018489596  -0.0009565106
   5.7599999807  -0.0009240084   0.0018771005  -0.0009240084
   5.7649999806  -0.0009001415   0.0019065599  -0.0009001415
   5.7699999806  -0.0008834279   0.0019368629  -0.0008834279
   5.7749999806  -0.0008721408   0.0019672480  -0.0008721408
   5.7799999806  -0.0008643442   0.0019966929  -0.0008643442
   5.7849999806  -0.0008579260   0.0020239438  -0.0008579260
   5.7899999806  -0.0008506448   0.0020475600  -0.0008506448
   5.7949999805  -0.0008402096   0.0020659814  -0.0008402096
   5.7999999805  -0.0008244056   0.0020776273  -0.0008244056
   5.8049999805  -0.0008012680   0.0020810247  -0.0008012680
   5.8099999805  -0.0007692907   0.0020749610  -0.0007692907
   5.8149999805  -0.0007276418   0.0020586445  -0.0007276418
   5.8199999805  -0.0006763452   0.0020318522  -0.0006763452
   5.8249999804  -0.0006163837   0.0019950380  -0.0006163837
   5.8299999804  -0.0005496883   0.0019493776  -0.0005496883
   5.8349999804  -0.0004789923   0.0018967313  -0.0004789923
   5.8399999804  -0.0004075599   0.0018395187  -0.0004075599
   5.8449999804  -0.0003388205   0.0017805131  -0.0003388205
   5.8499999804  -0.0002759682   0.0017225818  -0.0002759682
   5.8549999803  -0.0002215927   0.0016684067  -0.0002215927
   5.8599999803  -0.0001774050   0.0016202285  -0.0001774050
   5.8649999803  -0.0001441033   0.0015796512  -0.0001441033
   5.8699999803  -0.0001213941   0.0015475326  -0.0001213941
   5.8749999803  -0.0001081521   0.0015239693  -0.0001081521
   5.8799999803  -0.0001026735   0.0015083654  -0.0001026735
   5.8849999802  -0.0001029645   0.0014995599  -0.0001029645
   5.8899999802  -0.0001070055   0.0014959831  -0.0001070055
   5.8949999802  -0.0001129457   0.0014958100  -0.0001129457
   5.8999999802  -0.0001192078   0.0014970941  -0.0001192078
   5.9049999802  -0.0001245093   0.0014978743  -0.0001245093
   5.9099999802  -0.0001278252   0.0014962613  -0.0001278252
   5.9149999801  -0.0001283309   0.0014905181  -0.0001283309
   5.9199999801  -0.0001253590   0.0014791450  -0.0001253590
   5.9249999801  -0.0001183934   0.0014609784  -0.0001183934
   5.9299999801  -0.0001071031   0.0014352951  -0.0001071031
   5.9349999801  -0.0000914056   0.0014019089  -0.0000914056
   5.9399999801  -0.0000715311   0.0013612369  -0.0000715311
   5.9449999800  -0.0000480647   0.0013143138  -0.0000480647
   5.9499999800  -0.0000219405   0.0012627413  -0.0000219405
   5.9549999800   0.0000056178   0.0012085672   0.0000056178
   5.9599999800   0.0000332085   0.0011541069   0.0000332085
   5.9649999800   0.0000593980   0.0011017246   0.0000593980
   5.9699999800   0.0000828778   0.0010536046   0.0000828778
   5.9749999799   0.0001026091   0.0010115384   0.0001026091
   5.9799999799   0.0001179308   0.0009767549   0.0001179308
   5.9849999799   0.0001286173   0.0009498120   0.0001286173
   5.9899999799   0.0001348781   0.0009305621   0.0001348781
   5.9949999799   0.0001372989   0.0009181941   0.0001372989
