   0.0000000000   0.0000000000   0.0000000000   0.0000000000
   0.0050000000   0.0000000000   0.0000000000   0.0000000000
   0.0100000000   0.0000000000   0.0000000000   0.0000000000
   0.0149999999   0.0000000000   0.0000000000   0.0000000000
   0.0199999999   0.0000000000   0.0000000000   0.0000000000
   0.0249999999   0.0000000000   0.0000000000   0.0000000000
   0.0299999999   0.0000000000   0.0000000000   0.0000000000
   0.0349999999   0.0000000000   0.0000000000   0.0000000000
   0.0399999999   0.0000000000   0.0000000000   0.0000000000
   0.0449999998   0.0000000000   0.0000000000   0.0000000000
   0.0499999998   0.0000000000   0.0000000000   0.0000000000
   0.0549999998   0.0000000000   0.0000000000   0.0000000000
   0.0599999998   0.0000000000   0.0000000000   0.0000000000
   0.0649999998   0.0000000000   0.0000000000   0.0000000000
   0.0699999998   0.0000000000   0.0000000000   0.0000000000
   0.0749999997   0.0000000000   0.0000000000   0.0000000000
   0.0799999997   0.0000000000   0.0000000000   0.0000000000
   0.0849999997  -0.0000000000   0.0000000000  -0.0000000000
   0.0899999997  -0.0000000000   0.0000000000  -0.0000000000
   0.0949999997  -0.0000000000   0.0000000000  -0.0000000000
   0.0999999997  -0.0000000000   0.0000000000  -0.0000000000
   0.1049999996  -0.0000000000   0.0000000000  -0.0000000000
   0.1099999996  -0.0000000000   0.0000000000  -0.0000000000
   0.1149999996  -0.0000000000   0.0000000000  -0.0000000000
   0.1199999996  -0.0000000000   0.0000000000  -0.0000000000
   0.1249999996  -0.0000000000   0.0000000000  -0.0000000000
   0.1299999996  -0.0000000000   0.0000000000  -0.0000000000
   0.1349999995   0.0000000000   0.0000000000   0.0000000000
   0.1399999995   0.0000000000  -0.0000000000   0.0000000000
   0.1449999995   0.0000000000  -0.0000000000   0.0000000000
   0.1499999995   0.0000000000  -0.0000000000   0.0000000000
   0.1549999995   0.0000000000  -0.0000000000   0.0000000000
   0.1599999995   0.0000000000  -0.0000000000   0.0000000000
   0.1649999994   0.0000000000  -0.0000000000   0.0000000000
   0.1699999994   0.0000000000  -0.0000000000   0.0000000000
   0.1749999994   0.0000000000  -0.0000000000   0.0000000000
   0.1799999994   0.0000000000  -0.0000000000   0.0000000000
   0.1849999994   0.0000000000  -0.0000000000   0.0000000000
   0.1899999994   0.0000000000  -0.0000000000   0.0000000000
   0.1949999993   0.0000000000  -0.0000000000   0.0000000000
   0.1999999993   0.0000000000  -0.0000000000   0.0000000000
   0.2049999993   0.0000000000  -0.0000000000   0.0000000000
   0.2099999993   0.0000000000  -0.0000000000   0.0000000000
   0.2149999993   0.0000000000  -0.0000000000   0.0000000000
   0.2199999993   0.0000000000  -0.0000000000   0.0000000000
   0.2249999992   0.0000000000  -0.0000000000   0.0000000000
   0.2299999992   0.0000000000  -0.0000000000   0.0000000000
   0.2349999992   0.0000000000  -0.0000000000   0.0000000000
   0.2399999992   0.0000000000  -0.0000000000   0.0000000000
   0.2449999992   0.0000000000  -0.0000000000   0.0000000000
   0.2499999992   0.0000000000  -0.0000000000   0.0000000000
   0.2549999991   0.0000000000  -0.0000000000   0.0000000000
   0.2599999991   0.0000000000  -0.0000000000   0.0000000000
   0.2649999991   0.0000000000  -0.0000000000   0.0000000000
   0.2699999991   0.0000000000  -0.0000000000   0.0000000000
   0.2749999991   0.0000000000  -0.0000000000   0.0000000000
   0.2799999991   0.0000000000  -0.0000000000   0.0000000000
   0.2849999990   0.0000000000  -0.0000000000   0.0000000000
   0.2899999990   0.0000000000  -0.0000000000   0.0000000000
   0.2949999990   0.0000000000  -0.0000000000   0.0000000000
   0.2999999990   0.0000000000  -0.0000000000   0.0000000000
   0.3049999990   0.0000000000  -0.0000000000   0.0000000000
   0.3099999990   0.0000000000  -0.0000000000   0.0000000000
   0.3149999989   0.0000000000  -0.0000000000   0.0000000000
   0.3199999989   0.0000000000  -0.0000000000   0.0000000000
   0.3249999989   0.0000000000  -0.0000000000   0.0000000000
   0.3299999989   0.0000000000  -0.0000000000   0.0000000000
   0.3349999989   0.0000000000  -0.0000000000   0.0000000000
   0.3399999989   0.0000000000  -0.0000000000   0.0000000000
   0.3449999988   0.0000000000  -0.0000000000   0.0000000000
   0.3499999988   0.0000000000  -0.0000000000   0.0000000000
   0.3549999988   0.0000000000  -0.0000000000   0.0000000000
   0.3599999988   0.0000000000  -0.0000000000   0.0000000000
   0.3649999988   0.0000000000  -0.0000000000   0.0000000000
   0.3699999988   0.0000000000  -0.0000000000   0.0000000000
   0.3749999987   0.0000000000  -0.0000000000   0.0000000000
   0.3799999987   0.0000000000  -0.0000000000   0.0000000000
   0.3849999987   0.0000000000  -0.0000000000   0.0000000000
   0.3899999987   0.0000000000  -0.0000000000   0.0000000000
   0.3949999987   0.0000000000  -0.0000000000   0.0000000000
   0.3999999987   0.0000000000  -0.0000000000   0.0000000000
   0.4049999986   0.0000000000  -0.0000000000   0.0000000000
   0.4099999986   0.0000000000   0.0000000000   0.0000000000
   0.4149999986  -0.0000000000   0.0000000000  -0.0000000000
   0.4199999986  -0.0000000000   0.0000000000  -0.0000000000
   0.4249999986  -0.0000000000   0.0000000000  -0.0000000000
   0.4299999986  -0.0000000000   0.0000000000  -0.0000000000
   0.4349999985  -0.0000000000   0.0000000000  -0.0000000000
   0.4399999985  -0.0000000000   0.0000000000  -0.0000000000
   0.4449999985  -0.0000000000   0.0000000000  -0.0000000000
   0.4499999985  -0.0000000000   0.0000000000  -0.0000000000
   0.4549999985  -0.0000000000   0.0000000000  -0.0000000000
   0.4599999985  -0.0000000000   0.0000000000  -0.0000000000
   0.4649999984  -0.0000000000   0.0000000000  -0.0000000000
   0.4699999984  -0.0000000000   0.0000000000  -0.0000000000
   0.4749999984  -0.0000000000   0.0000000000  -0.0000000000
   0.4799999984  -0.0000000000   0.0000000000  -0.0000000000
   0.4849999984  -0.0000000000   0.0000000000  -0.0000000000
   0.4899999984  -0.0000000000   0.0000000000  -0.0000000000
   0.4949999983  -0.0000000000   0.0000000000  -0.0000000000
   0.4999999983  -0.0000000000   0.0000000000  -0.0000000000
   0.5049999983  -0.0000000000   0.0000000000  -0.0000000000
   0.5099999983  -0.0000000000   0.0000000000  -0.0000000000
   0.5149999983  -0.0000000000   0.0000000000  -0.0000000000
   0.5199999983  -0.0000000000   0.0000000000  -0.0000000000
   0.5249999982  -0.0000000000   0.0000000000  -0.0000000000
   0.5299999982  -0.0000000000   0.0000000000  -0.0000000000
   0.5349999982  -0.0000000000   0.0000000000  -0.0000000000
   0.5399999982  -0.0000000000   0.0000000000  -0.0000000000
   0.5449999982  -0.0000000000   0.0000000000  -0.0000000000
   0.5499999982  -0.0000000000   0.0000000000  -0.0000000000
   0.5549999981  -0.0000000000   0.0000000000  -0.0000000000
   0.5599999981  -0.0000000000   0.0000000000  -0.0000000000
   0.5649999981  -0.0000000000   0.0000000000  -0.0000000000
   0.5699999981  -0.0000000000   0.0000000000  -0.0000000000
   0.5749999981  -0.0000000000   0.0000000000  -0.0000000000
   0.5799999981  -0.0000000000   0.0000000000  -0.0000000000
   0.5849999980  -0.0000000000   0.0000000000  -0.0000000000
   0.5899999980  -0.0000000000   0.0000000000  -0.0000000000
   0.5949999980  -0.0000000000   0.0000000000  -0.0000000000
   0.5999999980  -0.0000000000   0.0000000000  -0.0000000000
   0.6049999980  -0.0000000000   0.0000000000  -0.0000000000
   0.6099999980   0.0000000000   0.0000000000   0.0000000000
   0.6149999979   0.0000000000   0.0000000000   0.0000000000
   0.6199999979   0.0000000000   0.0000000000   0.0000000000
   0.6249999979   0.0000000000   0.0000000000   0.0000000000
   0.6299999979   0.0000000000   0.0000000000   0.0000000000
   0.6349999979   0.0000000000   0.0000000000   0.0000000000
   0.6399999979   0.0000000000   0.0000000000   0.0000000000
   0.6449999978   0.0000000000   0.0000000000   0.0000000000
   0.6499999978   0.0000000000   0.0000000000   0.0000000000
   0.6549999978   0.0000000000   0.0000000000   0.0000000000
   0.6599999978   0.0000000000   0.0000000000   0.0000000000
   0.6649999978   0.0000000000   0.0000000000   0.0000000000
   0.6699999978   0.0000000000   0.0000000000   0.0000000000
   0.6749999977   0.0000000000  -0.0000000000   0.0000000000
   0.6799999977   0.0000000000  -0.0000000000   0.0000000000
   0.6849999977   0.0000000000  -0.0000000000   0.0000000000
   0.6899999977   0.0000000000  -0.0000000000   0.0000000000
   0.6949999977  -0.0000000000  -0.0000000000  -0.0000000000
   0.6999999976  -0.0000000000  -0.0000000000  -0.0000000000
   0.7049999976  -0.0000000000  -0.0000000000  -0.0000000000
   0.7099999976  -0.0000000000  -0.0000000000  -0.0000000000
   0.7149999976  -0.0000000000  -0.0000000000  -0.0000000000
   0.7199999976  -0.0000000000  -0.0000000000  -0.0000000000
   0.7249999976  -0.0000000000  -0.0000000000  -0.0000000000
   0.7299999975  -0.0000000000  -0.0000000000  -0.0000000000
   0.7349999975  -0.0000000000  -0.0000000000  -0.0000000000
   0.7399999975  -0.0000000000   0.0000000000  -0.0000000000
   0.7449999975   0.0000000000   0.0000000000   0.0000000000
   0.7499999975   0.0000000000   0.0000000000   0.0000000000
   0.7549999975   0.0000000000   0.0000000000   0.0000000000
   0.7599999974   0.0000000000   0.0000000000   0.0000000000
   0.7649999974   0.0000000000   0.0000000000   0.0000000000
   0.7699999974   0.0000000000   0.0000000000   0.0000000000
   0.7749999974   0.0000000000   0.0000000000   0.0000000000
   0.7799999974   0.0000000000   0.0000000000   0.0000000000
   0.7849999974   0.0000000000   0.0000000000   0.0000000000
   0.7899999973   0.0000000000   0.0000000000   0.0000000000
   0.7949999973   0.0000000000   0.0000000000   0.0000000000
   0.7999999973   0.0000000000   0.0000000000   0.0000000000
   0.8049999973   0.0000000000   0.0000000000   0.0000000000
   0.8099999973   0.0000000000   0.0000000000   0.0000000000
   0.8149999973   0.0000000000   0.0000000000   0.0000000000
   0.8199999972   0.0000000000   0.0000000000   0.0000000000
   0.8249999972   0.0000000000   0.0000000000   0.0000000000
   0.8299999972   0.0000000000   0.0000000000   0.0000000000
   0.8349999972   0.0000000000   0.0000000000   0.0000000000
   0.8399999972   0.0000000000   0.0000000000   0.0000000000
   0.8449999972   0.0000000000   0.0000000000   0.0000000000
   0.8499999971   0.0000000000   0.0000000000   0.0000000000
   0.8549999971   0.0000000000   0.0000000000   0.0000000000
   0.8599999971   0.0000000000   0.0000000000   0.0000000000
   0.8649999971   0.0000000000   0.0000000000   0.0000000000
   0.8699999971   0.0000000000   0.0000000000   0.0000000000
   0.8749999971   0.0000000000   0.0000000000   0.0000000000
   0.8799999970   0.0000000000   0.0000000000   0.0000000000
   0.8849999970   0.0000000000   0.0000000000   0.0000000000
   0.8899999970   0.0000000000   0.0000000000   0.0000000000
   0.8949999970   0.0000000000   0.0000000000   0.0000000000
   0.8999999970   0.0000000000   0.0000000000   0.0000000000
   0.9049999970   0.0000000000   0.0000000000   0.0000000000
   0.9099999969   0.0000000000   0.0000000000   0.0000000000
   0.9149999969   0.0000000000   0.0000000000   0.0000000000
   0.9199999969   0.0000000000   0.0000000000   0.0000000000
   0.9249999969   0.0000000000   0.0000000000   0.0000000000
   0.9299999969   0.0000000000   0.0000000000   0.0000000000
   0.9349999969   0.0000000000   0.0000000000   0.0000000000
   0.9399999968   0.0000000000   0.0000000000   0.0000000000
   0.9449999968   0.0000000000   0.0000000000   0.0000000000
   0.9499999968   0.0000000000   0.0000000000   0.0000000000
   0.9549999968   0.0000000000   0.0000000000   0.0000000000
   0.9599999968   0.0000000000   0.0000000000   0.0000000000
   0.9649999968   0.0000000000   0.0000000000   0.0000000000
   0.9699999967   0.0000000000   0.0000000000   0.0000000000
   0.9749999967   0.0000000000   0.0000000000   0.0000000000
   0.9799999967   0.0000000000   0.0000000000   0.0000000000
   0.9849999967   0.0000000000   0.0000000000   0.0000000000
   0.9899999967   0.0000000000   0.0000000000   0.0000000000
   0.9949999967   0.0000000000   0.0000000000   0.0000000000
   0.9999999966   0.0000000000   0.0000000000   0.0000000000
   1.0049999966   0.0000000000   0.0000000000   0.0000000000
   1.0099999966   0.0000000000   0.0000000000   0.0000000000
   1.0149999966   0.0000000000   0.0000000000   0.0000000000
   1.0199999966   0.0000000000   0.0000000000   0.0000000000
   1.0249999966   0.0000000000   0.0000000000   0.0000000000
   1.0299999965   0.0000000000   0.0000000000   0.0000000000
   1.0349999965   0.0000000000   0.0000000000   0.0000000000
   1.0399999965   0.0000000000   0.0000000000   0.0000000000
   1.0449999965   0.0000000000   0.0000000000   0.0000000000
   1.0499999965   0.0000000000   0.0000000000   0.0000000000
   1.0549999965   0.0000000000   0.0000000000   0.0000000000
   1.0599999964   0.0000000000   0.0000000000   0.0000000000
   1.0649999964   0.0000000000   0.0000000000   0.0000000000
   1.0699999964   0.0000000000   0.0000000000   0.0000000000
   1.0749999964   0.0000000000   0.0000000000   0.0000000000
   1.0799999964   0.0000000000   0.0000000000   0.0000000000
   1.0849999964   0.0000000000   0.0000000000   0.0000000000
   1.0899999963   0.0000000000   0.0000000000   0.0000000000
   1.0949999963   0.0000000000   0.0000000000   0.0000000000
   1.0999999963   0.0000000000   0.0000000000   0.0000000000
   1.1049999963   0.0000000000   0.0000000000   0.0000000000
   1.1099999963   0.0000000000   0.0000000000   0.0000000000
   1.1149999963   0.0000000000   0.0000000000   0.0000000000
   1.1199999962   0.0000000000   0.0000000000   0.0000000000
   1.1249999962   0.0000000000   0.0000000000   0.0000000000
   1.1299999962   0.0000000000   0.0000000000   0.0000000000
   1.1349999962   0.0000000000   0.0000000000   0.0000000000
   1.1399999962   0.0000000000   0.0000000000   0.0000000000
   1.1449999962   0.0000000000   0.0000000000   0.0000000000
   1.1499999961  -0.0000000000  -0.0000000000  -0.0000000000
   1.1549999961  -0.0000000000  -0.0000000000  -0.0000000000
   1.1599999961  -0.0000000000  -0.0000000000  -0.0000000000
   1.1649999961  -0.0000000000  -0.0000000000  -0.0000000000
   1.1699999961  -0.0000000000  -0.0000000000  -0.0000000000
   1.1749999961  -0.0000000000  -0.0000000000  -0.0000000000
   1.1799999960  -0.0000000000  -0.0000000000  -0.0000000000
   1.1849999960  -0.0000000000  -0.0000000000  -0.0000000000
   1.1899999960  -0.0000000000  -0.0000000000  -0.0000000000
   1.1949999960  -0.0000000000  -0.0000000000  -0.0000000000
   1.1999999960  -0.0000000000  -0.0000000000  -0.0000000000
   1.2049999960  -0.0000000000  -0.0000000000  -0.0000000000
   1.2099999959  -0.0000000000  -0.0000000000  -0.0000000000
   1.2149999959  -0.0000000000  -0.0000000000  -0.0000000000
   1.2199999959  -0.0000000000  -0.0000000000  -0.0000000000
   1.2249999959   0.0000000000   0.0000000000   0.0000000000
   1.2299999959   0.0000000000   0.0000000000   0.0000000000
   1.2349999959   0.0000000000   0.0000000000   0.0000000000
   1.2399999958   0.0000000000   0.0000000000   0.0000000000
   1.2449999958   0.0000000000   0.0000000000   0.0000000000
   1.2499999958   0.0000000000   0.0000000000   0.0000000000
   1.2549999958   0.0000000000   0.0000000000   0.0000000000
   1.2599999958   0.0000000000   0.0000000000   0.0000000000
   1.2649999958   0.0000000000   0.0000000000   0.0000000000
   1.2699999957   0.0000000000   0.0000000000   0.0000000000
   1.2749999957   0.0000000000   0.0000000000   0.0000000000
   1.2799999957   0.0000000000   0.0000000000   0.0000000000
   1.2849999957   0.0000000000   0.0000000000   0.0000000000
   1.2899999957  -0.0000000000  -0.0000000000  -0.0000000000
   1.2949999957  -0.0000000000  -0.0000000000  -0.0000000000
   1.2999999956  -0.0000000000  -0.0000000000  -0.0000000000
   1.3049999956  -0.0000000000  -0.0000000000  -0.0000000000
   1.3099999956  -0.0000000000  -0.0000000000  -0.0000000000
   1.3149999956  -0.0000000000  -0.0000000000  -0.0000000000
   1.3199999956  -0.0000000000  -0.0000000000  -0.0000000000
   1.3249999956  -0.0000000000  -0.0000000000  -0.0000000000
   1.3299999955  -0.0000000000  -0.0000000000  -0.0000000000
   1.3349999955  -0.0000000000  -0.0000000000  -0.0000000000
   1.3399999955  -0.0000000000  -0.0000000000  -0.0000000000
   1.3449999955   0.0000000000  -0.0000000000   0.0000000000
   1.3499999955   0.0000000000   0.0000000000   0.0000000000
   1.3549999954   0.0000000000   0.0000000000   0.0000000000
   1.3599999954   0.0000000000   0.0000000000   0.0000000000
   1.3649999954   0.0000000000   0.0000000000   0.0000000000
   1.3699999954   0.0000000000   0.0000000000   0.0000000000
   1.3749999954   0.0000000000   0.0000000000   0.0000000000
   1.3799999954   0.0000000000   0.0000000000   0.0000000000
   1.3849999953   0.0000000000   0.0000000000   0.0000000000
   1.3899999953   0.0000000000   0.0000000000   0.0000000000
   1.3949999953   0.0000000000   0.0000000000   0.0000000000
   1.3999999953  -0.0000000000   0.0000000000  -0.0000000000
   1.4049999953  -0.0000000000  -0.0000000000  -0.0000000000
   1.4099999953  -0.0000000000  -0.0000000000  -0.0000000000
   1.4149999952  -0.0000000000  -0.0000000000  -0.0000000000
   1.4199999952  -0.0000000000  -0.0000000000  -0.0000000000
   1.4249999952  -0.0000000000  -0.0000000000  -0.0000000000
   1.4299999952  -0.0000000000  -0.0000000000  -0.0000000000
   1.4349999952  -0.0000000000  -0.0000000000  -0.0000000000
   1.4399999952  -0.0000000000  -0.0000000000  -0.0000000000
   1.4449999951  -0.0000000000  -0.0000000000  -0.0000000000
   1.4499999951   0.0000000000  -0.0000000000   0.0000000000
   1.4549999951   0.0000000000   0.0000000000   0.0000000000
   1.4599999951   0.0000000000   0.0000000000   0.0000000000
   1.4649999951   0.0000000000   0.0000000000   0.0000000000
   1.4699999951   0.0000000000   0.0000000000   0.0000000000
   1.4749999950   0.0000000000   0.0000000000   0.0000000000
   1.4799999950   0.0000000000   0.0000000000   0.0000000000
   1.4849999950   0.0000000000   0.0000000000   0.0000000000
   1.4899999950   0.0000000000   0.0000000000   0.0000000000
   1.4949999950  -0.0000000000   0.0000000000  -0.0000000000
   1.4999999950  -0.0000000000  -0.0000000000  -0.0000000000
   1.5049999949  -0.0000000000  -0.0000000000  -0.0000000000
   1.5099999949  -0.0000000000  -0.0000000000  -0.0000000000
   1.5149999949  -0.0000000000  -0.0000000000  -0.0000000000
   1.5199999949  -0.0000000000  -0.0000000000  -0.0000000000
   1.5249999949  -0.0000000000  -0.0000000000  -0.0000000000
   1.5299999949  -0.0000000000  -0.0000000000  -0.0000000000
   1.5349999948  -0.0000000000  -0.0000000000  -0.0000000000
   1.5399999948   0.0000000000  -0.0000000000   0.0000000000
   1.5449999948   0.0000000000   0.0000000000   0.0000000000
   1.5499999948   0.0000000000   0.0000000000   0.0000000000
   1.5549999948   0.0000000000   0.0000000000   0.0000000000
   1.5599999948   0.0000000000   0.0000000000   0.0000000000
   1.5649999947   0.0000000000   0.0000000000   0.0000000000
   1.5699999947   0.0000000000   0.0000000000   0.0000000000
   1.5749999947   0.0000000000   0.0000000000   0.0000000000
   1.5799999947   0.0000000000   0.0000000000   0.0000000000
   1.5849999947  -0.0000000000  -0.0000000000  -0.0000000000
   1.5899999947  -0.0000000000  -0.0000000000  -0.0000000000
   1.5949999946  -0.0000000001  -0.0000000000  -0.0000000001
   1.5999999946  -0.0000000001  -0.0000000000  -0.0000000001
   1.6049999946  -0.0000000001  -0.0000000000  -0.0000000001
   1.6099999946  -0.0000000000  -0.0000000000  -0.0000000000
   1.6149999946  -0.0000000000  -0.0000000000  -0.0000000000
   1.6199999946  -0.0000000000  -0.0000000000  -0.0000000000
   1.6249999945   0.0000000000   0.0000000000   0.0000000000
   1.6299999945   0.0000000001   0.0000000000   0.0000000001
   1.6349999945   0.0000000001   0.0000000000   0.0000000001
   1.6399999945   0.0000000001   0.0000000001   0.0000000001
   1.6449999945   0.0000000001   0.0000000001   0.0000000001
   1.6499999945   0.0000000001   0.0000000001   0.0000000001
   1.6549999944   0.0000000000   0.0000000000   0.0000000000
   1.6599999944  -0.0000000000   0.0000000000  -0.0000000000
   1.6649999944  -0.0000000001  -0.0000000000  -0.0000000001
   1.6699999944  -0.0000000001  -0.0000000000  -0.0000000001
   1.6749999944  -0.0000000001  -0.0000000001  -0.0000000001
   1.6799999944  -0.0000000002  -0.0000000001  -0.0000000002
   1.6849999943  -0.0000000001  -0.0000000001  -0.0000000001
   1.6899999943  -0.0000000001  -0.0000000001  -0.0000000001
   1.6949999943  -0.0000000000  -0.0000000001  -0.0000000000
   1.6999999943   0.0000000000  -0.0000000000   0.0000000000
   1.7049999943   0.0000000001   0.0000000000   0.0000000001
   1.7099999943   0.0000000002   0.0000000001   0.0000000002
   1.7149999942   0.0000000002   0.0000000001   0.0000000002
   1.7199999942   0.0000000002   0.0000000001   0.0000000002
   1.7249999942   0.0000000002   0.0000000001   0.0000000002
   1.7299999942   0.0000000001   0.0000000001   0.0000000001
   1.7349999942  -0.0000000000   0.0000000001  -0.0000000000
   1.7399999942  -0.0000000001  -0.0000000000  -0.0000000001
   1.7449999941  -0.0000000002  -0.0000000001  -0.0000000002
   1.7499999941  -0.0000000003  -0.0000000001  -0.0000000003
   1.7549999941  -0.0000000003  -0.0000000002  -0.0000000003
   1.7599999941  -0.0000000003  -0.0000000002  -0.0000000003
   1.7649999941  -0.0000000002  -0.0000000002  -0.0000000002
   1.7699999941  -0.0000000001  -0.0000000001  -0.0000000001
   1.7749999940   0.0000000001  -0.0000000000   0.0000000001
   1.7799999940   0.0000000003   0.0000000001   0.0000000003
   1.7849999940   0.0000000004   0.0000000002   0.0000000004
   1.7899999940   0.0000000004   0.0000000002   0.0000000004
   1.7949999940   0.0000000004   0.0000000002   0.0000000004
   1.7999999940   0.0000000003   0.0000000002   0.0000000003
   1.8049999939   0.0000000001   0.0000000001   0.0000000001
   1.8099999939  -0.0000000001   0.0000000000  -0.0000000001
   1.8149999939  -0.0000000003  -0.0000000001  -0.0000000003
   1.8199999939  -0.0000000005  -0.0000000002  -0.0000000005
   1.8249999939  -0.0000000006  -0.0000000003  -0.0000000006
   1.8299999939  -0.0000000005  -0.0000000003  -0.0000000005
   1.8349999938  -0.0000000004  -0.0000000003  -0.0000000004
   1.8399999938  -0.0000000001  -0.0000000002  -0.0000000001
   1.8449999938   0.0000000001  -0.0000000001   0.0000000001
   1.8499999938   0.0000000004   0.0000000001   0.0000000004
   1.8549999938   0.0000000006   0.0000000002   0.0000000006
   1.8599999938   0.0000000007   0.0000000003   0.0000000007
   1.8649999937   0.0000000006   0.0000000004   0.0000000006
   1.8699999937   0.0000000004   0.0000000003   0.0000000004
   1.8749999937   0.0000000001   0.0000000002   0.0000000001
   1.8799999937  -0.0000000002   0.0000000000  -0.0000000002
   1.8849999937  -0.0000000005  -0.0000000001  -0.0000000005
   1.8899999937  -0.0000000007  -0.0000000003  -0.0000000007
   1.8949999936  -0.0000000008  -0.0000000004  -0.0000000008
   1.8999999936  -0.0000000007  -0.0000000004  -0.0000000007
   1.9049999936  -0.0000000004  -0.0000000003  -0.0000000004
   1.9099999936  -0.0000000000  -0.0000000002  -0.0000000000
   1.9149999936   0.0000000004   0.0000000000   0.0000000004
   1.9199999936   0.0000000007   0.0000000002   0.0000000007
   1.9249999935   0.0000000009   0.0000000004   0.0000000009
   1.9299999935   0.0000000008   0.0000000004   0.0000000008
   1.9349999935   0.0000000006   0.0000000004   0.0000000006
   1.9399999935   0.0000000002   0.0000000003   0.0000000003
   1.9449999935  -0.0000000002   0.0000000001  -0.0000000002
   1.9499999935  -0.0000000006  -0.0000000001  -0.0000000006
   1.9549999934  -0.0000000009  -0.0000000003  -0.0000000009
   1.9599999934  -0.0000000009  -0.0000000004  -0.0000000009
   1.9649999934  -0.0000000008  -0.0000000005  -0.0000000008
   1.9699999934  -0.0000000004  -0.0000000004  -0.0000000004
   1.9749999934   0.0000000000  -0.0000000002   0.0000000000
   1.9799999934   0.0000000005   0.0000000000   0.0000000005
   1.9849999933   0.0000000009   0.0000000003   0.0000000009
   1.9899999933   0.0000000010   0.0000000004   0.0000000010
   1.9949999933   0.0000000009   0.0000000005   0.0000000009
   1.9999999933   0.0000000006   0.0000000004   0.0000000006
   2.0049999933   0.0000000001   0.0000000003   0.0000000001
   2.0099999933  -0.0000000004   0.0000000000  -0.0000000004
   2.0149999932  -0.0000000009  -0.0000000002  -0.0000000009
   2.0199999932  -0.0000000011  -0.0000000004  -0.0000000011
   2.0249999932  -0.0000000011  -0.0000000005  -0.0000000011
   2.0299999932  -0.0000000007  -0.0000000005  -0.0000000007
   2.0349999932  -0.0000000002  -0.0000000003  -0.0000000002
   2.0399999931   0.0000000004  -0.0000000001   0.0000000004
   2.0449999931   0.0000000009   0.0000000002   0.0000000009
   2.0499999931   0.0000000012   0.0000000005   0.0000000012
   2.0549999931   0.0000000012   0.0000000006   0.0000000012
   2.0599999931   0.0000000009   0.0000000005   0.0000000009
   2.0649999931   0.0000000003   0.0000000004   0.0000000003
   2.0699999930  -0.0000000004   0.0000000001  -0.0000000004
   2.0749999930  -0.0000000010  -0.0000000003  -0.0000000010
   2.0799999930  -0.0000000014  -0.0000000005  -0.0000000014
   2.0849999930  -0.0000000014  -0.0000000007  -0.0000000014
   2.0899999930  -0.0000000010  -0.0000000007  -0.0000000010
   2.0949999930  -0.0000000003  -0.0000000004  -0.0000000003
   2.0999999929   0.0000000005  -0.0000000001   0.0000000005
   2.1049999929   0.0000000012   0.0000000003   0.0000000012
   2.1099999929   0.0000000016   0.0000000007   0.0000000016
   2.1149999929   0.0000000016   0.0000000009   0.0000000016
   2.1199999929   0.0000000011   0.0000000009   0.0000000011
   2.1249999929   0.0000000003   0.0000000006   0.0000000003
   2.1299999928  -0.0000000006   0.0000000002  -0.0000000006
   2.1349999928  -0.0000000015  -0.0000000002  -0.0000000015
   2.1399999928  -0.0000000020  -0.0000000006  -0.0000000020
   2.1449999928  -0.0000000020  -0.0000000009  -0.0000000020
   2.1499999928  -0.0000000014  -0.0000000010  -0.0000000014
   2.1549999928  -0.0000000004  -0.0000000008  -0.0000000004
   2.1599999927   0.0000000008  -0.0000000004   0.0000000008
   2.1649999927   0.0000000019   0.0000000000   0.0000000019
   2.1699999927   0.0000000026   0.0000000004   0.0000000026
   2.1749999927   0.0000000027   0.0000000005   0.0000000027
   2.1799999927   0.0000000021   0.0000000005   0.0000000021
   2.1849999927   0.0000000010   0.0000000002   0.0000000010
   2.1899999926  -0.0000000004  -0.0000000003  -0.0000000004
   2.1949999926  -0.0000000017  -0.0000000007  -0.0000000017
   2.1999999926  -0.0000000026  -0.0000000010  -0.0000000026
   2.2049999926  -0.0000000029  -0.0000000009  -0.0000000028
   2.2099999926  -0.0000000024  -0.0000000005  -0.0000000023
   2.2149999926  -0.0000000013   0.0000000003  -0.0000000013
   2.2199999925   0.0000000001   0.0000000012   0.0000000001
   2.2249999925   0.0000000013   0.0000000022   0.0000000013
   2.2299999925   0.0000000020   0.0000000030   0.0000000020
   2.2349999925   0.0000000020   0.0000000033   0.0000000020
   2.2399999925   0.0000000012   0.0000000030   0.0000000012
   2.2449999925  -0.0000000001   0.0000000021  -0.0000000002
   2.2499999924  -0.0000000017   0.0000000007  -0.0000000017
   2.2549999924  -0.0000000029  -0.0000000009  -0.0000000029
   2.2599999924  -0.0000000034  -0.0000000024  -0.0000000034
   2.2649999924  -0.0000000029  -0.0000000036  -0.0000000029
   2.2699999924  -0.0000000015  -0.0000000043  -0.0000000015
   2.2749999924   0.0000000007  -0.0000000043   0.0000000007
   2.2799999923   0.0000000030  -0.0000000037   0.0000000030
   2.2849999923   0.0000000048  -0.0000000028   0.0000000048
   2.2899999923   0.0000000057  -0.0000000017   0.0000000057
   2.2949999923   0.0000000053  -0.0000000007   0.0000000053
   2.2999999923   0.0000000035  -0.0000000000   0.0000000035
   2.3049999923   0.0000000007   0.0000000004   0.0000000007
   2.3099999922  -0.0000000024   0.0000000005  -0.0000000024
   2.3149999922  -0.0000000052   0.0000000004  -0.0000000052
   2.3199999922  -0.0000000071   0.0000000004  -0.0000000071
   2.3249999922  -0.0000000076   0.0000000006  -0.0000000076
   2.3299999922  -0.0000000067   0.0000000011  -0.0000000068
   2.3349999922  -0.0000000049   0.0000000016  -0.0000000050
   2.3399999921  -0.0000000027   0.0000000021  -0.0000000028
   2.3449999921  -0.0000000010   0.0000000023  -0.0000000011
   2.3499999921  -0.0000000003   0.0000000018  -0.0000000004
   2.3549999921  -0.0000000011   0.0000000006  -0.0000000012
   2.3599999921  -0.0000000033  -0.0000000013  -0.0000000034
   2.3649999921  -0.0000000066  -0.0000000037  -0.0000000068
   2.3699999920  -0.0000000103  -0.0000000064  -0.0000000105
   2.3749999920  -0.0000000137  -0.0000000087  -0.0000000138
   2.3799999920  -0.0000000160  -0.0000000105  -0.0000000162
   2.3849999920  -0.0000000171  -0.0000000113  -0.0000000173
   2.3899999920  -0.0000000170  -0.0000000112  -0.0000000172
   2.3949999920  -0.0000000162  -0.0000000104  -0.0000000165
   2.3999999919  -0.0000000154  -0.0000000092  -0.0000000157
   2.4049999919  -0.0000000154  -0.0000000081  -0.0000000158
   2.4099999919  -0.0000000167  -0.0000000077  -0.0000000171
   2.4149999919  -0.0000000193  -0.0000000081  -0.0000000197
   2.4199999919  -0.0000000230  -0.0000000094  -0.0000000234
   2.4249999919  -0.0000000269  -0.0000000115  -0.0000000274
   2.4299999918  -0.0000000301  -0.0000000138  -0.0000000306
   2.4349999918  -0.0000000319  -0.0000000158  -0.0000000324
   2.4399999918  -0.0000000315  -0.0000000171  -0.0000000321
   2.4449999918  -0.0000000291  -0.0000000171  -0.0000000296
   2.4499999918  -0.0000000249  -0.0000000157  -0.0000000254
   2.4549999918  -0.0000000199  -0.0000000132  -0.0000000203
   2.4599999917  -0.0000000150  -0.0000000097  -0.0000000152
   2.4649999917  -0.0000000110  -0.0000000059  -0.0000000110
   2.4699999917  -0.0000000083  -0.0000000022  -0.0000000081
   2.4749999917  -0.0000000070   0.0000000011  -0.0000000064
   2.4799999917  -0.0000000063   0.0000000038  -0.0000000052
   2.4849999917  -0.0000000053   0.0000000061  -0.0000000037
   2.4899999916  -0.0000000031   0.0000000080  -0.0000000010
   2.4949999916   0.0000000012   0.0000000100   0.0000000037
   2.4999999916   0.0000000076   0.0000000121   0.0000000105
   2.5049999916   0.0000000158   0.0000000145   0.0000000187
   2.5099999916   0.0000000249   0.0000000169   0.0000000275
   2.5149999916   0.0000000334   0.0000000190   0.0000000354
   2.5199999915   0.0000000400   0.0000000205   0.0000000413
   2.5249999915   0.0000000436   0.0000000209   0.0000000444
   2.5299999915   0.0000000435   0.0000000198   0.0000000449
   2.5349999915   0.0000000391   0.0000000172   0.0000000441
   2.5399999915   0.0000000300   0.0000000130   0.0000000445
   2.5449999915   0.0000000155   0.0000000069   0.0000000495
   2.5499999914  -0.0000000064  -0.0000000014   0.0000000640
   2.5549999914  -0.0000000394  -0.0000000126   0.0000000936
   2.5599999914  -0.0000000894  -0.0000000280   0.0000001454
   2.5649999914  -0.0000001648  -0.0000000496   0.0000002278
   2.5699999914  -0.0000002770  -0.0000000797   0.0000003516
   2.5749999914  -0.0000004401  -0.0000001212   0.0000005304
   2.5799999913  -0.0000006708  -0.0000001772   0.0000007808
   2.5849999913  -0.0000009885  -0.0000002504   0.0000011230
   2.5899999913  -0.0000014144  -0.0000003436   0.0000015806
   2.5949999913  -0.0000019716  -0.0000004584   0.0000021801
   2.5999999913  -0.0000026845  -0.0000005959   0.0000029491
   2.6049999913  -0.0000035778  -0.0000007559   0.0000039152
   2.6099999912  -0.0000046755  -0.0000009369   0.0000051034
   2.6149999912  -0.0000059990  -0.0000011356   0.0000065339
   2.6199999912  -0.0000075649  -0.0000013467   0.0000082187
   2.6249999912  -0.0000093822  -0.0000015623   0.0000101595
   2.6299999912  -0.0000114495  -0.0000017718   0.0000123444
   2.6349999912  -0.0000137517  -0.0000019613   0.0000147461
   2.6399999911  -0.0000162570  -0.0000021141   0.0000173196
   2.6449999911  -0.0000189148  -0.0000022112   0.0000200015
   2.6499999911  -0.0000216534  -0.0000022326   0.0000227102
   2.6549999911  -0.0000243802  -0.0000021587   0.0000253476
   2.6599999911  -0.0000269815  -0.0000019735   0.0000278029
   2.6649999911  -0.0000293251  -0.0000016663   0.0000299576
   2.6699999910  -0.0000312642  -0.0000012354   0.0000316924
   2.6749999910  -0.0000326436  -0.0000006897   0.0000328949
   2.6799999910  -0.0000333091  -0.0000000501   0.0000334667
   2.6849999910  -0.0000331189   0.0000006504   0.0000333297
   2.6899999910  -0.0000319590   0.0000013698   0.0000324292
   2.6949999909  -0.0000297611   0.0000020614   0.0000307337
   2.6999999909  -0.0000265211   0.0000026810   0.0000282296
   2.7049999909  -0.0000223183   0.0000031961   0.0000249135
   2.7099999909  -0.0000173294   0.0000035956   0.0000207812
   2.7149999909  -0.0000118358   0.0000038986   0.0000158185
   2.7199999909  -0.0000062172   0.0000041604   0.0000099976
   2.7249999908  -0.0000009281   0.0000044717   0.0000032833
   2.7299999908   0.0000035472   0.0000049495  -0.0000043454
   2.7349999908   0.0000067633   0.0000057163  -0.0000128548
   2.7399999908   0.0000084043   0.0000068674  -0.0000220971
   2.7449999908   0.0000083899   0.0000084258  -0.0000317348
   2.7499999908   0.0000069862   0.0000102901  -0.0000411587
   2.7549999907   0.0000049008   0.0000121806  -0.0000494140
   2.7599999907   0.0000033413   0.0000135967  -0.0000551575
   2.7649999907   0.0000040059   0.0000137969  -0.0000566716
   2.7699999907   0.0000089795   0.0000118208  -0.0000519628
   2.7749999907   0.0000205073   0.0000065663  -0.0000389742
   2.7799999907   0.0000406298  -0.0000030616  -0.0000159276
   2.7849999906   0.0000706753  -0.0000179244   0.0000181972
   2.7899999906   0.0001106299  -0.0000383469   0.0000630618
   2.7949999906   0.0001584253  -0.0000637526   0.0001162866
   2.7999999906   0.0002092184  -0.0000922661   0.0001727532
   2.8049999906   0.0002547546  -0.0001203298   0.0002239849
   2.8099999906   0.0002829330  -0.0001423906   0.0002577186
   2.8149999905   0.0002776942  -0.0001507276   0.0002577896
   2.8199999905   0.0002193464  -0.0001354885   0.0002044472
   2.8249999905   0.0000854187  -0.0000849969   0.0000751900
   2.8299999905  -0.0001479170   0.0000136262  -0.0001538316
   2.8349999905  -0.0005038773   0.0001735161  -0.0005058665
   2.8399999905  -0.0010026516   0.0004068199  -0.0010011604
   2.8449999904  -0.0016587192   0.0007232281  -0.0016542800
   2.8499999904  -0.0024781548   0.0011284034  -0.0024714137
   2.8549999904  -0.0034562303   0.0016224671  -0.0034479608
   2.8599999904  -0.0045756464   0.0021987313  -0.0045667410
   2.8649999904  -0.0058057061   0.0028428716  -0.0057971417
   2.8699999904  -0.0071026813   0.0035327164  -0.0070954584
   2.8749999903  -0.0084115116   0.0042387846  -0.0084065718
   2.8799999903  -0.0096688294   0.0049256287  -0.0096669615
   2.8849999903  -0.0108071410   0.0055539559  -0.0108088885
   2.8899999903  -0.0117598252   0.0060833921  -0.0117654100
   2.8949999903  -0.0124664725   0.0064756637  -0.0124757489
   2.8999999903  -0.0128779961   0.0066978883  -0.0128904463
   2.9049999902  -0.0129609263   0.0067256236  -0.0129757013
   2.9099999902  -0.0127003554   0.0065453147  -0.0127163617
   2.9149999902  -0.0121011431   0.0061558299  -0.0121171650
   2.9199999902  -0.0111871955   0.0055688616  -0.0112020384
   2.9249999902  -0.0099988796   0.0048081036  -0.0100115156
   2.9299999902  -0.0085888907   0.0039072638  -0.0085985839
   2.9349999901  -0.0070171088   0.0029071268  -0.0070235027
   2.9399999901  -0.0053451340   0.0018520129  -0.0053482852
   2.9449999901  -0.0036312389   0.0007860652  -0.0036315918
   2.9499999901  -0.0019264121  -0.0002501745  -0.0019247157
   2.9549999901  -0.0002719933  -0.0012224830  -0.0002691728
   2.9599999901   0.0013008670  -0.0021046532   0.0013038656
   2.9649999900   0.0027699982  -0.0028790172   0.0027723651
   2.9699999900   0.0041196332  -0.0035358266   0.0041208293
   2.9749999900   0.0053370973  -0.0040717020   0.0053369430
   2.9799999900   0.0064095305  -0.0044875135   0.0064082343
   2.9849999900   0.0073214192  -0.0047861427   0.0073195406
   2.9899999900   0.0080535661  -0.0049705822   0.0080519177
   2.9949999899   0.0085838558  -0.0050427588   0.0085833604
   2.9999999899   0.0088898206  -0.0050033145   0.0088913475
   3.0049999899   0.0089526340  -0.0048523881   0.0089568415
   3.0099999899   0.0087618334  -0.0045912279   0.0087690449
   3.0149999899   0.0083198615  -0.0042242816   0.0083299971
   3.0199999899   0.0076454669  -0.0037612892   0.0076580428
   3.0249999898   0.0067751332  -0.0032188653   0.0067893301
   3.0299999898   0.0057620053  -0.0026211218   0.0057767954
   3.0349999898   0.0046721957  -0.0019990354   0.0046865076
   3.0399999898   0.0035788189  -0.0013884840   0.0035917126
   3.0449999898   0.0025545249  -0.0008271243   0.0025653475
   3.0499999898   0.0016636093  -0.0003505096   0.0016721059
   3.0549999897   0.0009549025   0.0000119811   0.0009612627
   3.0599999897   0.0004565536   0.0002407660   0.0004613878
   3.0649999897   0.0001735415   0.0003286341   0.0001777886
   3.0699999897   0.0000883035   0.0002818199   0.0000930884
   3.0749999897   0.0001643646   0.0001193612   0.0001708276
   3.0799999897   0.0003523581  -0.0001292051   0.0003614843
   3.0849999896   0.0005974460  -0.0004274848   0.0006099217
   3.0899999896   0.0008469498  -0.0007366699   0.0008630671
   3.0949999896   0.0010570147  -0.0010201307   0.0010766366
   3.0999999896   0.0011973504  -0.0012474948   0.0012199376
   3.1049999896   0.0012534732  -0.0013976602   0.0012781647
   3.1099999896   0.0012263344  -0.0014603826   0.0012520651
   3.1149999895   0.0011296745  -0.0014363238   0.0011553068
   3.1199999895   0.0009857967  -0.0013356950   0.0010102461
   3.1249999895   0.0008206556  -0.0011758354   0.0008429912
   3.1299999895   0.0006591690  -0.0009781954   0.0006786762
   3.1349999895   0.0005215032  -0.0007652314   0.0005377061
   3.1399999895   0.0004207992  -0.0005576606   0.0004334451
   3.1449999894   0.0003624684  -0.0003724005   0.0003714852
   3.1499999894   0.0003448737  -0.0002213536   0.0003503133
   3.1549999894   0.0003609821  -0.0001110325   0.0003629627
   3.1599999894   0.0004004735  -0.0000428916   0.0003991333
   3.1649999894   0.0004518192  -0.0000141498   0.0004472874
   3.1699999894   0.0005039754  -0.0000188744   0.0004963625
   3.1749999893   0.0005475250  -0.0000491252   0.0005369292
   3.1799999893   0.0005752810  -0.0000960226   0.0005618063
   3.1849999893   0.0005824959  -0.0001506731   0.0005662736
   3.1899999893   0.0005668635  -0.0002049357   0.0005480724
   3.1949999893   0.0005284606  -0.0002520386   0.0005073412
   3.1999999893   0.0004696778  -0.0002870509   0.0004465393
   3.2049999892   0.0003950755  -0.0003071852   0.0003702977
   3.2099999892   0.0003110256  -0.0003118830   0.0002850562
   3.2149999892   0.0002249905  -0.0003026256   0.0001983407
   3.2199999892   0.0001443696  -0.0002824324   0.0001176083
   3.2249999892   0.0000749851  -0.0002550643   0.0000487299
   3.2299999892   0.0000194478  -0.0002240259  -0.0000056504
   3.2349999891  -0.0000242247  -0.0001915343  -0.0000475065
   3.2399999891  -0.0000633148  -0.0001576764  -0.0000841500
   3.2449999891  -0.0001100880  -0.0001199768  -0.0001279252
   3.2499999891  -0.0001802965  -0.0000735434  -0.0001947212
   3.2549999891  -0.0002906232  -0.0000118443  -0.0003014167
   3.2599999891  -0.0004554798   0.0000719778  -0.0004626679
   3.2649999890  -0.0006838024   0.0001834884  -0.0006876815
   3.2699999890  -0.0009765788   0.0003253867  -0.0009777104
   3.2749999890  -0.0013257544   0.0004963447  -0.0013249226
   3.2799999890  -0.0017148987   0.0006905746  -0.0017130310
   3.2849999890  -0.0021216190   0.0008982904  -0.0021196799
   3.2899999890  -0.0025212842   0.0011070320  -0.0025201557
   3.2949999889  -0.0028912616   0.0013036034  -0.0028916311
   3.2999999889  -0.0032146974   0.0014762152  -0.0032169701
   3.3049999889  -0.0034829185   0.0016163422  -0.0034871726
   3.3099999889  -0.0036958355   0.0017198527  -0.0037018271
   3.3149999889  -0.0038601956   0.0017871212  -0.0038674152
   3.3199999889  -0.0039860819   0.0018220819  -0.0039938506
   3.3249999888  -0.0040825257   0.0018304401  -0.0040901150
   3.3299999888  -0.0041533745   0.0018174910  -0.0041601281
   3.3349999888  -0.0041945516   0.0017861089  -0.0041999874
   3.3399999888  -0.0041935370   0.0017354568  -0.0041974121
   3.3449999888  -0.0041313592   0.0016607986  -0.0041336888
   3.3499999888  -0.0039867433   0.0015545298  -0.0039877736
   3.3549999887  -0.0037414726   0.0014082228  -0.0037416158
   3.3599999887  -0.0033856504   0.0012152105  -0.0033853987
   3.3649999887  -0.0029215041   0.0009730602  -0.0029213391
   3.3699999887  -0.0023646792   0.0006852894  -0.0023649949
   3.3749999887  -0.0017425646   0.0003618322  -0.0017436156
   3.3799999886  -0.0010899315   0.0000180664  -0.0010918116
   3.3849999886  -0.0004428631  -0.0003274336  -0.0004455131
   3.3899999886   0.0001675841  -0.0006559246   0.0001643481
   3.3949999886   0.0007204386  -0.0009515974   0.0007168847
   3.3999999886   0.0012073397  -0.0012040143   0.0012037792
   3.4049999886   0.0016319112  -0.0014092967   0.0016286640
   3.4099999885   0.0020061745  -0.0015697881   0.0020035423
   3.4149999885   0.0023449721  -0.0016923064   0.0023432197
   3.4199999885   0.0026599139  -0.0017854643   0.0026592530
   3.4249999885   0.0029545053  -0.0018567793   0.0029550765
   3.4299999885   0.0032218233  -0.0019103522   0.0032236751
   3.4349999885   0.0034454392  -0.0019457409   0.0034485041
   3.4399999884   0.0036034114  -0.0019583347   0.0036074866
   3.4449999884   0.0036743269  -0.0019411262   0.0036790677
   3.4499999884   0.0036437800  -0.0018873880   0.0036487141
   3.4549999884   0.0035095074  -0.0017935058   0.0035140776
   3.4599999884   0.0032837156  -0.0016611550   0.0032873488
   3.4649999884   0.0029918500  -0.0014981723   0.0029940453
   3.4699999883   0.0026679986  -0.0013178137   0.0026684183
   3.4749999883   0.0023480285  -0.0011365254   0.0023465746
   3.4799999883   0.0020621896  -0.0009707625   0.0020590439
   3.4849999883   0.0018290900  -0.0008336614   0.0018247059
   3.4899999883   0.0016526158  -0.0007324290   0.0016476558
   3.4949999883   0.0015225968  -0.0006671371   0.0015178231
   3.4999999882   0.0014190245  -0.0006312443   0.0014151624
   3.5049999882   0.0013186739  -0.0006137100   0.0013162737
   3.5099999882   0.0012023254  -0.0006021402   0.0012016533
   3.5149999882   0.0010606162  -0.0005861245   0.0010615986
   3.5199999882   0.0008969206  -0.0005598748   0.0008991577
   3.5249999882   0.0007264742  -0.0005234651   0.0007293214
   3.5299999881   0.0005719908  -0.0004823576   0.0005746938
   3.5349999881   0.0004569994  -0.0004453700   0.0004588543
   3.5399999881   0.0003987718  -0.0004216731   0.0003992766
   3.5449999881   0.0004028401  -0.0004176750   0.0004018032
   3.5499999881   0.0004606771  -0.0004346840   0.0004582594
   3.5549999881   0.0005512435  -0.0004680264   0.0005479235
   3.5599999880   0.0006460303  -0.0005078923   0.0006425006
   3.5649999880   0.0007162474  -0.0005416971   0.0007132655
   3.5699999880   0.0007401951  -0.0005573214   0.0007384209
   3.5749999880   0.0007087876  -0.0005463383   0.0007086449
   3.5799999880   0.0006276968  -0.0005063316   0.0006292876
   3.5849999880   0.0005155115  -0.0004416525   0.0005186018
   3.5899999879   0.0003984149  -0.0003623916   0.0004024922
   3.5949999879   0.0003028511  -0.0002818323   0.0003072389
   3.5999999879   0.0002482123  -0.0002130728   0.0002522142
   3.6049999879   0.0002415776  -0.0001657341   0.0002446179
   3.6099999879   0.0002759565  -0.0001436450   0.0002776864
   3.6149999879   0.0003325099  -0.0001441240   0.0003328592
   3.6199999878   0.0003861054  -0.0001590338   0.0003852711
   3.6249999878   0.0004126266  -0.0001772925   0.0004110066
   3.6299999878   0.0003959658  -0.0001881242   0.0003940562
   3.6349999878   0.0003327236  -0.0001841344   0.0003310060
   3.6399999878   0.0002332884  -0.0001633521   0.0002321334
   3.6449999878   0.0001189961  -0.0001296809   0.0001186022
   3.6499999877   0.0000161773  -0.0000916531   0.0000165543
   3.6549999877  -0.0000512229  -0.0000598592  -0.0000502265
   3.6599999877  -0.0000683651  -0.0000437968  -0.0000670044
   3.6649999877  -0.0000336854  -0.0000490392  -0.0000322475
   3.6699999877   0.0000406533  -0.0000755264   0.0000419158
   3.6749999877   0.0001321401  -0.0001174576   0.0001330565
   3.6799999876   0.0002141563  -0.0001648071   0.0002146586
   3.6849999876   0.0002633096  -0.0002060275   0.0002634269
   3.6899999876   0.0002657982  -0.0002311735   0.0002656317
   3.6949999876   0.0002210331  -0.0002345673   0.0002207221
   3.6999999876   0.0001415349  -0.0002162644   0.0001412237
   3.7049999876   0.0000491839  -0.0001819258   0.0000489976
   3.7099999875  -0.0000310740  -0.0001411522  -0.0000310426
   3.7149999875  -0.0000782600  -0.0001047699  -0.0000779536
   3.7199999875  -0.0000811458  -0.0000818403  -0.0000805404
   3.7249999875  -0.0000411865  -0.0000772333  -0.0000402881
   3.7299999875   0.0000281703  -0.0000904300   0.0000293270
   3.7349999875   0.0001055318  -0.0001158598   0.0001068822
   3.7399999874   0.0001677528  -0.0001446448   0.0001692025
   3.7449999874   0.0001964826  -0.0001672250   0.0001979114
   3.7499999874   0.0001832074  -0.0001761071   0.0001844819
   3.7549999874   0.0001313991  -0.0001679570   0.0001323936
   3.7599999874   0.0000552304  -0.0001444638   0.0000558538
   3.7649999874  -0.0000246956  -0.0001117592  -0.0000244742
   3.7699999873  -0.0000873191  -0.0000785925  -0.0000874535
   3.7749999873  -0.0001170635  -0.0000538057  -0.0001174298
   3.7799999873  -0.0001080616  -0.0000438381  -0.0001084777
   3.7849999873  -0.0000655164  -0.0000509634  -0.0000657783
   3.7899999873  -0.0000038915  -0.0000727372  -0.0000038203
   3.7949999873   0.0000574649  -0.0001027786   0.0000579781
   3.7999999872   0.0000999474  -0.0001326320   0.0001009108
   3.8049999872   0.0001109388  -0.0001541578   0.0001122539
   3.8099999872   0.0000872020  -0.0001617688   0.0000886840
   3.8149999872   0.0000355128  -0.0001538917   0.0000369367
   3.8199999872  -0.0000295528  -0.0001332725  -0.0000283953
   3.8249999872  -0.0000899610  -0.0001060756  -0.0000892058
   3.8299999871  -0.0001293928  -0.0000800704  -0.0001290672
   3.8349999871  -0.0001377624  -0.0000624376  -0.0001377766
   3.8399999871  -0.0001138325  -0.0000578184  -0.0001140044
   3.8449999871  -0.0000652652  -0.0000671366  -0.0000653704
   3.8499999871  -0.0000061921  -0.0000874865  -0.0000060273
   3.8549999871   0.0000469158  -0.0001130771   0.0000474756
   3.8599999870   0.0000798572  -0.0001369251   0.0000808230
   3.8649999870   0.0000844843  -0.0001528004   0.0000857506
   3.8699999870   0.0000606499  -0.0001568798   0.0000620252
   3.8749999870   0.0000158654  -0.0001486691   0.0000171293
   3.8799999870  -0.0000371209  -0.0001309777  -0.0000361522
   3.8849999870  -0.0000840505  -0.0001090013  -0.0000834693
   3.8899999869  -0.0001130932  -0.0000888062  -0.0001128710
   3.8949999869  -0.0001179034  -0.0000756602  -0.0001178988
   3.8999999869  -0.0000990124  -0.0000726692  -0.0000990125
   3.9049999869  -0.0000632773  -0.0000800696  -0.0000630619
   3.9099999869  -0.0000216580  -0.0000953292  -0.0000210677
   3.9149999869   0.0000139664  -0.0001139809   0.0000149791
   3.9199999868   0.0000340181  -0.0001309216   0.0000353705
   3.9249999868   0.0000336110  -0.0001418009   0.0000351105
   3.9299999868   0.0000135310  -0.0001441260   0.0000149297
   3.9349999868  -0.0000203490  -0.0001378100  -0.0000192810
   3.9399999868  -0.0000589436  -0.0001250566  -0.0000583480
   3.9449999868  -0.0000925243  -0.0001096571  -0.0000924078
   3.9499999867  -0.0001132547  -0.0000959223  -0.0001134807
   3.9549999867  -0.0001170394  -0.0000875497  -0.0001173625
   3.9599999867  -0.0001042725  -0.0000867200  -0.0001044052
   3.9649999867  -0.0000793948  -0.0000936328  -0.0000790897
   3.9699999867  -0.0000494841  -0.0001065665  -0.0000486064
   3.9749999867  -0.0000223202  -0.0001224060  -0.0000208905
   3.9799999866  -0.0000044530  -0.0001374754  -0.0000026461
   3.9849999866   0.0000002611  -0.0001484493   0.0000021612
   3.9899999866  -0.0000086452  -0.0001531214  -0.0000069677
   3.9949999866  -0.0000284058  -0.0001508588  -0.0000272106
   3.9999999866  -0.0000539033  -0.0001426627  -0.0000533203
   4.0049999866  -0.0000790032  -0.0001308487  -0.0000789936
   4.0099999865  -0.0000980025  -0.0001184475  -0.0000983674
   4.0149999865  -0.0001068701  -0.0001084770  -0.0001073026
   4.0199999865  -0.0001040373  -0.0001032549  -0.0001042059
   4.0249999865  -0.0000906149  -0.0001038986  -0.0000902537
   4.0299999865  -0.0000700346  -0.0001101124  -0.0000690157
   4.0349999864  -0.0000472194  -0.0001202962  -0.0000455875
   4.0399999864  -0.0000274698  -0.0001319428  -0.0000254298
   4.0449999864  -0.0000152927  -0.0001422329  -0.0000131539
   4.0499999864  -0.0000134088  -0.0001486956  -0.0000115014
   4.0549999864  -0.0000221419  -0.0001497901  -0.0000207292
   4.0599999864  -0.0000393260  -0.0001452756  -0.0000385362
   4.0649999863  -0.0000607703  -0.0001362836  -0.0000605655
   4.0699999863  -0.0000812037  -0.0001250651  -0.0000813942
   4.0749999863  -0.0000955117  -0.0001144629  -0.0000958094
   4.0799999863  -0.0000999913  -0.0001072235  -0.0001000876
   4.0849999863  -0.0000933223  -0.0001053112  -0.0000929682
   4.0899999863  -0.0000769944  -0.0001093937  -0.0000760618
   4.0949999862  -0.0000550456  -0.0001186386  -0.0000535542
   4.0999999862  -0.0000331289  -0.0001308875  -0.0000312335
   4.1049999862  -0.0000171080  -0.0001431816  -0.0000150524
   4.1099999862  -0.0000115221  -0.0001525175  -0.0000095726
   4.1149999862  -0.0000183225  -0.0001566443  -0.0000167004
   4.1199999862  -0.0000362396  -0.0001546894  -0.0000350703
   4.1249999861  -0.0000609903  -0.0001474360  -0.0000602797
   4.1299999861  -0.0000863138  -0.0001371623  -0.0000859565
   4.1349999861  -0.0001055934  -0.0001270667  -0.0001054073
   4.1399999861  -0.0001136434  -0.0001204204  -0.0001134193
   4.1449999861  -0.0001081714  -0.0001196712  -0.0001077234
   4.1499999861  -0.0000904945  -0.0001257439  -0.0000896993
   4.1549999860  -0.0000652820  -0.0001377384  -0.0000640987
   4.1599999860  -0.0000393619  -0.0001531212  -0.0000378309
   4.1649999860  -0.0000198976  -0.0001683716  -0.0000181216
   4.1699999860  -0.0000124277  -0.0001799151  -0.0000105432
   4.1749999860  -0.0000193169  -0.0001850917  -0.0000174629
   4.1799999860  -0.0000390592  -0.0001828918  -0.0000373514
   4.1849999859  -0.0000666458  -0.0001742532  -0.0000651592
   4.1899999859  -0.0000949073  -0.0001618297  -0.0000936687
   4.1949999859  -0.0001164652  -0.0001492917  -0.0001154536
   4.1999999859  -0.0001257504  -0.0001403459  -0.0001249030
   4.2049999859  -0.0001205232  -0.0001377434  -0.0001197454
   4.2099999859  -0.0001024693  -0.0001425463  -0.0001016481
   4.2149999858  -0.0000767090  -0.0001538537  -0.0000757280
   4.2199999858  -0.0000503613  -0.0001690587  -0.0000491194
   4.2249999858  -0.0000305738  -0.0001845616  -0.0000290039
   4.2299999858  -0.0000225723  -0.0001967413  -0.0000206585
   4.2349999858  -0.0000282738  -0.0002029179  -0.0000260616
   4.2399999858  -0.0000458369  -0.0002020458  -0.0000434323
   4.2449999857  -0.0000702554  -0.0001949556  -0.0000678097
   4.2499999857  -0.0000948045  -0.0001840896  -0.0000924853
   4.2549999857  -0.0001129182  -0.0001728122  -0.0001108716
   4.2599999857  -0.0001199664  -0.0001644931  -0.0001182786
   4.2649999857  -0.0001144462  -0.0001616140  -0.0001131149
   4.2699999857  -0.0000982806  -0.0001651380  -0.0000972065
   4.2749999856  -0.0000761771  -0.0001743027  -0.0000751791
   4.2799999856  -0.0000542585  -0.0001868794  -0.0000531129
   4.2849999856  -0.0000383680  -0.0001998135  -0.0000368631
   4.2899999856  -0.0000325247  -0.0002100637  -0.0000305165
   4.2949999856  -0.0000379354  -0.0002154097  -0.0000353907
   4.2999999856  -0.0000528029  -0.0002150151  -0.0000498148
   4.3049999855  -0.0000729377  -0.0002096049  -0.0000697083
   4.3099999855  -0.0000929686  -0.0002012266  -0.0000897614
   4.3149999855  -0.0001077981  -0.0001926717  -0.0001048708
   4.3199999855  -0.0001139077  -0.0001867251  -0.0001114425
   4.3249999855  -0.0001101814  -0.0001854432  -0.0001082334
   4.3299999855  -0.0000980682  -0.0001896504  -0.0000965454
   4.3349999854  -0.0000810822  -0.0001987717  -0.0000797645
   4.3399999854  -0.0000638126  -0.0002110315  -0.0000624062
   4.3449999854  -0.0000507250  -0.0002239483  -0.0000489379
   4.3499999854  -0.0000450648  -0.0002349854  -0.0000426838
   4.3549999854  -0.0000481262  -0.0002421848  -0.0000450735
   4.3599999854  -0.0000590372  -0.0002446254  -0.0000553917
   4.3649999853  -0.0000750766  -0.0002426013  -0.0000710533
   4.3699999853  -0.0000924116  -0.0002374926  -0.0000883038
   4.3749999853  -0.0001070556  -0.0002313769  -0.0001031559
   4.3799999853  -0.0001158095  -0.0002264923  -0.0001123317
   4.3849999853  -0.0001169758  -0.0002246891  -0.0001139966
   4.3899999853  -0.0001106943  -0.0002270008  -0.0001081333
   4.3949999852  -0.0000988466  -0.0002334290  -0.0000964874
   4.3999999852  -0.0000845691  -0.0002429808  -0.0000821160
   4.4049999852  -0.0000714963  -0.0002539378  -0.0000686519
   4.4099999852  -0.0000629104  -0.0002642839  -0.0000594508
   4.4149999852  -0.0000609842  -0.0002721909  -0.0000568145
   4.4199999852  -0.0000662861  -0.0002764479  -0.0000614588
   4.4249999851  -0.0000776541  -0.0002767419  -0.0000723496
   4.4299999851  -0.0000924698  -0.0002737259  -0.0000869434
   4.4349999851  -0.0001072766  -0.0002688626  -0.0001017880
   4.4399999851  -0.0001186038  -0.0002640768  -0.0001133480
   4.4449999851  -0.0001238113  -0.0002612969  -0.0001188692
   4.4499999851  -0.0001217529  -0.0002619883  -0.0001170729
   4.4549999850  -0.0001130910  -0.0002667920  -0.0001085062
   4.4599999850  -0.0001001741  -0.0002753555  -0.0000954473
   4.4649999850  -0.0000864867  -0.0002864066  -0.0000813714
   4.4699999850  -0.0000757963  -0.0002980567  -0.0000700962
   4.4749999850  -0.0000711996  -0.0003082675  -0.0000648122
   4.4799999850  -0.0000743119  -0.0003153663  -0.0000672466
   4.4849999849  -0.0000848163  -0.0003184796  -0.0000771829
   4.4899999849  -0.0001005028  -0.0003177692  -0.0000924771
   4.4949999849  -0.0001178050  -0.0003144036  -0.0001095810
   4.4999999849  -0.0001327065  -0.0003102670  -0.0001244483
   4.5049999849  -0.0001417849  -0.0003074758  -0.0001335903
   4.5099999849  -0.0001431159  -0.0003078297  -0.0001349994
   4.5149999848  -0.0001367911  -0.0003123407  -0.0001286892
   4.5199999848  -0.0001249040  -0.0003209673  -0.0001166990
   4.5249999848  -0.0001110001  -0.0003326254  -0.0001025556
   4.5299999848  -0.0000991373  -0.0003454716  -0.0000903355
   4.5349999848  -0.0000928096  -0.0003573841  -0.0000835818
   4.5399999848  -0.0000940255  -0.0003665132  -0.0000843696
   4.5449999847  -0.0001027908  -0.0003717544  -0.0000927734
   4.5499999847  -0.0001171324  -0.0003730237  -0.0001068760
   4.5549999847  -0.0001336479  -0.0003712657  -0.0001233089
   4.5599999847  -0.0001484256  -0.0003681982  -0.0001381670
   4.5649999847  -0.0001580784  -0.0003658644  -0.0001480457
   4.5699999847  -0.0001606134  -0.0003661122  -0.0001509160
   4.5749999846  -0.0001559091  -0.0003701333  -0.0001466124
   4.5799999846  -0.0001456879  -0.0003781787  -0.0001368154
   4.5849999846  -0.0001330096  -0.0003895175  -0.0001245534
   4.5899999846  -0.0001214365  -0.0004026423  -0.0001133734
   4.5949999846  -0.0001141027  -0.0004156661  -0.0001064124
   4.5999999846  -0.0001129322  -0.0004268056  -0.0001056124
   4.6049999845  -0.0001181991  -0.0004348284  -0.0001112765
   4.6099999845  -0.0001285261  -0.0004393528  -0.0001220594
   4.6149999845  -0.0001413003  -0.0004409271  -0.0001353758
   4.6199999845  -0.0001533791  -0.0004408731  -0.0001481004
   4.6249999845  -0.0001618984  -0.0004409348  -0.0001573713
   4.6299999845  -0.0001649779  -0.0004428268  -0.0001612948
   4.6349999844  -0.0001621549  -0.0004477970  -0.0001593805
   4.6399999844  -0.0001544566  -0.0004563159  -0.0001526188
   4.6449999844  -0.0001441093  -0.0004679705  -0.0001431948
   4.6499999844  -0.0001339697  -0.0004815841  -0.0001339267
   4.6549999844  -0.0001268278  -0.0004955300  -0.0001275732
   4.6599999844  -0.0001247493  -0.0005081508  -0.0001261795
   4.6649999843  -0.0001286128  -0.0005181762  -0.0001306154
   4.6699999843  -0.0001379428  -0.0005250292  -0.0001404080
   4.6749999843  -0.0001510673  -0.0005289506  -0.0001538969
   4.6799999843  -0.0001655541  -0.0005309125  -0.0001686673
   4.6849999843  -0.0001788124  -0.0005323550  -0.0001821486
   4.6899999843  -0.0001887173  -0.0005348162  -0.0001922351
   4.6949999842  -0.0001941068  -0.0005395549  -0.0001977805
   4.6999999842  -0.0001950408  -0.0005472555  -0.0001988538
   4.7049999842  -0.0001927639  -0.0005578851  -0.0001967002
   4.7099999842  -0.0001893894  -0.0005707274  -0.0001934239
   4.7149999842  -0.0001873803  -0.0005845768  -0.0001914710
   4.7199999841  -0.0001889546  -0.0005980413  -0.0001930372
   4.7249999841  -0.0001955526  -0.0006098773  -0.0001995417
   4.7299999841  -0.0002074901  -0.0006192809  -0.0002112875
   4.7349999841  -0.0002238774  -0.0006260707  -0.0002273888
   4.7399999841  -0.0002428214  -0.0006307227  -0.0002459784
   4.7449999841  -0.0002618642  -0.0006342543  -0.0002646479
   4.7499999840  -0.0002785573  -0.0006379824  -0.0002810178
   4.7549999840  -0.0002910380  -0.0006432128  -0.0002933027
   4.7599999840  -0.0002984719  -0.0006509303  -0.0003007402
   4.7649999840  -0.0003012564  -0.0006615619  -0.0003037777
   4.7699999840  -0.0003009294  -0.0006748699  -0.0003039692
   4.7749999840  -0.0002998002  -0.0006900012  -0.0003036013
   4.7799999839  -0.0003003868  -0.0007056846  -0.0003051346
   4.7849999839  -0.0003047916  -0.0007205284  -0.0003105942
   4.7899999839  -0.0003141733  -0.0007333459  -0.0003210622
   4.7949999839  -0.0003284508  -0.0007434268  -0.0003364034
   4.7999999839  -0.0003463232  -0.0007506843  -0.0003553025
   4.8049999839  -0.0003656087  -0.0007556404  -0.0003756087
   4.8099999838  -0.0003838234  -0.0007592524  -0.0003949080
   4.8149999838  -0.0003988497  -0.0007626287  -0.0004111721
   4.8199999838  -0.0004095196  -0.0007667059  -0.0004233142
   4.8249999838  -0.0004159496  -0.0007719768  -0.0004314975
   4.8299999838  -0.0004195345  -0.0007783363  -0.0004371087
   4.8349999838  -0.0004225920  -0.0007850880  -0.0004423970
   4.8399999837  -0.0004277511  -0.0007911075  -0.0004498739
   4.8449999837  -0.0004372460  -0.0007951219  -0.0004616320
   4.8499999837  -0.0004523043  -0.0007960348  -0.0004787662
   4.8549999837  -0.0004727922  -0.0007932200  -0.0005010520
   4.8599999837  -0.0004972086  -0.0007867141  -0.0005269613
   4.8649999837  -0.0005230227  -0.0007772655  -0.0005540053
   4.8699999836  -0.0005472579  -0.0007662317  -0.0005793053
   4.8749999836  -0.0005671621  -0.0007553515  -0.0006002346
   4.8799999836  -0.0005807863  -0.0007464455  -0.0006149599
   4.8849999836  -0.0005873247  -0.0007411140  -0.0006227488
   4.8899999836  -0.0005871426  -0.0007405012  -0.0006239747
   4.8949999836  -0.0005814982  -0.0007451767  -0.0006198361
   4.8999999835  -0.0005720509  -0.0007551585  -0.0006118797
   4.9049999835  -0.0005602933  -0.0007700671  -0.0006014629
   4.9099999835  -0.0005470598  -0.0007893666  -0.0005892998
   4.9149999835  -0.0005322368  -0.0008126250  -0.0005752030
   4.9199999835  -0.0005147420  -0.0008397193  -0.0005580821
   4.9249999835  -0.0004927700  -0.0008709206  -0.0005361899
   4.9299999834  -0.0004642392  -0.0009068241  -0.0005075510
   4.9349999834  -0.0004273241  -0.0009481310  -0.0004704629
   4.9399999834  -0.0003809473  -0.0009953247  -0.0004239518
   4.9449999834  -0.0003251139  -0.0010483209  -0.0003680786
   4.9499999834  -0.0002610189  -0.0011061759  -0.0003040287
   4.9549999834  -0.0001909075  -0.0011669295  -0.0002339755
   4.9599999833  -0.0001177316  -0.0012276231  -0.0001607543
   4.9649999833  -0.0000446877  -0.0012844943  -0.0000874308
   4.9699999833   0.0000252508  -0.0013333018  -0.0000168641
   4.9749999833   0.0000897033  -0.0013697073   0.0000486359
   4.9799999833   0.0001470735  -0.0013896321   0.0001074873
   4.9849999833   0.0001965338  -0.0013895146   0.0001588223
   4.9899999832   0.0002378255  -0.0013664322   0.0002023027
   4.9949999832   0.0002709416  -0.0013180840   0.0002378252
   4.9999999832   0.0002957848  -0.0012426723   0.0002652044
   5.0049999832   0.0003118960  -0.0011387435   0.0002839199
   5.0099999832   0.0003183256  -0.0010050582   0.0002929965
   5.0149999832   0.0003136795  -0.0008405465   0.0002910485
   5.0199999831   0.0002963310  -0.0006443805   0.0002764805
   5.0249999831   0.0002647468  -0.0004161632   0.0002477974
   5.0299999831   0.0002178544  -0.0001561964   0.0002039555
   5.0349999831   0.0001553677   0.0001342285   0.0001446766
   5.0399999831   0.0000780034   0.0004525898   0.0000706573
   5.0449999831  -0.0000124592   0.0007950063  -0.0000163686
   5.0499999830  -0.0001132853   0.0011562648  -0.0001137323
   5.0549999830  -0.0002210421   0.0015300166  -0.0002180770
   5.0599999830  -0.0003319573   0.0019091218  -0.0003257068
   5.0649999830  -0.0004423145   0.0022860902  -0.0004329727
   5.0699999830  -0.0005488136   0.0026535484  -0.0005366261
   5.0749999830  -0.0006488306   0.0030046612  -0.0006340739
   5.0799999829  -0.0007405319   0.0033334497  -0.0007234908
   5.0849999829  -0.0008228264   0.0036349730  -0.0008037719
   5.0899999829  -0.0008951764   0.0039053778  -0.0008743458
   5.0949999829  -0.0009573185   0.0041418496  -0.0009349013
   5.0999999829  -0.0010089715   0.0043425163  -0.0009851039
   5.1049999829  -0.0010496132   0.0045063642  -0.0010243815
   5.1099999828  -0.0010783920   0.0046332101  -0.0010518467
   5.1149999828  -0.0010942070   0.0047237463  -0.0010663845
   5.1199999828  -0.0010959449   0.0047796494  -0.0010668924
   5.1249999828  -0.0010828147   0.0048037100  -0.0010526134
   5.1299999828  -0.0010546928   0.0047999294  -0.0010234720
   5.1349999828  -0.0010123780   0.0047735257  -0.0009803171
   5.1399999827  -0.0009576764   0.0047308089  -0.0009249918
   5.1449999827  -0.0008932737   0.0046789104  -0.0008601948
   5.1499999827  -0.0008224084   0.0046253845  -0.0007891473
   5.1549999827  -0.0007484084   0.0045777275  -0.0007151332
   5.1599999827  -0.0006741926   0.0045428768  -0.0006410110
   5.1649999827  -0.0006018474   0.0045267596  -0.0005688066
   5.1699999826  -0.0005323714   0.0045339454  -0.0004994755
   5.1749999826  -0.0004656404   0.0045674413  -0.0004328812
   5.1799999826  -0.0004005902   0.0046286369  -0.0003679840
   5.1849999826  -0.0003355633   0.0047173825  -0.0003031821
   5.1899999826  -0.0002687257   0.0048321635  -0.0002367155
   5.1949999826  -0.0001984497   0.0049703233  -0.0001670285
   5.1999999825  -0.0001235696   0.0051282916  -0.0000930056
   5.2049999825  -0.0000434565   0.0053017841  -0.0000140305
   5.2099999825   0.0000420941   0.0054859596   0.0000701322
   5.2149999825   0.0001331157   0.0056755377   0.0001595860
   5.2199999825   0.0002297831   0.0058648970   0.0002546007
   5.2249999825   0.0003326858   0.0060481798   0.0003558658
   5.2299999824   0.0004429747   0.0062194293   0.0004646174
   5.2349999824   0.0005623285   0.0063727751   0.0005825887
   5.2399999824   0.0006927342   0.0065026674   0.0007117846
   5.2449999824   0.0008361253   0.0066041453   0.0008541218
   5.2499999824   0.0009939597   0.0066731065   0.0010110191
   5.2549999824   0.0011668387   0.0067065420   0.0011830306
   5.2599999823   0.0013542568   0.0067026931   0.0013696128
   5.2649999823   0.0015545471   0.0066611004   0.0015690798
   5.2699999823   0.0017650331   0.0065825262   0.0017787603
   5.2749999823   0.0019823568   0.0064687537   0.0019953214
   5.2799999823   0.0022029061   0.0063222865   0.0022151865
   5.2849999823   0.0024232477   0.0061459891   0.0024349562
   5.2899999822   0.0026404750   0.0059427218   0.0026517438
   5.2949999822   0.0028524014   0.0057150218   0.0028633616
   5.2999999822   0.0030575747   0.0054648756   0.0030683328
   5.3049999822   0.0032551267   0.0051936074   0.0032657454
   5.3099999822   0.0034445131   0.0049018852   0.0034550002
   5.3149999822   0.0036252204   0.0045898245   0.0036355278
   5.3199999821   0.0037965179   0.0042571505   0.0038065508
   5.3249999821   0.0039573190   0.0039033744   0.0039669514
   5.3299999821   0.0041061824   0.0035279446   0.0041152771
   5.3349999821   0.0042414508   0.0031303479   0.0042498784
   5.3399999821   0.0043614856   0.0027101570   0.0043691408
   5.3449999821   0.0044649348   0.0022670433   0.0044717484
   5.3499999820   0.0045509621   0.0018007823   0.0045569075
   5.3549999820   0.0046193718   0.0013112871   0.0046244665
   5.3599999820   0.0046705903   0.0007986939   0.0046748928
   5.3649999820   0.0047054992   0.0002635046   0.0047091028
   5.3699999820   0.0047251531  -0.0002932248   0.0047281754
   5.3749999820   0.0047304426  -0.0008696854   0.0047330139
   5.3799999819   0.0047217850  -0.0014631478   0.0047240347
   5.3849999819   0.0046989184  -0.0020698696   0.0047009629
   5.3899999819   0.0046608548  -0.0026851084   0.0046627876
   5.3949999819   0.0046060104  -0.0033032557   0.0046078975
   5.3999999819   0.0045324887  -0.0039180792   0.0045343689
   5.4049999818   0.0044384528  -0.0045230453   0.0044403437
   5.4099999818   0.0043225012  -0.0051116756   0.0043244086
   5.4149999818   0.0041839608  -0.0056778875   0.0041858884
   5.4199999818   0.0040230327  -0.0062162727   0.0040249893
   5.4249999818   0.0038407652  -0.0067222795   0.0038427669
   5.4299999818   0.0036388752  -0.0071922859   0.0036409406
   5.4349999817   0.0034194755  -0.0076235684   0.0034216157
   5.4399999817   0.0031847869  -0.0080141939   0.0031869935
   5.4449999817   0.0029369139  -0.0083628696   0.0029391469
   5.4499999817   0.0026777327  -0.0086687940   0.0026799156
   5.4549999817   0.0024089107  -0.0089315409   0.0024109324
   5.4599999817   0.0021320283  -0.0091509983   0.0021337551
   5.4649999816   0.0018487532  -0.0093273592   0.0018500474
   5.4699999816   0.0015609993  -0.0094611484   0.0015617418
   5.4749999816   0.0012710152  -0.0095532530   0.0012711271
   5.4799999816   0.0009813706  -0.0096049253   0.0009808291
   5.4849999816   0.0006948391  -0.0096177337   0.0006936836
   5.4899999816   0.0004142045  -0.0095934548   0.0004125331
   5.4949999815   0.0001420349  -0.0095339235   0.0001399905
   5.4999999815  -0.0001195267  -0.0094408703  -0.0001217763
   5.5049999815  -0.0003689146  -0.0093157892  -0.0003711999
   5.5099999815  -0.0006052123  -0.0091598710  -0.0006073836
   5.5149999815  -0.0008281350  -0.0089740245  -0.0008300788
   5.5199999815  -0.0010379325  -0.0087589857  -0.0010395808
   5.5249999814  -0.0012352309  -0.0085154930  -0.0012365620
   5.5299999814  -0.0014208371  -0.0082444886  -0.0014218699
   5.5349999814  -0.0015955369  -0.0079473053  -0.0015963191
   5.5399999814  -0.0017599128  -0.0076257981  -0.0017605085
   5.5449999814  -0.0019142124  -0.0072823997  -0.0019146891
   5.5499999814  -0.0020582864  -0.0069200937  -0.0020587059
   5.5549999813  -0.0021916094  -0.0065423161  -0.0021920242
   5.5599999813  -0.0023133800  -0.0061528078  -0.0023138345
   5.5649999813  -0.0024226801  -0.0057554430  -0.0024232163
   5.5699999813  -0.0025186586  -0.0053540562  -0.0025193243
   5.5749999813  -0.0026006985  -0.0049522876  -0.0026015540
   5.5799999813  -0.0026685280  -0.0045534578  -0.0026696499
   5.5849999812  -0.0027222526  -0.0041604817  -0.0027237312
   5.5899999812  -0.0027623042  -0.0037758229  -0.0027642347
   5.5949999812  -0.0027893283  -0.0034014901  -0.0027917961
   5.5999999812  -0.0028040465  -0.0030390674  -0.0028071097
   5.6049999812  -0.0028071380  -0.0026897675  -0.0028108103
   5.6099999812  -0.0027991770  -0.0023544904  -0.0028034149
   5.6149999811  -0.0027806429  -0.0020338708  -0.0027853418
   5.6199999811  -0.0027520021  -0.0017283006  -0.0027570013
   5.6249999811  -0.0027138325  -0.0014379256  -0.0027189304
   5.6299999811  -0.0026669524  -0.0011626260  -0.0026719297
   5.6349999811  -0.0026125124  -0.0009020006  -0.0026171586
   5.6399999811  -0.0025520158  -0.0006553814  -0.0025561554
   5.6449999810  -0.0024872535  -0.0004218948  -0.0024907665
   5.6499999810  -0.0024201583  -0.0002005757  -0.0024229924
   5.6549999810  -0.0023526042   0.0000094820  -0.0023547754
   5.6599999810  -0.0022861890   0.0002089684  -0.0022877727
   5.6649999810  -0.0022220436   0.0003982345  -0.0022231575
   5.6699999810  -0.0021607079   0.0005772352  -0.0021614910
   5.6749999809  -0.0021020990   0.0007455593  -0.0021026908
   5.6799999809  -0.0020455801   0.0009025392  -0.0020461045
   5.6849999809  -0.0019901179   0.0010474173  -0.0019906745
   5.6899999809  -0.0019344988   0.0011795275  -0.0019351621
   5.6949999809  -0.0018775617   0.0012984526  -0.0018783874
   5.6999999809  -0.0018184021   0.0014041266  -0.0018194374
   5.7049999808  -0.0017565118   0.0014968674  -0.0017578050
   5.7099999808  -0.0016918295   0.0015773476  -0.0016934362
   5.7149999808  -0.0016247034   0.0016465178  -0.0016266858
   5.7199999808  -0.0015557840   0.0017055099  -0.0015582023
   5.7249999808  -0.0014858794   0.0017555377  -0.0014887777
   5.7299999808  -0.0014158129   0.0017978118  -0.0014192019
   5.7349999807  -0.0013463157   0.0018334717  -0.0013501584
   5.7399999807  -0.0012779763   0.0018635391  -0.0012821786
   5.7449999807  -0.0012112469   0.0018888877  -0.0012156598
   5.7499999807  -0.0011464958   0.0019102301  -0.0011509270
   5.7549999807  -0.0010840799   0.0019281197  -0.0010883157
   5.7599999807  -0.0010244071   0.0019429654  -0.0010282401
   5.7649999806  -0.0009679680   0.0019550530  -0.0009712253
   5.7699999806  -0.0009153180   0.0019645669  -0.0009178851
   5.7749999806  -0.0008670112   0.0019716022  -0.0008688468
   5.7799999806  -0.0008234959   0.0019761633  -0.0008246354
   5.7849999806  -0.0007849914   0.0019781506  -0.0007855387
   5.7899999806  -0.0007513754   0.0019773454  -0.0007514851
   5.7949999805  -0.0007221075   0.0019734072  -0.0007219623
   5.7999999805  -0.0006962156   0.0019658986  -0.0006960018
   5.8049999805  -0.0006723582   0.0019543450  -0.0006722445
   5.8099999805  -0.0006489636   0.0019383267  -0.0006490866
   5.8149999805  -0.0006244307   0.0019175854  -0.0006248877
   5.8199999805  -0.0005973581   0.0018921228  -0.0005982071
   5.8249999804  -0.0005667593   0.0018622640  -0.0005680251
   5.8299999804  -0.0005322177   0.0018286677  -0.0005339005
   5.8349999804  -0.0004939462   0.0017922787  -0.0004960307
   5.8399999804  -0.0004527344   0.0017542290  -0.0004551965
   5.8449999804  -0.0004097934   0.0017157112  -0.0004126031
   5.8499999804  -0.0003665330   0.0016778469  -0.0003696533
   5.8549999803  -0.0003243239   0.0016415767  -0.0003277060
   5.8599999803  -0.0002842993   0.0016075868  -0.0002878762
   5.8649999803  -0.0002472401   0.0015762781  -0.0002509206
   5.8699999803  -0.0002135592   0.0015477770  -0.0002172259
   5.8749999803  -0.0001833764   0.0015219759  -0.0001868883
   5.8799999803  -0.0001566455   0.0014985938  -0.0001598475
   5.8849999802  -0.0001332845   0.0014772423  -0.0001360235
   5.8899999802  -0.0001132647   0.0014574883  -0.0001154097
   5.8949999802  -0.0000966288   0.0014389051  -0.0000980924
   5.8999999802  -0.0000834370   0.0014211055  -0.0000841941
   5.9049999802  -0.0000736636   0.0014037558  -0.0000737623
   5.9099999802  -0.0000670835   0.0013865723  -0.0000666464
   5.9149999801  -0.0000631921   0.0013693062  -0.0000624041
   5.9199999801  -0.0000611871   0.0013517244  -0.0000602737
   5.9249999801  -0.0000600266   0.0013335982  -0.0000592240
   5.9299999801  -0.0000585516   0.0013147054  -0.0000580747
   5.9349999801  -0.0000556441   0.0012948489  -0.0000556591
   5.9399999801  -0.0000503882   0.0012738895  -0.0000509939
   5.9449999800  -0.0000421989   0.0012517800  -0.0000434204
   5.9499999800  -0.0000308985   0.0012285920  -0.0000326936
   5.9549999800  -0.0000167302   0.0012045210  -0.0000190066
   5.9599999800  -0.0000003147   0.0011798670  -0.0000029515
   5.9649999800   0.0000174394   0.0011549907   0.0000145693
   5.9699999800   0.0000354556   0.0011302550   0.0000324693
   5.9749999799   0.0000526250   0.0011059641   0.0000496204
   5.9799999799   0.0000679409   0.0010823136   0.0000649974
   5.9849999799   0.0000806211   0.0010593612   0.0000778055
   5.9899999799   0.0000902006   0.0010370222   0.0000875770
   5.9949999799   0.0000965829   0.0010150890   0.0000942197
