   0.0000000000   0.0000000000   0.0000000000   0.0000000000
   0.0050000000   0.0000000000   0.0000000000   0.0000000000
   0.0100000000   0.0000000000   0.0000000000   0.0000000000
   0.0149999999   0.0000000000   0.0000000000   0.0000000000
   0.0199999999   0.0000000000   0.0000000000   0.0000000000
   0.0249999999   0.0000000000   0.0000000000   0.0000000000
   0.0299999999   0.0000000000   0.0000000000   0.0000000000
   0.0349999999   0.0000000000   0.0000000000   0.0000000000
   0.0399999999   0.0000000000   0.0000000000   0.0000000000
   0.0449999998   0.0000000000   0.0000000000   0.0000000000
   0.0499999998   0.0000000000   0.0000000000   0.0000000000
   0.0549999998   0.0000000000   0.0000000000   0.0000000000
   0.0599999998   0.0000000000   0.0000000000   0.0000000000
   0.0649999998   0.0000000000   0.0000000000   0.0000000000
   0.0699999998   0.0000000000   0.0000000000   0.0000000000
   0.0749999997  -0.0000000000   0.0000000000  -0.0000000000
   0.0799999997  -0.0000000000   0.0000000000  -0.0000000000
   0.0849999997  -0.0000000000   0.0000000000  -0.0000000000
   0.0899999997  -0.0000000000   0.0000000000  -0.0000000000
   0.0949999997  -0.0000000000   0.0000000000  -0.0000000000
   0.0999999997  -0.0000000000   0.0000000000  -0.0000000000
   0.1049999996  -0.0000000000   0.0000000000  -0.0000000000
   0.1099999996  -0.0000000000   0.0000000000  -0.0000000000
   0.1149999996  -0.0000000000   0.0000000000  -0.0000000000
   0.1199999996   0.0000000000   0.0000000000   0.0000000000
   0.1249999996   0.0000000000  -0.0000000000   0.0000000000
   0.1299999996   0.0000000000  -0.0000000000   0.0000000000
   0.1349999995   0.0000000000  -0.0000000000   0.0000000000
   0.1399999995   0.0000000000  -0.0000000000   0.0000000000
   0.1449999995   0.0000000000  -0.0000000000   0.0000000000
   0.1499999995   0.0000000000  -0.0000000000   0.0000000000
   0.1549999995   0.0000000000  -0.0000000000   0.0000000000
   0.1599999995   0.0000000000  -0.0000000000   0.0000000000
   0.1649999994   0.0000000000  -0.0000000000   0.0000000000
   0.1699999994   0.0000000000  -0.0000000000   0.0000000000
   0.1749999994   0.0000000000  -0.0000000000   0.0000000000
   0.1799999994   0.0000000000  -0.0000000000   0.0000000000
   0.1849999994   0.0000000000  -0.0000000000   0.0000000000
   0.1899999994   0.0000000000  -0.0000000000   0.0000000000
   0.1949999993   0.0000000000  -0.0000000000   0.0000000000
   0.1999999993   0.0000000000  -0.0000000000   0.0000000000
   0.2049999993   0.0000000000  -0.0000000000   0.0000000000
   0.2099999993   0.0000000000  -0.0000000000   0.0000000000
   0.2149999993   0.0000000000  -0.0000000000   0.0000000000
   0.2199999993   0.0000000000  -0.0000000000   0.0000000000
   0.2249999992   0.0000000000  -0.0000000000   0.0000000000
   0.2299999992   0.0000000000  -0.0000000000   0.0000000000
   0.2349999992   0.0000000000  -0.0000000000   0.0000000000
   0.2399999992   0.0000000000  -0.0000000000   0.0000000000
   0.2449999992   0.0000000000  -0.0000000000   0.0000000000
   0.2499999992   0.0000000000  -0.0000000000   0.0000000000
   0.2549999991   0.0000000000  -0.0000000000   0.0000000000
   0.2599999991   0.0000000000  -0.0000000000   0.0000000000
   0.2649999991   0.0000000000  -0.0000000000   0.0000000000
   0.2699999991   0.0000000000  -0.0000000000   0.0000000000
   0.2749999991   0.0000000000  -0.0000000000   0.0000000000
   0.2799999991   0.0000000000  -0.0000000000   0.0000000000
   0.2849999990   0.0000000000  -0.0000000000   0.0000000000
   0.2899999990   0.0000000000  -0.0000000000   0.0000000000
   0.2949999990   0.0000000000  -0.0000000000   0.0000000000
   0.2999999990   0.0000000000  -0.0000000000   0.0000000000
   0.3049999990   0.0000000000  -0.0000000000   0.0000000000
   0.3099999990   0.0000000000  -0.0000000000   0.0000000000
   0.3149999989   0.0000000000  -0.0000000000   0.0000000000
   0.3199999989   0.0000000000  -0.0000000000   0.0000000000
   0.3249999989   0.0000000000  -0.0000000000   0.0000000000
   0.3299999989   0.0000000000  -0.0000000000   0.0000000000
   0.3349999989   0.0000000000  -0.0000000000   0.0000000000
   0.3399999989   0.0000000000  -0.0000000000   0.0000000000
   0.3449999988   0.0000000000  -0.0000000000   0.0000000000
   0.3499999988   0.0000000000  -0.0000000000   0.0000000000
   0.3549999988   0.0000000000  -0.0000000000   0.0000000000
   0.3599999988   0.0000000000  -0.0000000000   0.0000000000
   0.3649999988   0.0000000000  -0.0000000000   0.0000000000
   0.3699999988   0.0000000000  -0.0000000000   0.0000000000
   0.3749999987   0.0000000000  -0.0000000000   0.0000000000
   0.3799999987   0.0000000000   0.0000000000   0.0000000000
   0.3849999987   0.0000000000   0.0000000000   0.0000000000
   0.3899999987  -0.0000000000   0.0000000000  -0.0000000000
   0.3949999987  -0.0000000000   0.0000000000  -0.0000000000
   0.3999999987  -0.0000000000   0.0000000000  -0.0000000000
   0.4049999986  -0.0000000000   0.0000000000  -0.0000000000
   0.4099999986  -0.0000000000   0.0000000000  -0.0000000000
   0.4149999986  -0.0000000000   0.0000000000  -0.0000000000
   0.4199999986  -0.0000000000   0.0000000000  -0.0000000000
   0.4249999986  -0.0000000000   0.0000000000  -0.0000000000
   0.4299999986  -0.0000000000   0.0000000000  -0.0000000000
   0.4349999985  -0.0000000000   0.0000000000  -0.0000000000
   0.4399999985  -0.0000000000   0.0000000000  -0.0000000000
   0.4449999985  -0.0000000000   0.0000000000  -0.0000000000
   0.4499999985  -0.0000000000   0.0000000000  -0.0000000000
   0.4549999985  -0.0000000000   0.0000000000  -0.0000000000
   0.4599999985  -0.0000000000   0.0000000000  -0.0000000000
   0.4649999984  -0.0000000000   0.0000000000  -0.0000000000
   0.4699999984  -0.0000000000   0.0000000000  -0.0000000000
   0.4749999984  -0.0000000000   0.0000000000  -0.0000000000
   0.4799999984  -0.0000000000   0.0000000000  -0.0000000000
   0.4849999984  -0.0000000000   0.0000000000  -0.0000000000
   0.4899999984  -0.0000000000   0.0000000000  -0.0000000000
   0.4949999983  -0.0000000000   0.0000000000  -0.0000000000
   0.4999999983  -0.0000000000   0.0000000000  -0.0000000000
   0.5049999983  -0.0000000000   0.0000000000  -0.0000000000
   0.5099999983  -0.0000000000   0.0000000000  -0.0000000000
   0.5149999983  -0.0000000000   0.0000000000  -0.0000000000
   0.5199999983  -0.0000000000   0.0000000000  -0.0000000000
   0.5249999982  -0.0000000000   0.0000000000  -0.0000000000
   0.5299999982  -0.0000000000   0.0000000000  -0.0000000000
   0.5349999982  -0.0000000000   0.0000000000  -0.0000000000
   0.5399999982  -0.0000000000   0.0000000000  -0.0000000000
   0.5449999982  -0.0000000000   0.0000000000  -0.0000000000
   0.5499999982  -0.0000000000   0.0000000000  -0.0000000000
   0.5549999981  -0.0000000000   0.0000000000  -0.0000000000
   0.5599999981  -0.0000000000   0.0000000000  -0.0000000000
   0.5649999981  -0.0000000000   0.0000000000  -0.0000000000
   0.5699999981   0.0000000000   0.0000000000   0.0000000000
   0.5749999981   0.0000000000   0.0000000000   0.0000000000
   0.5799999981   0.0000000000   0.0000000000   0.0000000000
   0.5849999980   0.0000000000   0.0000000000   0.0000000000
   0.5899999980   0.0000000000   0.0000000000   0.0000000000
   0.5949999980   0.0000000000   0.0000000000   0.0000000000
   0.5999999980   0.0000000000   0.0000000000   0.0000000000
   0.6049999980   0.0000000000   0.0000000000   0.0000000000
   0.6099999980   0.0000000000   0.0000000000   0.0000000000
   0.6149999979   0.0000000000   0.0000000000   0.0000000000
   0.6199999979   0.0000000000   0.0000000000   0.0000000000
   0.6249999979   0.0000000000  -0.0000000000   0.0000000000
   0.6299999979   0.0000000000  -0.0000000000   0.0000000000
   0.6349999979   0.0000000000  -0.0000000000   0.0000000000
   0.6399999979   0.0000000000  -0.0000000000   0.0000000000
   0.6449999978  -0.0000000000  -0.0000000000  -0.0000000000
   0.6499999978  -0.0000000000  -0.0000000000  -0.0000000000
   0.6549999978  -0.0000000000  -0.0000000000  -0.0000000000
   0.6599999978  -0.0000000000  -0.0000000000  -0.0000000000
   0.6649999978  -0.0000000000  -0.0000000000  -0.0000000000
   0.6699999978  -0.0000000000  -0.0000000000  -0.0000000000
   0.6749999977  -0.0000000000  -0.0000000000  -0.0000000000
   0.6799999977  -0.0000000000  -0.0000000000  -0.0000000000
   0.6849999977  -0.0000000000  -0.0000000000  -0.0000000000
   0.6899999977  -0.0000000000   0.0000000000  -0.0000000000
   0.6949999977   0.0000000000   0.0000000000   0.0000000000
   0.6999999976   0.0000000000   0.0000000000   0.0000000000
   0.7049999976   0.0000000000   0.0000000000   0.0000000000
   0.7099999976   0.0000000000   0.0000000000   0.0000000000
   0.7149999976   0.0000000000   0.0000000000   0.0000000000
   0.7199999976   0.0000000000   0.0000000000   0.0000000000
   0.7249999976   0.0000000000   0.0000000000   0.0000000000
   0.7299999975   0.0000000000   0.0000000000   0.0000000000
   0.7349999975   0.0000000000   0.0000000000   0.0000000000
   0.7399999975   0.0000000000   0.0000000000   0.0000000000
   0.7449999975   0.0000000000   0.0000000000   0.0000000000
   0.7499999975   0.0000000000   0.0000000000   0.0000000000
   0.7549999975   0.0000000000   0.0000000000   0.0000000000
   0.7599999974   0.0000000000   0.0000000000   0.0000000000
   0.7649999974   0.0000000000   0.0000000000   0.0000000000
   0.7699999974   0.0000000000   0.0000000000   0.0000000000
   0.7749999974   0.0000000000   0.0000000000   0.0000000000
   0.7799999974   0.0000000000   0.0000000000   0.0000000000
   0.7849999974   0.0000000000   0.0000000000   0.0000000000
   0.7899999973   0.0000000000   0.0000000000   0.0000000000
   0.7949999973   0.0000000000   0.0000000000   0.0000000000
   0.7999999973   0.0000000000   0.0000000000   0.0000000000
   0.8049999973   0.0000000000   0.0000000000   0.0000000000
   0.8099999973   0.0000000000   0.0000000000   0.0000000000
   0.8149999973   0.0000000000   0.0000000000   0.0000000000
   0.8199999972   0.0000000000   0.0000000000   0.0000000000
   0.8249999972   0.0000000000   0.0000000000   0.0000000000
   0.8299999972   0.0000000000   0.0000000000   0.0000000000
   0.8349999972   0.0000000000   0.0000000000   0.0000000000
   0.8399999972   0.0000000000   0.0000000000   0.0000000000
   0.8449999972   0.0000000000   0.0000000000   0.0000000000
   0.8499999971   0.0000000000   0.0000000000   0.0000000000
   0.8549999971   0.0000000000   0.0000000000   0.0000000000
   0.8599999971   0.0000000000   0.0000000000   0.0000000000
   0.8649999971   0.0000000000   0.0000000000   0.0000000000
   0.8699999971   0.0000000000   0.0000000000   0.0000000000
   0.8749999971   0.0000000000   0.0000000000   0.0000000000
   0.8799999970   0.0000000000   0.0000000000   0.0000000000
   0.8849999970   0.0000000000   0.0000000000   0.0000000000
   0.8899999970   0.0000000000   0.0000000000   0.0000000000
   0.8949999970   0.0000000000   0.0000000000   0.0000000000
   0.8999999970   0.0000000000   0.0000000000   0.0000000000
   0.9049999970   0.0000000000   0.0000000000   0.0000000000
   0.9099999969   0.0000000000   0.0000000000   0.0000000000
   0.9149999969   0.0000000000   0.0000000000   0.0000000000
   0.9199999969   0.0000000000   0.0000000000   0.0000000000
   0.9249999969   0.0000000000   0.0000000000   0.0000000000
   0.9299999969   0.0000000000   0.0000000000   0.0000000000
   0.9349999969   0.0000000000   0.0000000000   0.0000000000
   0.9399999968   0.0000000000   0.0000000000   0.0000000000
   0.9449999968   0.0000000000   0.0000000000   0.0000000000
   0.9499999968   0.0000000000   0.0000000000   0.0000000000
   0.9549999968   0.0000000000   0.0000000000   0.0000000000
   0.9599999968   0.0000000000   0.0000000000   0.0000000000
   0.9649999968   0.0000000000   0.0000000000   0.0000000000
   0.9699999967   0.0000000000   0.0000000000   0.0000000000
   0.9749999967   0.0000000000   0.0000000000   0.0000000000
   0.9799999967   0.0000000000   0.0000000000   0.0000000000
   0.9849999967   0.0000000000   0.0000000000   0.0000000000
   0.9899999967   0.0000000000   0.0000000000   0.0000000000
   0.9949999967   0.0000000000   0.0000000000   0.0000000000
   0.9999999966  -0.0000000000   0.0000000000   0.0000000000
   1.0049999966  -0.0000000000  -0.0000000000  -0.0000000000
   1.0099999966  -0.0000000000  -0.0000000000  -0.0000000000
   1.0149999966  -0.0000000000  -0.0000000000  -0.0000000000
   1.0199999966  -0.0000000000  -0.0000000000  -0.0000000000
   1.0249999966  -0.0000000000  -0.0000000000  -0.0000000000
   1.0299999965  -0.0000000000  -0.0000000000  -0.0000000000
   1.0349999965  -0.0000000000  -0.0000000000  -0.0000000000
   1.0399999965  -0.0000000000  -0.0000000000  -0.0000000000
   1.0449999965  -0.0000000000  -0.0000000000  -0.0000000000
   1.0499999965  -0.0000000000  -0.0000000000  -0.0000000000
   1.0549999965  -0.0000000000  -0.0000000000  -0.0000000000
   1.0599999964  -0.0000000000  -0.0000000000  -0.0000000000
   1.0649999964  -0.0000000000  -0.0000000000  -0.0000000000
   1.0699999964  -0.0000000000  -0.0000000000  -0.0000000000
   1.0749999964   0.0000000000  -0.0000000000  -0.0000000000
   1.0799999964   0.0000000000   0.0000000000   0.0000000000
   1.0849999964   0.0000000000   0.0000000000   0.0000000000
   1.0899999963   0.0000000000   0.0000000000   0.0000000000
   1.0949999963   0.0000000000   0.0000000000   0.0000000000
   1.0999999963   0.0000000000   0.0000000000   0.0000000000
   1.1049999963   0.0000000000   0.0000000000   0.0000000000
   1.1099999963   0.0000000000   0.0000000000   0.0000000000
   1.1149999963   0.0000000000   0.0000000000   0.0000000000
   1.1199999962   0.0000000000   0.0000000000   0.0000000000
   1.1249999962   0.0000000000   0.0000000000   0.0000000000
   1.1299999962   0.0000000000   0.0000000000   0.0000000000
   1.1349999962  -0.0000000000   0.0000000000   0.0000000000
   1.1399999962  -0.0000000000  -0.0000000000  -0.0000000000
   1.1449999962  -0.0000000000  -0.0000000000  -0.0000000000
   1.1499999961  -0.0000000000  -0.0000000000  -0.0000000000
   1.1549999961  -0.0000000000  -0.0000000000  -0.0000000000
   1.1599999961  -0.0000000000  -0.0000000000  -0.0000000000
   1.1649999961  -0.0000000000  -0.0000000000  -0.0000000000
   1.1699999961  -0.0000000000  -0.0000000000  -0.0000000000
   1.1749999961  -0.0000000000  -0.0000000000  -0.0000000000
   1.1799999960  -0.0000000000  -0.0000000000  -0.0000000000
   1.1849999960  -0.0000000000  -0.0000000000  -0.0000000000
   1.1899999960  -0.0000000000  -0.0000000000  -0.0000000000
   1.1949999960   0.0000000000   0.0000000000   0.0000000000
   1.1999999960   0.0000000000   0.0000000000   0.0000000000
   1.2049999960   0.0000000000   0.0000000000   0.0000000000
   1.2099999959   0.0000000000   0.0000000000   0.0000000000
   1.2149999959   0.0000000000   0.0000000000   0.0000000000
   1.2199999959   0.0000000000   0.0000000000   0.0000000000
   1.2249999959   0.0000000000   0.0000000000   0.0000000000
   1.2299999959   0.0000000000   0.0000000000   0.0000000000
   1.2349999959   0.0000000000   0.0000000000   0.0000000000
   1.2399999958   0.0000000000   0.0000000000   0.0000000000
   1.2449999958  -0.0000000000   0.0000000000   0.0000000000
   1.2499999958  -0.0000000000  -0.0000000000  -0.0000000000
   1.2549999958  -0.0000000000  -0.0000000000  -0.0000000000
   1.2599999958  -0.0000000000  -0.0000000000  -0.0000000000
   1.2649999958  -0.0000000000  -0.0000000000  -0.0000000000
   1.2699999957  -0.0000000000  -0.0000000000  -0.0000000000
   1.2749999957  -0.0000000000  -0.0000000000  -0.0000000000
   1.2799999957  -0.0000000000  -0.0000000000  -0.0000000000
   1.2849999957  -0.0000000000  -0.0000000000  -0.0000000000
   1.2899999957   0.0000000000  -0.0000000000  -0.0000000000
   1.2949999957   0.0000000000   0.0000000000   0.0000000000
   1.2999999956   0.0000000000   0.0000000000   0.0000000000
   1.3049999956   0.0000000000   0.0000000000   0.0000000000
   1.3099999956   0.0000000000   0.0000000000   0.0000000000
   1.3149999956   0.0000000000   0.0000000000   0.0000000000
   1.3199999956   0.0000000000   0.0000000000   0.0000000000
   1.3249999956   0.0000000000   0.0000000000   0.0000000000
   1.3299999955   0.0000000000   0.0000000000   0.0000000000
   1.3349999955   0.0000000000   0.0000000000   0.0000000000
   1.3399999955  -0.0000000000   0.0000000000  -0.0000000000
   1.3449999955  -0.0000000000  -0.0000000000  -0.0000000000
   1.3499999955  -0.0000000000  -0.0000000000  -0.0000000000
   1.3549999954  -0.0000000000  -0.0000000000  -0.0000000000
   1.3599999954  -0.0000000000  -0.0000000000  -0.0000000000
   1.3649999954  -0.0000000000  -0.0000000000  -0.0000000000
   1.3699999954  -0.0000000000  -0.0000000000  -0.0000000000
   1.3749999954  -0.0000000000  -0.0000000000  -0.0000000000
   1.3799999954   0.0000000000  -0.0000000000  -0.0000000000
   1.3849999953   0.0000000000   0.0000000000   0.0000000000
   1.3899999953   0.0000000000   0.0000000000   0.0000000000
   1.3949999953   0.0000000000   0.0000000000   0.0000000000
   1.3999999953   0.0000000000   0.0000000000   0.0000000000
   1.4049999953   0.0000000000   0.0000000000   0.0000000000
   1.4099999953   0.0000000000   0.0000000000   0.0000000000
   1.4149999952   0.0000000000   0.0000000000   0.0000000000
   1.4199999952  -0.0000000000   0.0000000000   0.0000000000
   1.4249999952  -0.0000000000   0.0000000000  -0.0000000000
   1.4299999952  -0.0000000000  -0.0000000000  -0.0000000000
   1.4349999952  -0.0000000000  -0.0000000000  -0.0000000000
   1.4399999952  -0.0000000000  -0.0000000000  -0.0000000000
   1.4449999951  -0.0000000000  -0.0000000000  -0.0000000000
   1.4499999951  -0.0000000000  -0.0000000000  -0.0000000000
   1.4549999951  -0.0000000000  -0.0000000000  -0.0000000000
   1.4599999951   0.0000000000  -0.0000000000  -0.0000000000
   1.4649999951   0.0000000000   0.0000000000   0.0000000000
   1.4699999951   0.0000000000   0.0000000000   0.0000000000
   1.4749999950   0.0000000000   0.0000000000   0.0000000000
   1.4799999950   0.0000000000   0.0000000000   0.0000000000
   1.4849999950   0.0000000000   0.0000000000   0.0000000000
   1.4899999950   0.0000000000   0.0000000000   0.0000000000
   1.4949999950   0.0000000000   0.0000000000   0.0000000000
   1.4999999950  -0.0000000000   0.0000000000   0.0000000000
   1.5049999949  -0.0000000000  -0.0000000000  -0.0000000000
   1.5099999949  -0.0000000000  -0.0000000000  -0.0000000000
   1.5149999949  -0.0000000000  -0.0000000000  -0.0000000001
   1.5199999949  -0.0000000000  -0.0000000000  -0.0000000001
   1.5249999949  -0.0000000000  -0.0000000000  -0.0000000001
   1.5299999949  -0.0000000000  -0.0000000000  -0.0000000000
   1.5349999948   0.0000000000  -0.0000000000  -0.0000000000
   1.5399999948   0.0000000000  -0.0000000000   0.0000000000
   1.5449999948   0.0000000000   0.0000000000   0.0000000000
   1.5499999948   0.0000000000   0.0000000000   0.0000000001
   1.5549999948   0.0000000000   0.0000000000   0.0000000001
   1.5599999948   0.0000000000   0.0000000000   0.0000000001
   1.5649999947   0.0000000000   0.0000000000   0.0000000000
   1.5699999947  -0.0000000000   0.0000000000   0.0000000000
   1.5749999947  -0.0000000000   0.0000000000  -0.0000000000
   1.5799999947  -0.0000000000  -0.0000000000  -0.0000000000
   1.5849999947  -0.0000000000  -0.0000000000  -0.0000000000
   1.5899999947  -0.0000000000  -0.0000000000  -0.0000000001
   1.5949999946  -0.0000000000  -0.0000000000  -0.0000000001
   1.5999999946  -0.0000000000  -0.0000000000  -0.0000000000
   1.6049999946  -0.0000000000  -0.0000000000  -0.0000000000
   1.6099999946   0.0000000000  -0.0000000000  -0.0000000000
   1.6149999946   0.0000000000   0.0000000000   0.0000000000
   1.6199999946   0.0000000000   0.0000000000   0.0000000000
   1.6249999945   0.0000000000   0.0000000000   0.0000000000
   1.6299999945   0.0000000000   0.0000000000   0.0000000000
   1.6349999945   0.0000000000   0.0000000000   0.0000000000
   1.6399999945   0.0000000000   0.0000000000   0.0000000000
   1.6449999945   0.0000000000  -0.0000000000  -0.0000000000
   1.6499999945   0.0000000001  -0.0000000000  -0.0000000000
   1.6549999944   0.0000000001  -0.0000000000  -0.0000000000
   1.6599999944   0.0000000001  -0.0000000000  -0.0000000000
   1.6649999944   0.0000000001  -0.0000000000  -0.0000000000
   1.6699999944   0.0000000001  -0.0000000000  -0.0000000000
   1.6749999944   0.0000000000  -0.0000000000  -0.0000000000
   1.6799999944  -0.0000000001   0.0000000000   0.0000000000
   1.6849999943  -0.0000000003   0.0000000001   0.0000000001
   1.6899999943  -0.0000000005   0.0000000001   0.0000000002
   1.6949999943  -0.0000000006   0.0000000002   0.0000000003
   1.6999999943  -0.0000000008   0.0000000003   0.0000000004
   1.7049999943  -0.0000000009   0.0000000003   0.0000000005
   1.7099999943  -0.0000000009   0.0000000004   0.0000000005
   1.7149999942  -0.0000000008   0.0000000004   0.0000000005
   1.7199999942  -0.0000000005   0.0000000004   0.0000000004
   1.7249999942  -0.0000000000   0.0000000002   0.0000000001
   1.7299999942   0.0000000007  -0.0000000001  -0.0000000004
   1.7349999942   0.0000000015  -0.0000000004  -0.0000000010
   1.7399999942   0.0000000025  -0.0000000009  -0.0000000017
   1.7449999941   0.0000000036  -0.0000000015  -0.0000000024
   1.7499999941   0.0000000045  -0.0000000020  -0.0000000030
   1.7549999941   0.0000000052  -0.0000000025  -0.0000000034
   1.7599999941   0.0000000054  -0.0000000027  -0.0000000034
   1.7649999941   0.0000000050  -0.0000000026  -0.0000000029
   1.7699999941   0.0000000039  -0.0000000022  -0.0000000018
   1.7749999940   0.0000000018  -0.0000000013  -0.0000000001
   1.7799999940  -0.0000000011   0.0000000001   0.0000000022
   1.7849999940  -0.0000000048   0.0000000019   0.0000000048
   1.7899999940  -0.0000000089   0.0000000039   0.0000000075
   1.7949999940  -0.0000000130   0.0000000059   0.0000000099
   1.7999999940  -0.0000000165   0.0000000077   0.0000000115
   1.8049999939  -0.0000000187   0.0000000089   0.0000000121
   1.8099999939  -0.0000000191   0.0000000093   0.0000000112
   1.8149999939  -0.0000000171   0.0000000087   0.0000000087
   1.8199999939  -0.0000000125   0.0000000068   0.0000000046
   1.8249999939  -0.0000000055   0.0000000037  -0.0000000008
   1.8299999939   0.0000000036  -0.0000000004  -0.0000000071
   1.8349999938   0.0000000137  -0.0000000052  -0.0000000136
   1.8399999938   0.0000000237  -0.0000000101  -0.0000000194
   1.8449999938   0.0000000321  -0.0000000146  -0.0000000236
   1.8499999938   0.0000000375  -0.0000000180  -0.0000000255
   1.8549999938   0.0000000388  -0.0000000196  -0.0000000243
   1.8599999938   0.0000000352  -0.0000000190  -0.0000000199
   1.8649999937   0.0000000266  -0.0000000160  -0.0000000125
   1.8699999937   0.0000000138  -0.0000000106  -0.0000000027
   1.8749999937  -0.0000000018  -0.0000000034   0.0000000084
   1.8799999937  -0.0000000183   0.0000000049   0.0000000192
   1.8849999937  -0.0000000331   0.0000000132   0.0000000281
   1.8899999937  -0.0000000440   0.0000000204   0.0000000336
   1.8949999936  -0.0000000490   0.0000000252   0.0000000346
   1.8999999936  -0.0000000471   0.0000000268   0.0000000306
   1.9049999936  -0.0000000381   0.0000000248   0.0000000218
   1.9099999936  -0.0000000230   0.0000000192   0.0000000093
   1.9149999936  -0.0000000042   0.0000000106  -0.0000000050
   1.9199999936   0.0000000156   0.0000000004  -0.0000000188
   1.9249999935   0.0000000329  -0.0000000100  -0.0000000297
   1.9299999935   0.0000000447  -0.0000000189  -0.0000000356
   1.9349999935   0.0000000486  -0.0000000246  -0.0000000351
   1.9399999935   0.0000000436  -0.0000000261  -0.0000000279
   1.9449999935   0.0000000302  -0.0000000230  -0.0000000151
   1.9499999935   0.0000000104  -0.0000000156   0.0000000014
   1.9549999934  -0.0000000123  -0.0000000052   0.0000000184
   1.9599999934  -0.0000000339   0.0000000063   0.0000000327
   1.9649999934  -0.0000000502   0.0000000168   0.0000000413
   1.9699999934  -0.0000000577   0.0000000243   0.0000000420
   1.9749999934  -0.0000000544   0.0000000270   0.0000000342
   1.9799999934  -0.0000000403   0.0000000244   0.0000000189
   1.9849999933  -0.0000000173   0.0000000165  -0.0000000014
   1.9899999933   0.0000000107   0.0000000048  -0.0000000229
   1.9949999933   0.0000000388  -0.0000000086  -0.0000000415
   1.9999999933   0.0000000616  -0.0000000213  -0.0000000533
   2.0049999933   0.0000000746  -0.0000000306  -0.0000000557
   2.0099999933   0.0000000749  -0.0000000347  -0.0000000477
   2.0149999932   0.0000000620  -0.0000000325  -0.0000000307
   2.0199999932   0.0000000378  -0.0000000243  -0.0000000076
   2.0249999932   0.0000000065  -0.0000000114   0.0000000171
   2.0299999932  -0.0000000263   0.0000000037   0.0000000387
   2.0349999932  -0.0000000546   0.0000000182   0.0000000528
   2.0399999931  -0.0000000732   0.0000000296   0.0000000570
   2.0449999931  -0.0000000787   0.0000000357   0.0000000505
   2.0499999931  -0.0000000705   0.0000000356   0.0000000350
   2.0549999931  -0.0000000504   0.0000000296   0.0000000142
   2.0599999931  -0.0000000227   0.0000000191  -0.0000000075
   2.0649999931   0.0000000068   0.0000000064  -0.0000000255
   2.0699999930   0.0000000325  -0.0000000060  -0.0000000362
   2.0749999930   0.0000000496  -0.0000000159  -0.0000000380
   2.0799999930   0.0000000557  -0.0000000218  -0.0000000316
   2.0849999930   0.0000000509  -0.0000000232  -0.0000000194
   2.0899999930   0.0000000375  -0.0000000207  -0.0000000055
   2.0949999930   0.0000000197  -0.0000000156   0.0000000063
   2.0999999929   0.0000000023  -0.0000000098   0.0000000128
   2.1049999929  -0.0000000108  -0.0000000047   0.0000000127
   2.1099999929  -0.0000000172  -0.0000000014   0.0000000067
   2.1149999929  -0.0000000169   0.0000000000  -0.0000000023
   2.1199999929  -0.0000000120   0.0000000003  -0.0000000104
   2.1249999929  -0.0000000059   0.0000000005  -0.0000000140
   2.1299999928  -0.0000000021   0.0000000018  -0.0000000106
   2.1349999928  -0.0000000031   0.0000000052  -0.0000000001
   2.1399999928  -0.0000000093   0.0000000104   0.0000000151
   2.1449999928  -0.0000000189   0.0000000163   0.0000000305
   2.1499999928  -0.0000000279   0.0000000212   0.0000000408
   2.1549999928  -0.0000000319   0.0000000229   0.0000000412
   2.1599999927  -0.0000000271   0.0000000197   0.0000000294
   2.1649999927  -0.0000000119   0.0000000110   0.0000000063
   2.1699999927   0.0000000119  -0.0000000023  -0.0000000234
   2.1749999927   0.0000000392  -0.0000000178  -0.0000000525
   2.1799999927   0.0000000628  -0.0000000318  -0.0000000724
   2.1849999927   0.0000000748  -0.0000000405  -0.0000000762
   2.1899999926   0.0000000694  -0.0000000408  -0.0000000602
   2.1949999926   0.0000000446  -0.0000000311  -0.0000000258
   2.1999999926   0.0000000039  -0.0000000126   0.0000000203
   2.2049999926  -0.0000000444   0.0000000111   0.0000000673
   2.2099999926  -0.0000000884   0.0000000348   0.0000001026
   2.2149999926  -0.0000001155   0.0000000522   0.0000001154
   2.2199999925  -0.0000001163   0.0000000584   0.0000000995
   2.2249999925  -0.0000000871   0.0000000504   0.0000000560
   2.2299999925  -0.0000000322   0.0000000289  -0.0000000066
   2.2349999925   0.0000000368  -0.0000000017  -0.0000000738
   2.2399999925   0.0000001030  -0.0000000344  -0.0000001283
   2.2449999925   0.0000001483  -0.0000000607  -0.0000001544
   2.2499999924   0.0000001585  -0.0000000731  -0.0000001426
   2.2549999924   0.0000001275  -0.0000000672  -0.0000000926
   2.2599999924   0.0000000599  -0.0000000430  -0.0000000147
   2.2649999924  -0.0000000290  -0.0000000056   0.0000000730
   2.2699999924  -0.0000001167   0.0000000360   0.0000001479
   2.2749999924  -0.0000001785   0.0000000705   0.0000001893
   2.2799999923  -0.0000001946   0.0000000877   0.0000001841
   2.2849999923  -0.0000001559   0.0000000810   0.0000001313
   2.2899999923  -0.0000000676   0.0000000497   0.0000000427
   2.2949999923   0.0000000503   0.0000000001  -0.0000000594
   2.2999999923   0.0000001676  -0.0000000559  -0.0000001476
   2.3049999923   0.0000002502  -0.0000001030  -0.0000001980
   2.3099999922   0.0000002693  -0.0000001261  -0.0000001970
   2.3149999922   0.0000002095  -0.0000001144  -0.0000001473
   2.3199999922   0.0000000739  -0.0000000647  -0.0000000681
   2.3249999922  -0.0000001149   0.0000000175   0.0000000091
   2.3299999922  -0.0000003179   0.0000001177   0.0000000501
   2.3349999922  -0.0000004877   0.0000002152   0.0000000299
   2.3399999921  -0.0000005776   0.0000002862  -0.0000000549
   2.3449999921  -0.0000005506   0.0000003081  -0.0000001782
   2.3499999921  -0.0000003858   0.0000002635  -0.0000002833
   2.3549999921  -0.0000000814   0.0000001420  -0.0000002906
   2.3599999921   0.0000003465  -0.0000000582  -0.0000001156
   2.3649999921   0.0000008660  -0.0000003295   0.0000003073
   2.3699999920   0.0000014312  -0.0000006550   0.0000009959
   2.3749999920   0.0000019806  -0.0000010055   0.0000018946
   2.3799999920   0.0000024312  -0.0000013369   0.0000028560
   2.3849999920   0.0000026693  -0.0000015843   0.0000036362
   2.3899999920   0.0000025419  -0.0000016575   0.0000039080
   2.3949999920   0.0000018559  -0.0000014397   0.0000032949
   2.3999999919   0.0000003924  -0.0000007930   0.0000014265
   2.4049999919  -0.0000020567   0.0000004233  -0.0000019850
   2.4099999919  -0.0000056250   0.0000023204  -0.0000070526
   2.4149999919  -0.0000102832   0.0000049325  -0.0000136115
   2.4199999919  -0.0000157347   0.0000081561  -0.0000211162
   2.4249999919  -0.0000213134   0.0000116868  -0.0000285532
   2.4299999918  -0.0000259089   0.0000149625  -0.0000343872
   2.4349999918  -0.0000279474   0.0000171336  -0.0000365691
   2.4399999918  -0.0000254616   0.0000170752  -0.0000326326
   2.4449999918  -0.0000162738   0.0000134634  -0.0000199104
   2.4499999918   0.0000016906   0.0000049270   0.0000041035
   2.4549999918   0.0000299577  -0.0000097148   0.0000412335
   2.4599999917   0.0000689460  -0.0000311335   0.0000919482
   2.4649999917   0.0001173332  -0.0000591065   0.0001545660
   2.4699999917   0.0001714096  -0.0000920955   0.0002244043
   2.4749999917   0.0002244973  -0.0001268343   0.0002929732
   2.4799999917   0.0002665288  -0.0001579816   0.0003473362
   2.4849999917   0.0002838820  -0.0001779025   0.0003697863
   2.4899999916   0.0002595638  -0.0001766470   0.0003379782
   2.4949999916   0.0001738159  -0.0001421835   0.0002256405
   2.4999999916   0.0000051850  -0.0000609337   0.0000039438
   2.5049999916  -0.0002679465   0.0000813716  -0.0003564664
   2.5099999916  -0.0006654249   0.0002985303  -0.0008828480
   2.5149999916  -0.0012031041   0.0006024520  -0.0015973190
   2.5199999915  -0.0018905161   0.0010015848  -0.0025136476
   2.5249999915  -0.0027286603   0.0014993220  -0.0036342003
   2.5299999915  -0.0037081717   0.0020925561  -0.0049474094
   2.5349999915  -0.0048081324   0.0027705671  -0.0064261238
   2.5399999915  -0.0059957609   0.0035144268  -0.0080271553
   2.5449999915  -0.0072271525   0.0042970736  -0.0096922411
   2.5499999914  -0.0084491427   0.0050841605  -0.0113505083
   2.5549999914  -0.0096022463   0.0058357052  -0.0129223678
   2.5599999914  -0.0106244890   0.0065084803  -0.0143245905
   2.5649999914  -0.0114558233   0.0070589884  -0.0154761652
   2.5699999914  -0.0120427176   0.0074467794  -0.0163044078
   2.5749999914  -0.0123424526   0.0076377995  -0.0167507225
   2.5799999913  -0.0123266568   0.0076074295  -0.0167754105
   2.5849999913  -0.0119836767   0.0073428743  -0.0163609912
   2.5899999913  -0.0113194976   0.0068446192  -0.0155136456
   2.5949999913  -0.0103570975   0.0061267579  -0.0142625920
   2.5999999913  -0.0091343066   0.0052161212  -0.0126574421
   2.6049999913  -0.0077004310   0.0041502757  -0.0107638317
   2.6099999912  -0.0061120555   0.0029745950  -0.0086578340
   2.6149999912  -0.0044285410   0.0017387230  -0.0064198216
   2.6199999912  -0.0027077570   0.0004928209  -0.0041285121
   2.6249999912  -0.0010025417  -0.0007159844  -0.0018558948
   2.6299999912   0.0006417435  -0.0018465712   0.0003363963
   2.6349999912   0.0021883730  -0.0028659148   0.0023989263
   2.6399999911   0.0036091456  -0.0037501334   0.0042944606
   2.6449999911   0.0048832116  -0.0044844686   0.0059963583
   2.6499999911   0.0059952152  -0.0050623340   0.0074858507
   2.6549999911   0.0069332223  -0.0054836882   0.0087488733
   2.6599999911   0.0076869234  -0.0057530791   0.0097731878
   2.6649999911   0.0082465327  -0.0058777290   0.0105464624
   2.6699999910   0.0086026641  -0.0058660016   0.0110557875
   2.6749999910   0.0087472675  -0.0057265013   0.0112888236
   2.6799999910   0.0086754955  -0.0054679241   0.0112364387
   2.6849999910   0.0083881680  -0.0050996274   0.0108963735
   2.6899999910   0.0078943512  -0.0046327377   0.0102772177
   2.6949999909   0.0072134953  -0.0040814970   0.0094018451
   2.6999999909   0.0063765940  -0.0034644814   0.0083094750
   2.7049999909   0.0054259487  -0.0028053224   0.0070556969
   2.7099999909   0.0044133170  -0.0021326273   0.0057101010
   2.7149999909   0.0033964802  -0.0014789207   0.0043515469
   2.7199999909   0.0024345286  -0.0008785972   0.0030615114
   2.7249999908   0.0015824039  -0.0003650569   0.0019163155
   2.7299999908   0.0008854050   0.0000326377   0.0009792751
   2.7349999908   0.0003744269   0.0002931212   0.0002939018
   2.7399999908   0.0000626481   0.0004055906  -0.0001208177
   2.7449999908  -0.0000557890   0.0003716911  -0.0002723025
   2.7499999908  -0.0000048310   0.0002060512  -0.0001930552
   2.7549999907   0.0001766534  -0.0000647241   0.0000637594
   2.7599999907   0.0004398779  -0.0004045730   0.0004312735
   2.7649999907   0.0007323228  -0.0007717492   0.0008374711
   2.7699999907   0.0010042478  -0.0011233906   0.0012141585
   2.7749999907   0.0012146293  -0.0014202898   0.0015051131
   2.7799999907   0.0013356974  -0.0016312293   0.0016723003
   2.7849999906   0.0013554661  -0.0017362902   0.0016993462
   2.7899999906   0.0012779536  -0.0017286901   0.0015918720
   2.7949999906   0.0011211505  -0.0016149171   0.0013747647
   2.7999999906   0.0009131314  -0.0014131750   0.0010869079
   2.8049999906   0.0006869801  -0.0011504015   0.0007742607
   2.8099999906   0.0004753552  -0.0008583207   0.0004823853
   2.8149999905   0.0003055435  -0.0005691209   0.0002495656
   2.8199999905   0.0001957321  -0.0003113769   0.0001015227
   2.8249999905   0.0001529955  -0.0001067754   0.0000484423
   2.8299999905   0.0001731934   0.0000319498   0.0000846385
   2.8349999905   0.0002426560   0.0001016677   0.0001907459
   2.8399999905   0.0003412487   0.0001081085   0.0003379374
   2.8449999904   0.0004462141   0.0000639604   0.0004933617
   2.8499999904   0.0005361009  -0.0000138027   0.0006258372
   2.8549999904   0.0005941246  -0.0001068872   0.0007108436
   2.8599999904   0.0006104473  -0.0001984569   0.0007340195
   2.8649999904   0.0005830821  -0.0002753118   0.0006926632
   2.8699999904   0.0005173763  -0.0003291930   0.0005950989
   2.8749999903   0.0004242711  -0.0003571047   0.0004581424
   2.8799999903   0.0003177243  -0.0003607123   0.0003032149
   2.8849999903   0.0002117921  -0.0003450238   0.0001518616
   2.8899999903   0.0001178884  -0.0003166590   0.0000214945
   2.8949999903   0.0000426725  -0.0002820505  -0.0000778992
   2.8999999903  -0.0000131203  -0.0002459011  -0.0001455537
   2.9049999902  -0.0000547658  -0.0002101474  -0.0001899841
   2.9099999902  -0.0000926057  -0.0001735722  -0.0002273856
   2.9149999902  -0.0001402812  -0.0001320854  -0.0002787396
   2.9199999902  -0.0002124769  -0.0000795754  -0.0003661914
   2.9249999902  -0.0003225602  -0.0000091444  -0.0005093640
   2.9299999902  -0.0004804964   0.0000855124  -0.0007222303
   2.9349999901  -0.0006913435   0.0002088293  -0.0010110323
   2.9399999901  -0.0009545242   0.0003624083  -0.0013735082
   2.9449999901  -0.0012639299   0.0005445176  -0.0017994469
   2.9499999901  -0.0016087782   0.0007501069  -0.0022723508
   2.9549999901  -0.0019750279   0.0009713085  -0.0027718188
   2.9599999901  -0.0023470838   0.0011983120  -0.0032761741
   2.9649999900  -0.0027094946   0.0014204463  -0.0037648657
   2.9699999900  -0.0030483753   0.0016272830  -0.0042202703
   2.9749999900  -0.0033523571   0.0018095854  -0.0046286694
   2.9799999900  -0.0036129665   0.0019599692  -0.0049803578
   2.9849999900  -0.0038244495   0.0020732057  -0.0052690084
   2.9899999900  -0.0039831583   0.0021461672  -0.0054905460
   2.9949999899  -0.0040866949   0.0021774801  -0.0056418542
   2.9999999899  -0.0041330385   0.0021670009  -0.0057196378
   3.0049999899  -0.0041198730   0.0021152541  -0.0057197044
   3.0099999899  -0.0040442784   0.0020229651  -0.0056368225
   3.0149999899  -0.0039028649   0.0018907926  -0.0054651857
   3.0199999899  -0.0036923297   0.0017193132  -0.0051993882
   3.0249999898  -0.0034103277   0.0015092543  -0.0048357172
   3.0299999898  -0.0030564771   0.0012619150  -0.0043735089
   3.0349999898  -0.0026332922   0.0009796740  -0.0038163066
   3.0399999898  -0.0021468439   0.0006664621  -0.0031725940
   3.0449999898  -0.0016070014   0.0003280837  -0.0024559560
   3.0499999898  -0.0010271816  -0.0000277030  -0.0016846137
   3.0549999897  -0.0004236230  -0.0003913922  -0.0008803843
   3.0599999897   0.0001857150  -0.0007522150  -0.0000672082
   3.0649999897   0.0007824675  -0.0010988461   0.0007305554
   3.0699999897   0.0013492045  -0.0014202350   0.0014898333
   3.0749999897   0.0018706105  -0.0017064473   0.0021903274
   3.0799999897   0.0023343597  -0.0019494002   0.0028156182
   3.0849999896   0.0027316002  -0.0021433964   0.0033537830
   3.0899999896   0.0030570332  -0.0022853979   0.0037975133
   3.0949999896   0.0033086400  -0.0023750231   0.0041437900
   3.0999999896   0.0034871550  -0.0024142927   0.0043932369
   3.1049999896   0.0035954137  -0.0024071854   0.0045493064
   3.1099999896   0.0036377029  -0.0023590871   0.0046174526
   3.1149999895   0.0036192148  -0.0022762182   0.0046044227
   3.1199999895   0.0035456732  -0.0021651210   0.0045177532
   3.1249999895   0.0034231483  -0.0020322603   0.0043654990
   3.1299999895   0.0032580368  -0.0018837658   0.0041561716
   3.1349999895   0.0030571488  -0.0017253137   0.0038988173
   3.1399999895   0.0028278257  -0.0015621189   0.0036031443
   3.1449999894   0.0025780089  -0.0013989919   0.0032795996
   3.1499999894   0.0023161980  -0.0012404071   0.0029393171
   3.1549999894   0.0020512563  -0.0010905377   0.0025938855
   3.1599999894   0.0017920612  -0.0009532212   0.0022549253
   3.1649999894   0.0015470248  -0.0008318449   0.0019335049
   3.1699999894   0.0013235442  -0.0007291603   0.0016394592
   3.1749999893   0.0011274572  -0.0006470578   0.0013807017
   3.1799999893   0.0009625902  -0.0005863466   0.0011626310
   3.1849999893   0.0008304774  -0.0005465912   0.0009877264
   3.1899999893   0.0007303085  -0.0005260501   0.0008554134
   3.1949999893   0.0006591330  -0.0005217506   0.0007622396
   3.1999999893   0.0006123058  -0.0005297110   0.0007023642
   3.2049999892   0.0005841217  -0.0005452954   0.0006683133
   3.2099999892   0.0005685486  -0.0005636621   0.0006519070
   3.2149999892   0.0005599507  -0.0005802490   0.0006452326
   3.2199999892   0.0005536893  -0.0005912246   0.0006415200
   3.2249999892   0.0005465074  -0.0005938397   0.0006357846
   3.2299999892   0.0005366434  -0.0005866262   0.0006251375
   3.2349999891   0.0005236698  -0.0005694144   0.0006087216
   3.2399999891   0.0005081069  -0.0005431729   0.0005872984
   3.2449999891   0.0004909083  -0.0005097049   0.0005625843
   3.2499999891   0.0004729404  -0.0004712605   0.0005364827
   3.2549999891   0.0004545774  -0.0004301404   0.0005103853
   3.2599999891   0.0004355065  -0.0003883626   0.0004846995
   3.2649999890   0.0004147839  -0.0003474512   0.0004587072
   3.2699999890   0.0003911203  -0.0003083728   0.0004307826
   3.2749999890   0.0003633161  -0.0002716184   0.0003989092
   3.2799999890   0.0003307239  -0.0002373893   0.0003613595
   3.2849999890   0.0002936077  -0.0002058284   0.0003173566
   3.2899999890   0.0002532899  -0.0001772240   0.0002675378
   3.2949999889   0.0002120328  -0.0001521297   0.0002140828
   3.2999999889   0.0001726679  -0.0001313611   0.0001604550
   3.3049999889   0.0001380559  -0.0001158685   0.0001107981
   3.3099999889   0.0001105070  -0.0001065177   0.0000691230
   3.3149999889   0.0000913056  -0.0001038359   0.0000384756
   3.3199999889   0.0000804598  -0.0001077930   0.0000202862
   3.3249999888   0.0000767382  -0.0001176804   0.0000140597
   3.3299999888   0.0000779838  -0.0001321249   0.0000174837
   3.3349999888   0.0000816219  -0.0001492455   0.0000269290
   3.3399999888   0.0000852298  -0.0001669202   0.0000382223
   3.3449999888   0.0000870237  -0.0001831069   0.0000475048
   3.3499999888   0.0000861455  -0.0001961464   0.0000519771
   3.3549999887   0.0000826894  -0.0002049848   0.0000503622
   3.3599999887   0.0000774852  -0.0002092687   0.0000429978
   3.3649999887   0.0000717184  -0.0002093047   0.0000315595
   3.3699999887   0.0000665094  -0.0002059028   0.0000185098
   3.3749999887   0.0000625777  -0.0002001500   0.0000064249
   3.3799999886   0.0000600789  -0.0001931741  -0.0000026297
   3.3849999886   0.0000586453  -0.0001859479  -0.0000075346
   3.3899999886   0.0000575917  -0.0001791718  -0.0000082803
   3.3949999886   0.0000561998  -0.0001732417  -0.0000058552
   3.3999999886   0.0000539722  -0.0001682892  -0.0000019218
   3.4049999886   0.0000507687  -0.0001642624   0.0000016145
   3.4099999885   0.0000467827  -0.0001610130   0.0000030274
   3.4149999885   0.0000423803  -0.0001583629   0.0000010921
   3.4199999885   0.0000378752  -0.0001561388  -0.0000047431
   3.4249999885   0.0000333380  -0.0001541818  -0.0000143364
   3.4299999885   0.0000285287  -0.0001523475  -0.0000269496
   3.4349999885   0.0000229898  -0.0001505157  -0.0000414130
   3.4399999884   0.0000162769  -0.0001486197  -0.0000563140
   3.4449999884   0.0000082428  -0.0001466894  -0.0000701803
   3.4499999884  -0.0000007425  -0.0001448901  -0.0000816557
   3.4549999884  -0.0000097400  -0.0001435306  -0.0000896689
   3.4599999884  -0.0000174138  -0.0001430203  -0.0000935996
   3.4649999884  -0.0000223996  -0.0001437696  -0.0000934248
   3.4699999883  -0.0000237684  -0.0001460520  -0.0000898075
   3.4749999883  -0.0000214298  -0.0001498662  -0.0000840800
   3.4799999883  -0.0000163206  -0.0001548486  -0.0000780802
   3.4849999883  -0.0000102778  -0.0001602787  -0.0000738313
   3.4899999883  -0.0000055941  -0.0001651992  -0.0000731027
   3.4949999883  -0.0000043585  -0.0001686355  -0.0000769451
   3.4999999882  -0.0000077761  -0.0001698636  -0.0000853228
   3.5049999882  -0.0000156873  -0.0001686507  -0.0000969724
   3.5099999882  -0.0000264664  -0.0001653897  -0.0001095707
   3.5149999882  -0.0000373770  -0.0001610676  -0.0001202206
   3.5199999882  -0.0000453158  -0.0001570566  -0.0001261670
   3.5249999882  -0.0000477488  -0.0001547664  -0.0001255706
   3.5299999881  -0.0000435595  -0.0001552465  -0.0001181253
   3.5349999881  -0.0000335336  -0.0001588515  -0.0001053201
   3.5399999881  -0.0000202970  -0.0001650758  -0.0000902294
   3.5449999881  -0.0000076795  -0.0001726240  -0.0000768361
   3.5499999881   0.0000003405  -0.0001797150  -0.0000690362
   3.5549999881   0.0000008159  -0.0001845530  -0.0000695774
   3.5599999880  -0.0000072204  -0.0001858361  -0.0000792287
   3.5649999880  -0.0000223464  -0.0001831596  -0.0000964375
   3.5699999880  -0.0000410366  -0.0001771867  -0.0001176068
   3.5749999880  -0.0000585963  -0.0001695236  -0.0001379558
   3.5799999880  -0.0000704915  -0.0001623194  -0.0001527558
   3.5849999880  -0.0000736882  -0.0001576925  -0.0001586093
   3.5899999879  -0.0000675929  -0.0001571437  -0.0001544130
   3.5949999879  -0.0000542915  -0.0001611241  -0.0001417148
   3.5999999879  -0.0000379897  -0.0001688897  -0.0001243417
   3.6049999879  -0.0000237973  -0.0001786936  -0.0001073791
   3.6099999879  -0.0000162103  -0.0001882671  -0.0000957745
   3.6149999879  -0.0000177470  -0.0001954562  -0.0000929575
   3.6199999878  -0.0000281605  -0.0001988294  -0.0000998726
   3.6249999878  -0.0000444831  -0.0001980795  -0.0001147096
   3.6299999878  -0.0000619079  -0.0001940962  -0.0001334215
   3.6349999878  -0.0000752488  -0.0001886903  -0.0001508856
   3.6399999878  -0.0000805394  -0.0001840458  -0.0001623771
   3.6449999878  -0.0000762740  -0.0001820663  -0.0001649254
   3.6499999877  -0.0000639003  -0.0001838107  -0.0001581577
   3.6549999877  -0.0000473964  -0.0001891872  -0.0001443807
   3.6599999877  -0.0000320554  -0.0001969986  -0.0001278817
   3.6649999877  -0.0000228441  -0.0002053230  -0.0001136562
   3.6699999877  -0.0000228504  -0.0002121107  -0.0001059453
   3.6749999877  -0.0000323058  -0.0002158147  -0.0001070183
   3.6799999876  -0.0000484989  -0.0002158584  -0.0001165574
   3.6849999876  -0.0000666157  -0.0002127996  -0.0001318216
   3.6899999876  -0.0000812487  -0.0002081420  -0.0001485234
   3.6949999876  -0.0000881015  -0.0002038562  -0.0001621418
   3.6999999876  -0.0000853482  -0.0002017644  -0.0001692645
   3.7049999876  -0.0000742126  -0.0002029815  -0.0001685519
   3.7099999875  -0.0000585757  -0.0002075891  -0.0001610395
   3.7149999875  -0.0000437304  -0.0002146405  -0.0001497066
   3.7199999875  -0.0000346797  -0.0002224904  -0.0001384679
   3.7249999875  -0.0000345202  -0.0002293394  -0.0001309205
   3.7299999875  -0.0000434354  -0.0002338136  -0.0001292483
   3.7349999875  -0.0000586300  -0.0002353936  -0.0001336229
   3.7399999874  -0.0000752316  -0.0002345529  -0.0001422751
   3.7449999874  -0.0000878797  -0.0002325679  -0.0001521897
   3.7499999874  -0.0000924876  -0.0002310624  -0.0001601756
   3.7549999874  -0.0000876074  -0.0002314439  -0.0001639494
   3.7599999874  -0.0000749453  -0.0002344186  -0.0001628696
   3.7649999874  -0.0000588479  -0.0002397490  -0.0001580877
   3.7699999873  -0.0000449122  -0.0002463372  -0.0001520756
   3.7749999873  -0.0000381589  -0.0002526064  -0.0001477037
   3.7799999873  -0.0000413606  -0.0002570555  -0.0001471899
   3.7849999873  -0.0000540723  -0.0002587987  -0.0001512862
   3.7899999873  -0.0000726944  -0.0002579068  -0.0001589837
   3.7949999873  -0.0000915682  -0.0002554278  -0.0001678443
   3.7999999872  -0.0001047679  -0.0002530720  -0.0001748488
   3.8049999872  -0.0001080212  -0.0002526563  -0.0001774765
   3.8099999872  -0.0001001399  -0.0002554878  -0.0001746439
   3.8149999872  -0.0000834877  -0.0002618918  -0.0001671736
   3.8199999872  -0.0000633147  -0.0002710451  -0.0001576154
   3.8249999872  -0.0000461505  -0.0002811838  -0.0001494596
   3.8299999871  -0.0000377529  -0.0002901289  -0.0001459891
   3.8349999871  -0.0000412589  -0.0002959708  -0.0001491456
   3.8399999871  -0.0000561324  -0.0002976952  -0.0001587946
   3.8449999871  -0.0000782561  -0.0002955471  -0.0001726499
   3.8499999871  -0.0001011578  -0.0002910056  -0.0001869092
   3.8549999871  -0.0001180007  -0.0002863670  -0.0001974188
   3.8599999870  -0.0001237191  -0.0002840562  -0.0002010053
   3.8649999870  -0.0001166310  -0.0002858764  -0.0001965462
   3.8699999870  -0.0000990129  -0.0002924324  -0.0001854243
   3.8749999870  -0.0000764467  -0.0003029122  -0.0001711986
   3.8799999870  -0.0000561296  -0.0003153015  -0.0001585705
   3.8849999870  -0.0000446658  -0.0003269758  -0.0001519553
   3.8899999869  -0.0000460232  -0.0003354906  -0.0001540960
   3.8949999869  -0.0000602889  -0.0003393309  -0.0001651585
   3.8999999869  -0.0000836135  -0.0003383889  -0.0001826013
   3.9049999869  -0.0001093653  -0.0003340201  -0.0002018765
   3.9099999869  -0.0001301396  -0.0003286561  -0.0002177627
   3.9149999869  -0.0001400085  -0.0003250885  -0.0002259284
   3.9199999868  -0.0001363200  -0.0003256378  -0.0002242523
   3.9249999868  -0.0001204983  -0.0003314578  -0.0002134953
   3.9299999868  -0.0000976062  -0.0003421846  -0.0001971136
   3.9349999868  -0.0000748112  -0.0003560340  -0.0001802668
   3.9399999868  -0.0000592268  -0.0003703198  -0.0001683132
   3.9449999868  -0.0000557914  -0.0003822361  -0.0001652451
   3.9499999867  -0.0000658214  -0.0003896709  -0.0001725275
   3.9549999867  -0.0000866666  -0.0003918136  -0.0001886833
   3.9599999867  -0.0001125532  -0.0003893781  -0.0002097405
   3.9649999867  -0.0001363418  -0.0003843842  -0.0002303989
   3.9699999867  -0.0001516564  -0.0003795665  -0.0002455643
   3.9749999867  -0.0001547432  -0.0003775890  -0.0002517957
   3.9799999866  -0.0001455113  -0.0003802966  -0.0002482464
   3.9849999866  -0.0001274681  -0.0003882162  -0.0002368397
   3.9899999866  -0.0001065981  -0.0004004447  -0.0002216493
   3.9949999866  -0.0000895485  -0.0004149440  -0.0002076874
   3.9999999866  -0.0000816758  -0.0004291455  -0.0001994696
   4.0049999866  -0.0000855353  -0.0004406828  -0.0001997727
   4.0099999865  -0.0001002383  -0.0004480402  -0.0002089346
   4.0149999865  -0.0001218359  -0.0004509377  -0.0002248683
   4.0199999865  -0.0001445741  -0.0004503548  -0.0002437550
   4.0249999865  -0.0001626226  -0.0004482030  -0.0002611856
   4.0299999865  -0.0001717509  -0.0004467545  -0.0002734070
   4.0349999864  -0.0001704714  -0.0004479983  -0.0002783174
   4.0399999864  -0.0001603403  -0.0004531081  -0.0002759491
   4.0449999864  -0.0001453727  -0.0004621613  -0.0002683346
   4.0499999864  -0.0001307816  -0.0004741766  -0.0002588347
   4.0549999864  -0.0001214390  -0.0004874391  -0.0002511488
   4.0599999864  -0.0001205121  -0.0005000092  -0.0002483024
   4.0649999863  -0.0001286553  -0.0005102625  -0.0002518893
   4.0699999863  -0.0001439558  -0.0005173125  -0.0002617545
   4.0749999863  -0.0001626054  -0.0005212078  -0.0002761688
   4.0799999863  -0.0001800664  -0.0005228635  -0.0002924067
   4.0849999863  -0.0001923766  -0.0005237643  -0.0003075401
   4.0899999863  -0.0001972177  -0.0005255335  -0.0003192158
   4.0949999862  -0.0001944680  -0.0005294921  -0.0003262155
   4.0999999862  -0.0001861178  -0.0005363274  -0.0003286698
   4.1049999862  -0.0001756140  -0.0005459508  -0.0003279035
   4.1099999862  -0.0001668506  -0.0005575686  -0.0003259874
   4.1149999862  -0.0001631058  -0.0005699323  -0.0003251392
   4.1199999862  -0.0001662167  -0.0005816901  -0.0003271393
   4.1249999861  -0.0001761999  -0.0005917414  -0.0003329060
   4.1299999861  -0.0001913879  -0.0005995016  -0.0003423194
   4.1349999861  -0.0002090091  -0.0006050182  -0.0003543129
   4.1399999861  -0.0002260271  -0.0006089181  -0.0003671839
   4.1449999861  -0.0002399974  -0.0006122132  -0.0003790303
   4.1499999861  -0.0002497126  -0.0006160224  -0.0003881987
   4.1549999860  -0.0002554778  -0.0006212874  -0.0003936434
   4.1599999860  -0.0002589634  -0.0006285512  -0.0003951217
   4.1649999860  -0.0002626942  -0.0006378521  -0.0003932004
   4.1699999860  -0.0002693224  -0.0006487500  -0.0003890904
   4.1749999860  -0.0002808782  -0.0006604705  -0.0003843630
   4.1799999860  -0.0002981872  -0.0006721223  -0.0003806252
   4.1849999859  -0.0003205922  -0.0006829308  -0.0003792334
   4.1899999859  -0.0003460339  -0.0006924263  -0.0003811120
   4.1949999859  -0.0003714566  -0.0007005409  -0.0003867160
   4.1999999859  -0.0003934240  -0.0007075942  -0.0003961387
   4.2049999859  -0.0004087837  -0.0007141723  -0.0004093326
   4.2099999859  -0.0004152138  -0.0007209358  -0.0004263794
   4.2149999858  -0.0004115215  -0.0007284077  -0.0004477330
   4.2199999858  -0.0003976309  -0.0007367968  -0.0004743623
   4.2249999858  -0.0003742834  -0.0007459039  -0.0005077435
   4.2299999858  -0.0003425514  -0.0007551355  -0.0005496869
   4.2349999858  -0.0003033191  -0.0007636216  -0.0006020254
   4.2399999858  -0.0002568990  -0.0007704063  -0.0006662261
   4.2449999857  -0.0002029190  -0.0007746592  -0.0007430061
   4.2499999857  -0.0001405497  -0.0007758521  -0.0008320319
   4.2549999857  -0.0000690490  -0.0007738512  -0.0009317573
   4.2599999857   0.0000114837  -0.0007689012  -0.0010394152
   4.2649999857   0.0000993143  -0.0007615080  -0.0011511362
   4.2699999857   0.0001904304  -0.0007522558  -0.0012621289
   4.2749999856   0.0002782038  -0.0007416153  -0.0013668470
   4.2799999856   0.0003534441  -0.0007298035  -0.0014590742
   4.2849999856   0.0004048297  -0.0007167411  -0.0015318940
   4.2899999856   0.0004196108  -0.0007021258  -0.0015775590
   4.2949999856   0.0003844153  -0.0006856037  -0.0015873181
   4.2999999856   0.0002859751  -0.0006669925  -0.0015512928
   4.3049999855   0.0001116258  -0.0006464893  -0.0014584969
   4.3099999855  -0.0001504806  -0.0006247996  -0.0012970707
   4.3149999855  -0.0005114132  -0.0006031449  -0.0010547538
   4.3199999855  -0.0009816175  -0.0005831401  -0.0007195633
   4.3249999855  -0.0015710063  -0.0005665683  -0.0002805984
   4.3299999855  -0.0022888010  -0.0005551144   0.0002711393
   4.3349999854  -0.0031430013  -0.0005501246   0.0009420150
   4.3399999854  -0.0041394586  -0.0005524560   0.0017351941
   4.3449999854  -0.0052806441  -0.0005624482   0.0026502657
   4.3499999854  -0.0065643003  -0.0005800129   0.0036830288
   4.3549999854  -0.0079822153  -0.0006047993   0.0048253744
   4.3599999854  -0.0095193487  -0.0006363708   0.0060651886
   4.3649999853  -0.0111534726  -0.0006743241   0.0073862188
   4.3699999853  -0.0128553815  -0.0007182999   0.0087678918
   4.3749999853  -0.0145896119  -0.0007678704   0.0101851323
   4.3799999853  -0.0163155184  -0.0008223256   0.0116082735
   4.3849999853  -0.0179885110  -0.0008804168   0.0130031848
   4.3899999853  -0.0195612742  -0.0009401305   0.0143317260
   4.3949999852  -0.0209848569  -0.0009985623   0.0155525984
   4.3999999852  -0.0222096206  -0.0010519350   0.0166225973
   4.4049999852  -0.0231861289  -0.0010957686   0.0174981926
   4.4099999852  -0.0238661272  -0.0011251712   0.0181373127
   4.4149999852  -0.0242037695  -0.0011351905   0.0185011688
   4.4199999852  -0.0241572032  -0.0011211540   0.0185559694
   4.4249999851  -0.0236905288  -0.0010789327   0.0182744071
   4.4299999851  -0.0227760353  -0.0010050917   0.0176368634
   4.4349999851  -0.0213965096  -0.0008969198   0.0166323302
   4.4399999851  -0.0195473511  -0.0007523694   0.0152590953
   4.4449999851  -0.0172382199  -0.0005699569   0.0135252470
   4.4499999851  -0.0144939911  -0.0003486842   0.0114490429
   4.4549999850  -0.0113548909  -0.0000880298   0.0090591391
   4.4599999850  -0.0078757995   0.0002119626   0.0063946322
   4.4649999850  -0.0041248179   0.0005505068   0.0035048194
   4.4699999850  -0.0001812651   0.0009258423   0.0004485653
   4.4749999850   0.0038666997   0.0013350063  -0.0027068245
   4.4799999850   0.0079246575   0.0017736747  -0.0058872786
   4.4849999849   0.0118945975   0.0022361256  -0.0090141710
   4.4899999849   0.0156776251   0.0027153588  -0.0120069857
   4.4949999849   0.0191767222   0.0032033693  -0.0147862806
   4.4999999849   0.0222995999   0.0036915444  -0.0172767609
   4.5049999849   0.0249616715   0.0041711266  -0.0194102536
   4.5099999849   0.0270891259   0.0046336732  -0.0211283990
   4.5149999848   0.0286220058   0.0050714501  -0.0223849127
   4.5199999848   0.0295171203   0.0054777124  -0.0231473283
   4.5249999848   0.0297505597   0.0058468549  -0.0233981859
   4.5299999848   0.0293195603   0.0061744470  -0.0231356715
   4.5349999848   0.0282434848   0.0064571882  -0.0223737373
   4.5399999848   0.0265637531   0.0066928380  -0.0211417392
   4.5449999847   0.0243426549   0.0068801676  -0.0194836147
   4.5499999847   0.0216610864   0.0070189678  -0.0174566118
   4.5549999847   0.0186153568   0.0071101209  -0.0151295628
   4.5599999847   0.0153132885   0.0071557137  -0.0125806970
   4.5649999847   0.0118698740   0.0071591492  -0.0098950004
   4.5699999847   0.0084027525   0.0071251987  -0.0071611630
   4.5749999846   0.0050277364   0.0070599423  -0.0044682004
   4.5799999846   0.0018545651   0.0069705635  -0.0019018838
   4.5849999846  -0.0010169924   0.0068649914   0.0004588357
   4.5899999846  -0.0035006110   0.0067514195   0.0025451993
   4.5949999846  -0.0055264040   0.0066377565   0.0043015848
   4.5999999846  -0.0070433881   0.0065310827   0.0056878214
   4.6049999845  -0.0080213478   0.0064371866   0.0066807146
   4.6099999845  -0.0084520025   0.0063602426   0.0072746839
   4.6149999845  -0.0083493626   0.0063026613   0.0074814919
   4.6199999845  -0.0077491605   0.0062651103   0.0073291148
   4.6249999845  -0.0067072721   0.0062466731   0.0068598663
   4.6299999845  -0.0052971032   0.0062450886   0.0061279319
   4.6349999844  -0.0036060013   0.0062570093   0.0051964851
   4.6399999844  -0.0017308481   0.0062782251   0.0041345559
   4.6449999844   0.0002269165   0.0063038214   0.0030138006
   4.6499999844   0.0021665189   0.0063282696   0.0019052912
   4.6549999844   0.0039929674   0.0063454775   0.0008764174
   4.6599999844   0.0056217093   0.0063488448  -0.0000120202
   4.6649999843   0.0069825324   0.0063313721  -0.0007084518
   4.6699999843   0.0080224959   0.0062858631  -0.0011728244
   4.6749999843   0.0087077804   0.0062052336  -0.0013784266
   4.6799999843   0.0090244434   0.0060829111  -0.0013131285
   4.6849999843   0.0089781533   0.0059132799  -0.0009799156
   4.6899999843   0.0085930230   0.0056921069  -0.0003966157
   4.6949999842   0.0079096831   0.0054168786   0.0004052287
   4.6999999842   0.0069827294   0.0050869898   0.0013823229
   4.7049999842   0.0058776545   0.0047037509   0.0024823140
   4.7099999842   0.0046673558   0.0042702121   0.0036470328
   4.7149999842   0.0034283086   0.0037908389   0.0048160423
   4.7199999841   0.0022365111   0.0032710973   0.0059302211
   4.7249999841   0.0011633532   0.0027170224   0.0069351135
   4.7299999841   0.0002716075   0.0021348388   0.0077838226
   4.7349999841  -0.0003882050   0.0015306830   0.0084392814
   4.7399999841  -0.0007808029   0.0009104481   0.0088758151
   4.7449999841  -0.0008882233   0.0002797381   0.0090799773
   4.7499999840  -0.0007107836  -0.0003561075   0.0090506968
   4.7549999840  -0.0002668136  -0.0009919736   0.0087988068
   4.7599999840   0.0004088412  -0.0016229637   0.0083460368
   4.7649999840   0.0012674163  -0.0022444632   0.0077235451
   4.7699999840   0.0022496913  -0.0028522754   0.0069700572
   4.7749999840   0.0032900132  -0.0034428046   0.0061296707
   4.7799999839   0.0043205459  -0.0040132386   0.0052493914
   4.7849999839   0.0052754259  -0.0045616706   0.0043764857
   4.7899999839   0.0060945619  -0.0050871146   0.0035557676
   4.7949999839   0.0067268832  -0.0055893873   0.0028269680
   4.7999999839   0.0071329221  -0.0060688645   0.0022223653
   4.8049999839   0.0072866705  -0.0065261486   0.0017648601
   4.8099999838   0.0071766958  -0.0069617095   0.0014666596
   4.8149999838   0.0068065145  -0.0073755631   0.0013286971
   4.8199999838   0.0061942246  -0.0077670453   0.0013408423
   4.8249999838   0.0053713995  -0.0081347175   0.0014828875
   4.8299999838   0.0043812541  -0.0084764078   0.0017262179
   4.8349999838   0.0032761235  -0.0087893692   0.0020360157
   4.8399999837   0.0021143441  -0.0090705121   0.0023738075
   4.8449999837   0.0009566856  -0.0093166647   0.0027001500
   4.8499999837  -0.0001374508  -0.0095248143   0.0029772580
   4.8549999837  -0.0011138048  -0.0096922971   0.0031714032
   4.8599999837  -0.0019267153  -0.0098169215   0.0032549481
   4.8649999837  -0.0025419874  -0.0098970259   0.0032079175
   4.8699999836  -0.0029389384  -0.0099314891   0.0030190478
   4.8749999836  -0.0031114652  -0.0099197150   0.0026862858
   4.8799999836  -0.0030680644  -0.0098616194   0.0022167386
   4.8849999836  -0.0028308322  -0.0097576367   0.0016260984
   4.8899999836  -0.0024335536  -0.0096087561   0.0009375885
   4.8949999836  -0.0019190621  -0.0094165839   0.0001804936
   4.8999999835  -0.0013360953  -0.0091834129  -0.0006116445
   4.9049999835  -0.0007358910  -0.0089122764  -0.0014030718
   4.9099999835  -0.0001687709  -0.0086069555  -0.0021580010
   4.9149999835   0.0003190675  -0.0082719182  -0.0028428049
   4.9199999835   0.0006883621  -0.0079121779  -0.0034280985
   4.9249999835   0.0009090595  -0.0075330749  -0.0038905784
   4.9299999834   0.0009619527  -0.0071400044  -0.0042144900
   4.9349999834   0.0008396306  -0.0067381258  -0.0043926058
   4.9399999834   0.0005467193  -0.0063320956  -0.0044266256
   4.9449999834   0.0000994245  -0.0059258657  -0.0043269481
   4.9499999834  -0.0004755971  -0.0055225743  -0.0041118170
   4.9549999834  -0.0011429888  -0.0051245410  -0.0038059024
   4.9599999833  -0.0018609947  -0.0047333575  -0.0034384359
   4.9649999833  -0.0025842071  -0.0043500462  -0.0030410603
   4.9699999833  -0.0032666162  -0.0039752487  -0.0026455795
   4.9749999833  -0.0038647765  -0.0036094044  -0.0022817937
   4.9799999833  -0.0043408656  -0.0032528868  -0.0019755846
   4.9849999833  -0.0046653921  -0.0029060784  -0.0017473715
   4.9899999832  -0.0048193146  -0.0025693854  -0.0016110171
   4.9949999832  -0.0047953739  -0.0022432074  -0.0015732103
   4.9999999832  -0.0045985085  -0.0019278897  -0.0016333232
   5.0049999832  -0.0042453159  -0.0016236887  -0.0017837105
   5.0099999832  -0.0037626221  -0.0013307712  -0.0020104095
   5.0149999832  -0.0031853096  -0.0010492578  -0.0022941938
   5.0199999831  -0.0025536238  -0.0007793028  -0.0026119275
   5.0249999831  -0.0019102069  -0.0005211862  -0.0029381569
   5.0299999831  -0.0012971114  -0.0002753890  -0.0032468626
   5.0349999831  -0.0007530076  -0.0000426212  -0.0035132711
   5.0399999831  -0.0003107567   0.0001762149  -0.0037156074
   5.0449999831   0.0000045375   0.0003801284  -0.0038366568
   5.0499999830   0.0001769302   0.0005681930  -0.0038650042
   5.0549999830   0.0002004558   0.0007397177  -0.0037958428
   5.0599999830   0.0000793509   0.0008943993  -0.0036312752
   5.0649999830  -0.0001723224   0.0010324217  -0.0033800809
   5.0699999830  -0.0005316486   0.0011544830  -0.0030569780
   5.0749999830  -0.0009683993   0.0012617462  -0.0026814511
   5.0799999829  -0.0014470853   0.0013557280  -0.0022762562
   5.0849999829  -0.0019294192   0.0014381512  -0.0018657333
   5.0899999829  -0.0023770368   0.0015107890  -0.0014740611
   5.0949999829  -0.0027542826   0.0015753303  -0.0011235800
   5.0999999829  -0.0030308364   0.0016332801  -0.0008332914
   5.1049999829  -0.0031839553   0.0016859031  -0.0006176243
   5.1099999828  -0.0032001345   0.0017342058  -0.0004855364
   5.1149999828  -0.0030760398   0.0017789461  -0.0004399972
   5.1199999828  -0.0028186393   0.0018206584  -0.0004778844
   5.1249999828  -0.0024445373   0.0018596814  -0.0005902947
   5.1299999828  -0.0019785872   0.0018961820  -0.0007632538
   5.1349999828  -0.0014519179   0.0019301706  -0.0009787738
   5.1399999827  -0.0008995494   0.0019615082  -0.0012161862
   5.1449999827  -0.0003577934   0.0019899095  -0.0014536516
   5.1499999827   0.0001383634   0.0020149477  -0.0016697357
   5.1549999827   0.0005577052   0.0020360693  -0.0018449341
   5.1599999827   0.0008748983   0.0020526252  -0.0019630397
   5.1649999827   0.0010721347   0.0020639232  -0.0020122572
   5.1699999826   0.0011402127   0.0020693033  -0.0019859943
   5.1749999826   0.0010790022   0.0020682280  -0.0018832793
   5.1799999826   0.0008972858   0.0020603786  -0.0017087798
   5.1849999826   0.0006120079   0.0020457376  -0.0014724225
   5.1899999826   0.0002470009   0.0020246420  -0.0011886350
   5.1949999826  -0.0001687171   0.0019977917  -0.0008752602
   5.1999999825  -0.0006029603   0.0019662066  -0.0005522177
   5.2049999825  -0.0010225858   0.0019311370  -0.0002400118
   5.2099999825  -0.0013957678   0.0018939425   0.0000417963
   5.2149999825  -0.0016942021   0.0018559609   0.0002760273
   5.2199999825  -0.0018951020   0.0018183922   0.0004491157
   5.2249999825  -0.0019828470   0.0017822188   0.0005520379
   5.2299999824  -0.0019501499   0.0017481705   0.0005808719
   5.2349999824  -0.0017986282   0.0017167350   0.0005369643
   5.2399999824  -0.0015387024   0.0016881997   0.0004267146
   5.2449999824  -0.0011887980   0.0016627042   0.0002610178
   5.2499999824  -0.0007738992   0.0016402831   0.0000544265
   5.2549999824  -0.0003235694   0.0016208825  -0.0001759021
   5.2599999823   0.0001303806   0.0016043442  -0.0004114031
   5.2649999823   0.0005563606   0.0015903659  -0.0006333791
   5.2699999823   0.0009253777   0.0015784523  -0.0008242866
   5.2749999823   0.0012131176   0.0015678802  -0.0009689595
   5.2799999823   0.0014015751   0.0015576988  -0.0010556958
   5.2849999823   0.0014801382   0.0015467759  -0.0010771221
   5.2899999822   0.0014460951   0.0015338919  -0.0010307597
   5.2949999822   0.0013045835   0.0015178672  -0.0009192264
   5.2999999822   0.0010680375   0.0014977014  -0.0007500401
   5.3049999822   0.0007552027   0.0014726959  -0.0005350260
   5.3099999822   0.0003897963   0.0014425371  -0.0002893716
   5.3149999822  -0.0000011121   0.0014073251  -0.0000304176
   5.3199999821  -0.0003889207   0.0013675459   0.0002237059
   5.3249999821  -0.0007454286   0.0013239992   0.0004554700
   5.3299999821  -0.0010447753   0.0012777001   0.0006492442
   5.3349999821  -0.0012652662   0.0012297782   0.0007924017
   5.3399999821  -0.0013909469   0.0011813923   0.0008761581
   5.3449999821  -0.0014127956   0.0011336713   0.0008961031
   5.3499999820  -0.0013294177   0.0010876815   0.0008524112
   5.3549999820  -0.0011471672   0.0010444106   0.0007497392
   5.3599999820  -0.0008796681   0.0010047574   0.0005968315
   5.3649999820  -0.0005467676   0.0009695123   0.0004058674
   5.3699999820  -0.0001730049   0.0009393226   0.0001915904
   5.3749999820   0.0002142763   0.0009146416  -0.0000297277
   5.3799999819   0.0005870110   0.0008956702  -0.0002414291
   5.3849999819   0.0009185260   0.0008823018  -0.0004276452
   5.3899999819   0.0011855133   0.0008740858  -0.0005744264
   5.3949999819   0.0013697150   0.0008702211  -0.0006707450
   5.3999999819   0.0014591988   0.0008695870  -0.0007092966
   5.4049999818   0.0014491353   0.0008708132  -0.0006870361
   5.4099999818   0.0013420307   0.0008723843  -0.0006054069
   5.4149999818   0.0011474115   0.0008727692  -0.0004702424
   5.4199999818   0.0008809996   0.0008705616  -0.0002913463
   5.4249999818   0.0005634557   0.0008646162  -0.0000817770
   5.4299999818   0.0002187994   0.0008541625   0.0001431130
   5.4349999817  -0.0001273675   0.0008388798   0.0003668184
   5.4399999817  -0.0004497006   0.0008189217   0.0005729215
   5.4449999817  -0.0007248893   0.0007948828   0.0007463386
   5.4499999817  -0.0009332596   0.0007677104   0.0008744755
   5.4549999817  -0.0010601113   0.0007385747   0.0009481934
   5.4599999817  -0.0010967200   0.0007087173   0.0009625010
   5.4649999816  -0.0010409489   0.0006793051   0.0009169098
   5.4699999816  -0.0008974298   0.0006513124   0.0008154189
   5.4749999816  -0.0006772880   0.0006254515   0.0006661377
   5.4799999816  -0.0003974013   0.0006021543   0.0004805888
   5.4849999816  -0.0000792131   0.0005815999   0.0002727666
   5.4899999816   0.0002528460   0.0005637692   0.0000580454
   5.4949999815   0.0005732293   0.0005485040  -0.0001479648
   5.4999999815   0.0008572951   0.0005355511  -0.0003305229
   5.5049999815   0.0010833031   0.0005245801  -0.0004767523
   5.5099999815   0.0012341951   0.0005151785  -0.0005764755
   5.5149999815   0.0012989843   0.0005068361  -0.0006228565
   5.5199999815   0.0012736104   0.0004989397  -0.0006128310
   5.5249999814   0.0011611844   0.0004907961  -0.0005473090
   5.5299999814   0.0009716114   0.0004816916  -0.0004311365
   5.5349999814   0.0007206518   0.0004709860  -0.0002728030
   5.5399999814   0.0004285344   0.0004582216  -0.0000838902
   5.5449999814   0.0001182703   0.0004432219   0.0001217252
   5.5499999814  -0.0001861764   0.0004261534   0.0003288784
   5.5549999813  -0.0004617101   0.0004075294   0.0005222653
   5.5599999813  -0.0006877918   0.0003881510   0.0006876411
   5.5649999813  -0.0008478900   0.0003689939   0.0008129565
   5.5699999813  -0.0009306172   0.0003510624   0.0008893219
   5.5749999813  -0.0009304927   0.0003352421   0.0009117006
   5.5799999813  -0.0008482898   0.0003221765   0.0008792673
   5.5849999812  -0.0006909439   0.0003121913   0.0007954008
   5.5899999812  -0.0004710170   0.0003052746   0.0006673268
   5.5949999812  -0.0002057470   0.0003011103   0.0005054564
   5.5999999812   0.0000842627   0.0002991542   0.0003224932
   5.6049999812   0.0003766200   0.0002987323   0.0001323966
   5.6099999812   0.0006488689   0.0002991443  -0.0000507099
   5.6149999811   0.0008802245   0.0002997543  -0.0002135993
   5.6199999811   0.0010531784   0.0003000560  -0.0003448954
   5.6249999811   0.0011548438   0.0002997059  -0.0004358554
   5.6299999811   0.0011779315   0.0002985221  -0.0004809331
   5.6349999811   0.0011212823   0.0002964525  -0.0004780886
   5.6399999811   0.0009899128   0.0002935208  -0.0004288325
   5.6449999810   0.0007945711   0.0002897625  -0.0003380103
   5.6499999810   0.0005508393   0.0002851658  -0.0002133563
   5.6549999810   0.0002778512   0.0002796335  -0.0000648589
   5.6599999810  -0.0000032672   0.0002729756   0.0000960049
   5.6649999810  -0.0002711038   0.0002649395   0.0002571093
   5.6699999810  -0.0005056618   0.0002552724   0.0004065341
   5.6749999809  -0.0006899061   0.0002438040   0.0005333862
   5.6799999809  -0.0008110186   0.0002305293   0.0006285440
   5.6849999809  -0.0008612585   0.0002156692   0.0006852860
   5.6899999809  -0.0008383731   0.0001996931   0.0006997705
   5.6949999809  -0.0007455534   0.0001832917   0.0006713293
   5.6999999809  -0.0005909790   0.0001673068   0.0006025434
   5.7049999808  -0.0003870297   0.0001526289   0.0004990754
   5.7099999808  -0.0001492616   0.0001400859   0.0003692516
   5.7149999808   0.0001047559   0.0001303465   0.0002234076
   5.7199999808   0.0003566607   0.0001238532   0.0000730455
   5.7249999808   0.0005885090   0.0001207956  -0.0000701231
   5.7299999808   0.0007839302   0.0001211174  -0.0001951537
   5.7349999807   0.0009291823   0.0001245472  -0.0002927615
   5.7399999807   0.0010140655   0.0001306341  -0.0003560410
   5.7449999807   0.0010326418   0.0001387762  -0.0003809445
   5.7499999807   0.0009837041   0.0001482357  -0.0003664893
   5.7549999807   0.0008709356   0.0001581435  -0.0003146984
   5.7599999807   0.0007027192   0.0001675065  -0.0002303097
   5.7649999806   0.0004915803   0.0001752350  -0.0001203071
   5.7699999806   0.0002532878   0.0001802016   0.0000066666
   5.7749999806   0.0000056752   0.0001813389   0.0001409625
   5.7799999806  -0.0002327184   0.0001777693   0.0002726005
   5.7849999806  -0.0004440711   0.0001689469   0.0003919349
   5.7899999806  -0.0006126380   0.0001547867   0.0004902858
   5.7949999805  -0.0007259381   0.0001357512   0.0005605128
   5.7999999805  -0.0007756759   0.0001128729   0.0005975027
   5.8049999805  -0.0007583375   0.0000876983   0.0005985404
   5.8099999805  -0.0006754295   0.0000621560   0.0005635301
   5.8149999805  -0.0005333530   0.0000383636   0.0004950381
   5.8199999805  -0.0003429311   0.0000183977   0.0003981398
   5.8249999804  -0.0001186222   0.0000040583   0.0002800733
   5.8299999804   0.0001225254  -0.0000033411   0.0001497159
   5.8349999804   0.0003621137  -0.0000031314   0.0000169218
   5.8399999804   0.0005817435   0.0000046265  -0.0001082289
   5.8449999804   0.0007643808   0.0000191401  -0.0002162126
   5.8499999804   0.0008956404   0.0000389664  -0.0002988141
   5.8549999803   0.0009648917   0.0000621686  -0.0003497874
   5.8599999803   0.0009661027   0.0000865292  -0.0003653720
   5.8649999803   0.0008983577   0.0001097925  -0.0003446160
   5.8699999803   0.0007660052   0.0001299063  -0.0002894722
   5.8749999803   0.0005784224   0.0001452297  -0.0002046489
   5.8799999803   0.0003494028   0.0001546806  -0.0000972198
   5.8849999802   0.0000961980   0.0001578026   0.0000239789
   5.8899999802  -0.0001617314   0.0001547484   0.0001491077
   5.8949999802  -0.0004041819   0.0001461877   0.0002681661
   5.8999999802  -0.0006117927   0.0001331619   0.0003718319
   5.9049999802  -0.0007676304   0.0001169151   0.0004522111
   5.9099999802  -0.0008586418   0.0000987318   0.0005034315
   5.9149999801  -0.0008768333   0.0000798043   0.0005220319
   5.9199999801  -0.0008200511   0.0000611448   0.0005071315
   5.9249999801  -0.0006922648   0.0000435420   0.0004603899
   5.9299999801  -0.0005033029   0.0000275553   0.0003857867
   5.9349999801  -0.0002680529   0.0000135320   0.0002892602
   5.9399999801  -0.0000051964   0.0000016350   0.0001782425
   5.9449999800   0.0002643920  -0.0000081265   0.0000611240
   5.9499999800   0.0005194197  -0.0000158653  -0.0000533284
   5.9549999800   0.0007399465  -0.0000217811  -0.0001565776
   5.9599999800   0.0009089875  -0.0000261151  -0.0002409210
   5.9649999800   0.0010138125  -0.0000290957  -0.0003000617
   5.9699999800   0.0010468507  -0.0000308784  -0.0003296039
   5.9749999799   0.0010061558  -0.0000314920  -0.0003274221
   5.9799999799   0.0008954257  -0.0000308060  -0.0002938617
   5.9849999799   0.0007236043  -0.0000285342  -0.0002317351
   5.9899999799   0.0005041145  -0.0000242822  -0.0001461039
   5.9949999799   0.0002537901  -0.0000176368  -0.0000438611
