   0.0000000000   0.0000000000   0.0000000000   0.0000000000
   0.0050000000   0.0000000000   0.0000000000   0.0000000000
   0.0100000000   0.0000000000   0.0000000000   0.0000000000
   0.0149999999   0.0000000000   0.0000000000   0.0000000000
   0.0199999999   0.0000000000   0.0000000000   0.0000000000
   0.0249999999   0.0000000000   0.0000000000   0.0000000000
   0.0299999999   0.0000000000   0.0000000000   0.0000000000
   0.0349999999   0.0000000000   0.0000000000   0.0000000000
   0.0399999999  -0.0000000000  -0.0000000000  -0.0000000000
   0.0449999998  -0.0000000000  -0.0000000000  -0.0000000000
   0.0499999998  -0.0000000000  -0.0000000000  -0.0000000000
   0.0549999998  -0.0000000000  -0.0000000000  -0.0000000000
   0.0599999998  -0.0000000000  -0.0000000000  -0.0000000000
   0.0649999998  -0.0000000000  -0.0000000000  -0.0000000000
   0.0699999998  -0.0000000000  -0.0000000000  -0.0000000000
   0.0749999997  -0.0000000000  -0.0000000000  -0.0000000000
   0.0799999997  -0.0000000000  -0.0000000000  -0.0000000000
   0.0849999997  -0.0000000000  -0.0000000000  -0.0000000000
   0.0899999997  -0.0000000000  -0.0000000000  -0.0000000000
   0.0949999997  -0.0000000000  -0.0000000000  -0.0000000000
   0.0999999997  -0.0000000000  -0.0000000000  -0.0000000000
   0.1049999996  -0.0000000000  -0.0000000000  -0.0000000000
   0.1099999996  -0.0000000000  -0.0000000000  -0.0000000000
   0.1149999996  -0.0000000000  -0.0000000000  -0.0000000000
   0.1199999996  -0.0000000000  -0.0000000000  -0.0000000000
   0.1249999996  -0.0000000000  -0.0000000000  -0.0000000000
   0.1299999996  -0.0000000000  -0.0000000000  -0.0000000000
   0.1349999995  -0.0000000000  -0.0000000000  -0.0000000000
   0.1399999995  -0.0000000000  -0.0000000000  -0.0000000000
   0.1449999995   0.0000000000   0.0000000000   0.0000000000
   0.1499999995   0.0000000000   0.0000000000   0.0000000000
   0.1549999995   0.0000000000   0.0000000000   0.0000000000
   0.1599999995   0.0000000000   0.0000000000   0.0000000000
   0.1649999994  -0.0000000000   0.0000000000  -0.0000000000
   0.1699999994  -0.0000000000   0.0000000000  -0.0000000000
   0.1749999994  -0.0000000000  -0.0000000000  -0.0000000000
   0.1799999994  -0.0000000000  -0.0000000000  -0.0000000000
   0.1849999994  -0.0000000000  -0.0000000000  -0.0000000000
   0.1899999994   0.0000000000  -0.0000000000   0.0000000000
   0.1949999993   0.0000000000  -0.0000000000   0.0000000000
   0.1999999993   0.0000000000   0.0000000000   0.0000000000
   0.2049999993   0.0000000000   0.0000000000   0.0000000000
   0.2099999993  -0.0000000000   0.0000000000  -0.0000000000
   0.2149999993  -0.0000000000   0.0000000000  -0.0000000000
   0.2199999993  -0.0000000000   0.0000000000  -0.0000000000
   0.2249999992  -0.0000000000  -0.0000000000  -0.0000000000
   0.2299999992   0.0000000000  -0.0000000000   0.0000000000
   0.2349999992   0.0000000000  -0.0000000000   0.0000000000
   0.2399999992   0.0000000000  -0.0000000000   0.0000000000
   0.2449999992   0.0000000000  -0.0000000000   0.0000000000
   0.2499999992   0.0000000000   0.0000000000   0.0000000000
   0.2549999991  -0.0000000000   0.0000000000  -0.0000000000
   0.2599999991  -0.0000000000   0.0000000000  -0.0000000000
   0.2649999991  -0.0000000000   0.0000000000  -0.0000000000
   0.2699999991  -0.0000000000   0.0000000000  -0.0000000000
   0.2749999991  -0.0000000000  -0.0000000000  -0.0000000000
   0.2799999991   0.0000000000  -0.0000000000   0.0000000000
   0.2849999990   0.0000000000  -0.0000000000   0.0000000000
   0.2899999990   0.0000000000  -0.0000000000   0.0000000000
   0.2949999990   0.0000000000   0.0000000000   0.0000000000
   0.2999999990   0.0000000000   0.0000000000   0.0000000000
   0.3049999990  -0.0000000000   0.0000000000  -0.0000000000
   0.3099999990  -0.0000000000   0.0000000000  -0.0000000000
   0.3149999989  -0.0000000000  -0.0000000000  -0.0000000000
   0.3199999989  -0.0000000000  -0.0000000000  -0.0000000000
   0.3249999989  -0.0000000000  -0.0000000000  -0.0000000000
   0.3299999989   0.0000000000  -0.0000000000   0.0000000000
   0.3349999989   0.0000000000   0.0000000000   0.0000000000
   0.3399999989   0.0000000000   0.0000000000   0.0000000000
   0.3449999988   0.0000000000   0.0000000001   0.0000000000
   0.3499999988  -0.0000000000   0.0000000001  -0.0000000000
   0.3549999988  -0.0000000001   0.0000000001  -0.0000000001
   0.3599999988  -0.0000000001  -0.0000000000  -0.0000000001
   0.3649999988   0.0000000001  -0.0000000001   0.0000000001
   0.3699999988   0.0000000004  -0.0000000002   0.0000000004
   0.3749999987   0.0000000009  -0.0000000001   0.0000000009
   0.3799999987   0.0000000013   0.0000000000   0.0000000013
   0.3849999987   0.0000000007   0.0000000000   0.0000000007
   0.3899999987  -0.0000000016  -0.0000000006  -0.0000000016
   0.3949999987  -0.0000000064  -0.0000000026  -0.0000000064
   0.3999999987  -0.0000000132  -0.0000000058  -0.0000000132
   0.4049999986  -0.0000000187  -0.0000000084  -0.0000000187
   0.4099999986  -0.0000000159  -0.0000000060  -0.0000000159
   0.4149999986   0.0000000058   0.0000000088   0.0000000058
   0.4199999986   0.0000000564   0.0000000433   0.0000000564
   0.4249999986   0.0000001372   0.0000000984   0.0000001372
   0.4299999986   0.0000002269   0.0000001574   0.0000002269
   0.4349999985   0.0000002678   0.0000001746   0.0000002678
   0.4399999985   0.0000001598   0.0000000707   0.0000001598
   0.4449999985  -0.0000002241  -0.0000002538  -0.0000002241
   0.4499999985  -0.0000009835  -0.0000008719  -0.0000009835
   0.4549999985  -0.0000020899  -0.0000017443  -0.0000020899
   0.4599999985  -0.0000032464  -0.0000026022  -0.0000032464
   0.4649999984  -0.0000037505  -0.0000028372  -0.0000037505
   0.4699999984  -0.0000024413  -0.0000014682  -0.0000024413
   0.4749999984   0.0000021492   0.0000027092   0.0000021492
   0.4799999984   0.0000113105   0.0000106873   0.0000113105
   0.4849999984   0.0000252478   0.0000224580   0.0000252478
   0.4899999984   0.0000417929   0.0000359201   0.0000417929
   0.4949999983   0.0000549764   0.0000457075   0.0000549764
   0.4999999983   0.0000539765   0.0000423910   0.0000539765
   0.5049999983   0.0000232239   0.0000127128   0.0000232239
   0.5099999983  -0.0000554029  -0.0000583764  -0.0000554029
   0.5149999983  -0.0001974403  -0.0001832081  -0.0001974403
   0.5199999983  -0.0004073366  -0.0003641289  -0.0004073366
   0.5249999982  -0.0006669726  -0.0005838752  -0.0006669726
   0.5299999982  -0.0009227171  -0.0007949074  -0.0009227171
   0.5349999982  -0.0010737430  -0.0009099725  -0.0010737430
   0.5399999982  -0.0009652807  -0.0007968738  -0.0009652807
   0.5449999982  -0.0003907695  -0.0002805694  -0.0003907695
   0.5499999982   0.0008938772   0.0008449481   0.0008938772
   0.5549999981   0.0031426000   0.0027941176   0.0031426000
   0.5599999981   0.0065797697   0.0057580689   0.0065797697
   0.5649999981   0.0113540963   0.0098677466   0.0113540963
   0.5699999981   0.0174940204   0.0151582416   0.0174940204
   0.5749999981   0.0248744597   0.0215418691   0.0248744597
   0.5799999981   0.0332043284   0.0287970787   0.0332043284
   0.5849999980   0.0420412389   0.0365779563   0.0420412389
   0.5899999980   0.0508345414   0.0444451677   0.0508345414
   0.5949999980   0.0589913865   0.0519144969   0.0589913865
   0.5999999980   0.0659544273   0.0585148102   0.0659544273
   0.6049999980   0.0712758553   0.0638445546   0.0712758553
   0.6099999980   0.0746721038   0.0676156939   0.0746721038
   0.6149999979   0.0760472826   0.0696765926   0.0760472826
   0.6199999979   0.0754806017   0.0700102624   0.0754806017
   0.6249999979   0.0731819584   0.0687103657   0.0731819584
   0.6299999979   0.0694280515   0.0659427729   0.0694280515
   0.6349999979   0.0644963984   0.0619037275   0.0644963984
   0.6399999979   0.0586148073   0.0567857801   0.0586148073
   0.6449999978   0.0519389196   0.0507595384   0.0519389196
   0.6499999978   0.0445617219   0.0439738752   0.0445617219
   0.6549999978   0.0365490210   0.0365712175   0.0365490210
   0.6599999978   0.0279868875   0.0287098126   0.0279868875
   0.6649999978   0.0190235860   0.0205829413   0.0190235860
   0.6699999978   0.0098907308   0.0124265256   0.0098907308
   0.6749999977   0.0008956477   0.0045109197   0.0008956477
   0.6799999977  -0.0076131929  -0.0028816228  -0.0076131929
   0.6849999977  -0.0152966195  -0.0094872211  -0.0152966195
   0.6899999977  -0.0218746993  -0.0150890838  -0.0218746993
   0.6949999977  -0.0271601986  -0.0195359746  -0.0271601986
   0.6999999976  -0.0310656228  -0.0227454295  -0.0310656228
   0.7049999976  -0.0335834696  -0.0246921916  -0.0335834696
   0.7099999976  -0.0347490534  -0.0253876237  -0.0347490534
   0.7149999976  -0.0346016491  -0.0248590718  -0.0346016491
   0.7199999976  -0.0331603975  -0.0231381171  -0.0331603975
   0.7249999976  -0.0304260330  -0.0202633268  -0.0304260330
   0.7299999975  -0.0264098453  -0.0162976039  -0.0264098453
   0.7349999975  -0.0211806835  -0.0113544270  -0.0211806835
   0.7399999975  -0.0149129889  -0.0056231440  -0.0149129889
   0.7449999975  -0.0079166104   0.0006175078  -0.0079166104
   0.7499999975  -0.0006334387   0.0070059429  -0.0006334387
   0.7549999975   0.0064045804   0.0131272669   0.0064045804
   0.7599999974   0.0126497400   0.0185621947   0.0126497400
   0.7649999974   0.0176286104   0.0229459173   0.0176286104
   0.7699999974   0.0210257144   0.0260241009   0.0210257144
   0.7749999974   0.0227395454   0.0276931767   0.0227395454
   0.7799999974   0.0228964778   0.0280153807   0.0228964778
   0.7849999974   0.0218188634   0.0272047016   0.0218188634
   0.7899999973   0.0199551111   0.0255864876   0.0199551111
   0.7949999973   0.0177886422   0.0235393114   0.0177886422
   0.7999999973   0.0157470294   0.0214314151   0.0157470294
   0.8049999973   0.0141315218   0.0195648710   0.0141315218
   0.8099999973   0.0130811944   0.0181383858   0.0130811944
   0.8149999973   0.0125769575   0.0172350571   0.0125769575
   0.8199999972   0.0124809952   0.0168354570   0.0124809952
   0.8249999972   0.0125991954   0.0168505792   0.0125991954
   0.8299999972   0.0127495353   0.0171648218   0.0127495353
   0.8349999972   0.0128190652   0.0176773463   0.0128190652
   0.8399999972   0.0127959956   0.0183313296   0.0127959956
   0.8449999972   0.0127703960   0.0191245183   0.0127703960
   0.8499999971   0.0129054546   0.0201000865   0.0129054546
   0.8549999971   0.0133890076   0.0213225313   0.0133890076
   0.8599999971   0.0143801289   0.0228475632   0.0143801289
   0.8649999971   0.0159665357   0.0246963638   0.0159665357
   0.8699999971   0.0181450157   0.0268427252   0.0181450157
   0.8749999971   0.0208298842   0.0292169984   0.0208298842
   0.8799999970   0.0238856496   0.0317249142   0.0238856496
   0.8849999970   0.0271722816   0.0342741210   0.0271722816
   0.8899999970   0.0305872680   0.0367984737   0.0305872680
   0.8949999970   0.0340895494   0.0392706832   0.0340895494
   0.8999999970   0.0376963438   0.0416977512   0.0376963438
   0.9049999970   0.0414530376   0.0440993875   0.0414530376
   0.9099999969   0.0453857093   0.0464753906   0.0453857093
   0.9149999969   0.0494522480   0.0487717946   0.0494522480
   0.9199999969   0.0535091252   0.0508561831   0.0535091252
   0.9249999969   0.0573061574   0.0525098037   0.0573061574
   0.9299999969   0.0605125835   0.0534390066   0.0605125835
   0.9349999969   0.0627675502   0.0533028852   0.0627675502
   0.9399999968   0.0637402153   0.0517497165   0.0637402153
   0.9449999968   0.0631818603   0.0484532193   0.0631818603
   0.9499999968   0.0609556062   0.0431410951   0.0609556062
   0.9549999968   0.0570373044   0.0356120199   0.0570373044
   0.9599999968   0.0514910328   0.0257417401   0.0514910328
   0.9649999968   0.0444308386   0.0134825282   0.0444308386
   0.9699999967   0.0359841069  -0.0011381997   0.0359841069
   0.9749999967   0.0262700585  -0.0180152039   0.0262700585
   0.9799999967   0.0154003163  -0.0369565682   0.0154003163
   0.9849999967   0.0034997823  -0.0576701211   0.0034997823
   0.9899999967  -0.0092615711  -0.0797495706  -0.0092615711
   0.9949999967  -0.0226393203  -0.1026662455  -0.0226393203
   0.9999999966  -0.0363000096  -0.1257718592  -0.0363000096
   1.0049999966  -0.0498285844  -0.1483156026  -0.0498285844
   1.0099999966  -0.0627577185  -0.1694758919  -0.0627577185
   1.0149999966  -0.0746120862  -0.1884041571  -0.0746120862
   1.0199999966  -0.0849565590  -0.2042759288  -0.0849565590
   1.0249999966  -0.0934370739  -0.2163435244  -0.0934370739
   1.0299999965  -0.0998061679  -0.2239848556  -0.0998061679
   1.0349999965  -0.1039304101  -0.2267439431  -0.1039304101
   1.0399999965  -0.1057822036  -0.2243601970  -0.1057822036
   1.0449999965  -0.1054219805  -0.2167850155  -0.1054219805
   1.0499999965  -0.1029778158  -0.2041855154  -0.1029778158
   1.0549999965  -0.0986281005  -0.1869361413  -0.0986281005
   1.0599999964  -0.0925900627  -0.1655995387  -0.0925900627
   1.0649999964  -0.0851138961  -0.1408984658  -0.0851138961
   1.0699999964  -0.0764800832  -0.1136807355  -0.0764800832
   1.0749999964  -0.0669967317  -0.0848792499  -0.0669967317
   1.0799999964  -0.0569942814  -0.0554691670  -0.0569942814
   1.0849999964  -0.0468162665  -0.0264241395  -0.0468162665
   1.0899999963  -0.0368062630   0.0013265292  -0.0368062630
   1.0949999963  -0.0272922255   0.0269380334  -0.0272922255
   1.0999999963  -0.0185699130   0.0496857480  -0.0185699130
   1.1049999963  -0.0108871279   0.0689946626  -0.0108871279
   1.1099999963  -0.0044302937   0.0844608389  -0.0044302937
   1.1149999963   0.0006853258   0.0958633849   0.0006853258
   1.1199999962   0.0044206287   0.1031659165   0.0044206287
   1.1249999962   0.0068119989   0.1065072282   0.0068119989
   1.1299999962   0.0079645079   0.1061818537   0.0079645079
   1.1349999962   0.0080393291   0.1026122231   0.0080393291
   1.1399999962   0.0072367123   0.0963150219   0.0072367123
   1.1449999962   0.0057768413   0.0878649447   0.0057768413
   1.1499999961   0.0038814667   0.0778591765   0.0038814667
   1.1549999961   0.0017590793   0.0668855774   0.0017590793
   1.1599999961  -0.0004045299   0.0554967511  -0.0004045299
   1.1649999961  -0.0024499639   0.0441910880  -0.0024499639
   1.1699999961  -0.0042434274   0.0334007067  -0.0042434274
   1.1749999961  -0.0056739106   0.0234852072  -0.0056739106
   1.1799999960  -0.0066511635   0.0147294966  -0.0066511635
   1.1849999960  -0.0071066227   0.0073437914  -0.0071066227
   1.1899999960  -0.0069980022   0.0014642387  -0.0069980022
   1.1949999960  -0.0063164863  -0.0028466654  -0.0063164863
   1.1999999960  -0.0050940056  -0.0055997703  -0.0050940056
   1.2049999960  -0.0034074391  -0.0068781610  -0.0034074391
   1.2099999959  -0.0013770339  -0.0068338223  -0.0013770339
   1.2149999959   0.0008422722  -0.0056806427   0.0008422722
   1.2199999959   0.0030760359  -0.0036827891   0.0030760359
   1.2249999959   0.0051496102  -0.0011383364   0.0051496102
   1.2299999959   0.0069080357   0.0016409888   0.0069080357
   1.2349999959   0.0082328513   0.0043522243   0.0082328513
   1.2399999958   0.0090529876   0.0067234945   0.0090529876
   1.2449999958   0.0093484067   0.0085338868   0.0093484067
   1.2499999958   0.0091468088   0.0096288511   0.0091468088
   1.2549999958   0.0085150466   0.0099296908   0.0085150466
   1.2599999958   0.0075475593   0.0094364399   0.0075475593
   1.2649999958   0.0063540811   0.0082241024   0.0063540811
   1.2699999957   0.0050482983   0.0064327961   0.0050482983
   1.2749999957   0.0037383336   0.0042527604   0.0037383336
   1.2799999957   0.0025192706   0.0019055024   0.0025192706
   1.2849999957   0.0014675733  -0.0003773945   0.0014675733
   1.2899999957   0.0006372406  -0.0023760597   0.0006372406
   1.2949999957   0.0000577074  -0.0039028451   0.0000577074
   1.2999999956  -0.0002663258  -0.0048196629  -0.0002663258
   1.3049999956  -0.0003529642  -0.0050504404  -0.0003529642
   1.3099999956  -0.0002391422  -0.0045873952  -0.0002391422
   1.3149999956   0.0000249849  -0.0034904448   0.0000249849
   1.3199999956   0.0003825335  -0.0018798114   0.0003825335
   1.3249999956   0.0007763665   0.0000773681   0.0007763665
   1.3299999955   0.0011547468   0.0021849685   0.0011547468
   1.3349999955   0.0014756634   0.0042384199   0.0014756634
   1.3399999955   0.0017096873   0.0060457229   0.0017096873
   1.3449999955   0.0018414737   0.0074467811   0.0018414737
   1.3499999955   0.0018700952   0.0083290886   0.0018700952
   1.3549999954   0.0018082707   0.0086381632   0.0018082707
   1.3599999954   0.0016803771   0.0083816133   0.0016803771
   1.3649999954   0.0015190468   0.0076263506   0.0015190468
   1.3699999954   0.0013603022   0.0064891851   0.0013603022
   1.3749999954   0.0012375651   0.0051218173   0.0012375651
   1.3799999954   0.0011753880   0.0036919820   0.0011753880
   1.3849999953   0.0011841724   0.0023630735   0.0011841724
   1.3899999953   0.0012572449   0.0012748832   0.0012572449
   1.3949999953   0.0013713323   0.0005279878   0.0013713323
   1.3999999953   0.0014907421   0.0001738339   0.0014907421
   1.4049999953   0.0015746001   0.0002117200   0.0015746001
   1.4099999953   0.0015856330   0.0005928146   0.0015856330
   1.4149999952   0.0014984764   0.0012302807   0.0014984764
   1.4199999952   0.0013055373   0.0020136867   0.0013055373
   1.4249999952   0.0010190309   0.0028253469   0.0010190309
   1.4299999952   0.0006687765   0.0035561258   0.0006687765
   1.4349999952   0.0002963796   0.0041185496   0.0002963796
   1.4399999952  -0.0000527453   0.0044556957  -0.0000527453
   1.4449999951  -0.0003376714   0.0045451248  -0.0003376714
   1.4499999951  -0.0005288401   0.0043979177  -0.0005288401
   1.4549999951  -0.0006123054   0.0040535448  -0.0006123054
   1.4599999951  -0.0005908395   0.0035717437  -0.0005908395
   1.4649999951  -0.0004820955   0.0030227950  -0.0004820955
   1.4699999951  -0.0003145378   0.0024775844  -0.0003145378
   1.4749999950  -0.0001220951   0.0019986794  -0.0001220951
   1.4799999950   0.0000614957   0.0016333774   0.0000614957
   1.4849999950   0.0002078257   0.0014093577   0.0002078257
   1.4899999950   0.0002977905   0.0013332041   0.0002977905
   1.4949999950   0.0003239536   0.0013917074   0.0003239536
   1.4999999950   0.0002910144   0.0015555140   0.0002910144
   1.5049999949   0.0002142958   0.0017844187   0.0002142958
   1.5099999949   0.0001164193   0.0020334323   0.0001164193
   1.5149999949   0.0000226487   0.0022587278   0.0000226487
   1.5199999949  -0.0000443058   0.0024226991  -0.0000443058
   1.5249999949  -0.0000690162   0.0024976057  -0.0000690162
   1.5299999949  -0.0000465777   0.0024675928  -0.0000465777
   1.5349999948   0.0000164101   0.0023291644   0.0000164101
   1.5399999948   0.0001034149   0.0020904000   0.0001034149
   1.5449999948   0.0001917849   0.0017692854   0.0001917849
   1.5499999948   0.0002579350   0.0013914998   0.0002579350
   1.5549999948   0.0002826958   0.0009878878   0.0002826958
   1.5599999948   0.0002555955   0.0005917379   0.0002555955
   1.5649999947   0.0001771519   0.0002359240   0.0001771519
   1.5699999947   0.0000587885  -0.0000500109   0.0000587885
   1.5749999947  -0.0000794218  -0.0002426630  -0.0000794218
   1.5799999947  -0.0002125069  -0.0003271953  -0.0002125069
   1.5849999947  -0.0003149309  -0.0002990453  -0.0003149309
   1.5899999947  -0.0003646425  -0.0001645966  -0.0003646425
   1.5949999946  -0.0003462108   0.0000593811  -0.0003462108
   1.5999999946  -0.0002527439   0.0003475229  -0.0002527439
   1.6049999946  -0.0000865724   0.0006686759  -0.0000865724
   1.6099999946   0.0001411599   0.0009893349   0.0001411599
   1.6149999946   0.0004118195   0.0012772359   0.0004118195
   1.6199999946   0.0007013705   0.0015046495   0.0007013705
   1.6249999945   0.0009830948   0.0016510108   0.0009830948
   1.6299999945   0.0012307586   0.0017046576   0.0012307586
   1.6349999945   0.0014219069   0.0016635795   0.0014219069
   1.6399999945   0.0015408194   0.0015351803   0.0015408194
   1.6449999945   0.0015805781   0.0013351267   0.0015805781
   1.6499999945   0.0015437690   0.0010854013   0.0015437690
   1.6549999944   0.0014415783   0.0008117308   0.0014415783
   1.6599999944   0.0012914101   0.0005406244   0.0012914101
   1.6649999944   0.0011135329   0.0002963330   0.0011135329
   1.6699999944   0.0009275280   0.0000981005   0.0009275280
   1.6749999944   0.0007493601  -0.0000419113   0.0007493601
   1.6799999944   0.0005897056  -0.0001197028   0.0005897056
   1.6849999943   0.0004537938  -0.0001393460   0.0004537938
   1.6899999943   0.0003425832  -0.0001117484   0.0003425832
   1.6949999943   0.0002547376  -0.0000525093   0.0002547376
   1.6999999943   0.0001886973   0.0000207244   0.0001886973
   1.7049999943   0.0001442049   0.0000909193   0.0001442049
   1.7099999943   0.0001228906   0.0001438887   0.0001228906
   1.7149999942   0.0001278642   0.0001697858   0.0001278642
   1.7199999942   0.0001625618   0.0001637441   0.0001625618
   1.7249999942   0.0002292803   0.0001257373   0.0002292803
   1.7299999942   0.0003278531   0.0000598725   0.0003278531
   1.7349999942   0.0004548018  -0.0000266224   0.0004548018
   1.7399999942   0.0006031176  -0.0001244884   0.0006031176
   1.7449999941   0.0007626490  -0.0002234625   0.0007626490
   1.7499999941   0.0009209668  -0.0003131969   0.0009209668
   1.7549999941   0.0010645454  -0.0003840912   0.0010645454
   1.7599999941   0.0011801277  -0.0004280672   0.0011801277
   1.7649999941   0.0012561733  -0.0004392800   0.0012561733
   1.7699999941   0.0012842982  -0.0004147014   0.0012842982
   1.7749999940   0.0012605763  -0.0003544669   0.0012605763
   1.7799999940   0.0011865221  -0.0002618813   0.0011865221
   1.7849999940   0.0010695411  -0.0001430226   0.0010695411
   1.7899999940   0.0009226696  -0.0000059707   0.0009226696
   1.7949999940   0.0007635301   0.0001402260   0.0007635301
   1.7999999940   0.0006125924   0.0002866731   0.0006125924
   1.8049999939   0.0004909902   0.0004256541   0.0004909902
   1.8099999939   0.0004182430   0.0005514001   0.0004182430
   1.8149999939   0.0004102336   0.0006605116   0.0004102336
   1.8199999939   0.0004776906   0.0007520083   0.0004776906
   1.8249999939   0.0006252700   0.0008270343   0.0006252700
   1.8299999939   0.0008511829   0.0008882809   0.0008511829
   1.8349999938   0.0011472516   0.0009392072   0.0011472516
   1.8399999938   0.0014993068   0.0009831552   0.0014993068
   1.8449999938   0.0018879533   0.0010224785   0.0018879533
   1.8499999938   0.0022898464   0.0010578313   0.0022898464
   1.8549999938   0.0026796651   0.0010877749   0.0026796651
   1.8599999938   0.0030328637   0.0011088378   0.0030328637
   1.8649999937   0.0033290443   0.0011160890   0.0033290443
   1.8699999937   0.0035554687   0.0011041599   0.0035554687
   1.8749999937   0.0037099538   0.0010685072   0.0037099538
   1.8799999937   0.0038022872   0.0010065887   0.0038022872
   1.8849999937   0.0038534540   0.0009185817   0.0038534540
   1.8899999937   0.0038923903   0.0008073411   0.0038923903
   1.8949999936   0.0039505778   0.0006774764   0.0039505778
   1.8999999936   0.0040554156   0.0005336812   0.0040554156
   1.9049999936   0.0042237449   0.0003787087   0.0042237449
   1.9099999936   0.0044570236   0.0002115689   0.0044570236
   1.9149999936   0.0047393673   0.0000265545   0.0047393673
   1.9199999936   0.0050390558  -0.0001864413   0.0050390558
   1.9249999935   0.0053132881  -0.0004401566   0.0053132881
   1.9299999935   0.0055151826  -0.0007469702   0.0055151826
   1.9349999935   0.0056014642  -0.0011152849   0.0056014642
   1.9399999935   0.0055391200  -0.0015461211   0.0055391200
   1.9449999935   0.0053095849  -0.0020307977   0.0053095849
   1.9499999935   0.0049096639  -0.0025503775   0.0049096639
   1.9549999934   0.0043492490  -0.0030771768   0.0043492490
   1.9599999934   0.0036467152  -0.0035781541   0.0036467152
   1.9649999934   0.0028234714  -0.0040195338   0.0028234714
   1.9699999934   0.0018993354  -0.0043717123   0.0018993354
   1.9749999934   0.0008901483  -0.0046134053   0.0008901483
   1.9799999934  -0.0001916061  -0.0047341675  -0.0001916061
   1.9849999933  -0.0013332854  -0.0047347954  -0.0013332854
   1.9899999933  -0.0025166710  -0.0046256273  -0.0025166710
   1.9949999933  -0.0037122912  -0.0044232446  -0.0037122912
   1.9999999933  -0.0048753640  -0.0041464463  -0.0048753640
   2.0049999933  -0.0059449739  -0.0038125048  -0.0059449739
   2.0099999933  -0.0068473641  -0.0034346025  -0.0068473641
   2.0149999932  -0.0075032066  -0.0030210047  -0.0075032066
   2.0199999932  -0.0078376480  -0.0025760470  -0.0078376480
   2.0249999932  -0.0077911135  -0.0021025174  -0.0077911135
   2.0299999932  -0.0073285181  -0.0016046342  -0.0073285181
   2.0349999932  -0.0064448002  -0.0010906544  -0.0064448002
   2.0399999931  -0.0051655234  -0.0005742494  -0.0051655234
   2.0449999931  -0.0035424788  -0.0000741294  -0.0035424788
   2.0499999931  -0.0016454597   0.0003881008  -0.0016454597
   2.0549999931   0.0004476844   0.0007913554   0.0004476844
   2.0599999931   0.0026602364   0.0011188571   0.0026602364
   2.0649999931   0.0049228904   0.0013612703   0.0049228904
   2.0699999930   0.0071758964   0.0015182950   0.0071758964
   2.0749999930   0.0093671210   0.0015982548   0.0093671210
   2.0799999930   0.0114473142   0.0016157770   0.0114473142
   2.0849999930   0.0133647029   0.0015882062   0.0133647029
   2.0899999930   0.0150612022   0.0015317619   0.0150612022
   2.0949999930   0.0164719817   0.0014585174   0.0164719817
   2.0999999929   0.0175290276   0.0013750234   0.0175290276
   2.1049999929   0.0181680338   0.0012828980   0.0181680338
   2.1099999929   0.0183368573   0.0011810967   0.0183368573
   2.1149999929   0.0180032229   0.0010690668   0.0180032229
   2.1199999929   0.0171595436   0.0009497173   0.0171595436
   2.1249999929   0.0158235646   0.0008312040   0.0158235646
   2.1299999928   0.0140347838   0.0007269059   0.0140347838
   2.1349999928   0.0118478449   0.0006535392   0.0118478449
   2.1399999928   0.0093249582   0.0006279400   0.0093249582
   2.1449999928   0.0065296042   0.0006634602   0.0065296042
   2.1499999928   0.0035232735   0.0007670355   0.0035232735
   2.1549999928   0.0003659556   0.0009377686   0.0003659556
   2.1599999927  -0.0028801588   0.0011673964  -0.0028801588
   2.1649999927  -0.0061453551   0.0014424280  -0.0061453551
   2.1699999927  -0.0093475962   0.0017472451  -0.0093475962
   2.1749999927  -0.0123902856   0.0020671915  -0.0123902856
   2.1799999927  -0.0151639070   0.0023907259  -0.0151639070
   2.1849999927  -0.0175517626   0.0027100537  -0.0175517626
   2.1899999926  -0.0194389003   0.0030201610  -0.0194389003
   2.1949999926  -0.0207224851   0.0033166956  -0.0207224851
   2.1999999926  -0.0213215526   0.0035935004  -0.0213215526
   2.2049999926  -0.0211843471   0.0038406982  -0.0211843471
   2.2099999926  -0.0202921681   0.0040440426  -0.0202921681
   2.2149999926  -0.0186595903   0.0041858379  -0.0186595903
   2.2199999925  -0.0163317854   0.0042472462  -0.0163317854
   2.2249999925  -0.0133802217   0.0042113819  -0.0133802217
   2.2299999925  -0.0098981129   0.0040663735  -0.0098981129
   2.2349999925  -0.0059966471   0.0038076051  -0.0059966471
   2.2399999925  -0.0018023972   0.0034386064  -0.0018023972
   2.2449999925   0.0025443880   0.0029704614   0.0025443880
   2.2499999924   0.0068914536   0.0024200083   0.0068914536
   2.2549999924   0.0110772355   0.0018073984   0.0110772355
   2.2599999924   0.0149354811   0.0011536883   0.0149354811
   2.2649999924   0.0183022047   0.0004790410   0.0183022047
   2.2699999924   0.0210247197  -0.0001981487   0.0210247197
   2.2749999924   0.0229718393  -0.0008612080   0.0229718393
   2.2799999923   0.0240438907  -0.0014945182   0.0240438907
   2.2849999923   0.0241810610  -0.0020826928   0.0241810610
   2.2899999923   0.0233688150  -0.0026100814   0.0233688150
   2.2949999923   0.0216396309  -0.0030609400   0.0216396309
   2.2999999923   0.0190709460  -0.0034203655   0.0190709460
   2.3049999923   0.0157798244  -0.0036758312   0.0157798244
   2.3099999922   0.0119152952  -0.0038189538   0.0119152952
   2.3149999922   0.0076494801  -0.0038470298   0.0076494801
   2.3199999922   0.0031685106  -0.0037639233   0.0031685106
   2.3249999922  -0.0013360871  -0.0035800521  -0.0013360871
   2.3299999922  -0.0056752697  -0.0033114418  -0.0056752697
   2.3349999922  -0.0096696937  -0.0029780480  -0.0096696937
   2.3399999921  -0.0131565229  -0.0026017062  -0.0131565229
   2.3449999921  -0.0159960374  -0.0022041221  -0.0159960374
   2.3499999921  -0.0180780203  -0.0018052581  -0.0180780203
   2.3549999921  -0.0193275862  -0.0014223177  -0.0193275862
   2.3599999921  -0.0197098327  -0.0010693468  -0.0197098327
   2.3649999921  -0.0192325791  -0.0007573013  -0.0192325791
   2.3699999920  -0.0179465552  -0.0004943378  -0.0179465552
   2.3749999920  -0.0159427099  -0.0002860824  -0.0159427099
   2.3799999920  -0.0133467420  -0.0001357183  -0.0133467420
   2.3849999920  -0.0103113839  -0.0000438691  -0.0103113839
   2.3899999920  -0.0070072738  -0.0000083903  -0.0070072738
   2.3949999920  -0.0036133503  -0.0000242614  -0.0036133503
   2.3999999919  -0.0003075851  -0.0000837793  -0.0003075851
   2.4049999919   0.0027414003  -0.0001771674   0.0027414003
   2.4099999919   0.0053816032  -0.0002935862   0.0053816032
   2.4149999919   0.0074838082  -0.0004223887   0.0074838082
   2.4199999919   0.0089467638  -0.0005543703   0.0089467638
   2.4249999919   0.0097014115  -0.0006827469   0.0097014115
   2.4299999918   0.0097140344  -0.0008036669   0.0097140344
   2.4349999918   0.0089880089  -0.0009161988   0.0089880089
   2.4399999918   0.0075637510  -0.0010218886   0.0075637510
   2.4449999918   0.0055165242  -0.0011240955   0.0055165242
   2.4499999918   0.0029520155  -0.0012273571   0.0029520155
   2.4549999918  -0.0000000688  -0.0013369812  -0.0000000688
   2.4599999917  -0.0031937894  -0.0014589389  -0.0031937894
   2.4649999917  -0.0064753191  -0.0015999870  -0.0064753191
   2.4699999917  -0.0096909886  -0.0017678240  -0.0096909886
   2.4749999917  -0.0126943461  -0.0019710450  -0.0126943461
   2.4799999917  -0.0153518627  -0.0022187014  -0.0153518627
   2.4849999917  -0.0175472760  -0.0025194062  -0.0175472760
   2.4899999916  -0.0191848442  -0.0028800800  -0.0191848442
   2.4949999916  -0.0201918988  -0.0033045751  -0.0201918988
   2.4999999916  -0.0205210140  -0.0037924809  -0.0205210140
   2.5049999916  -0.0201518836  -0.0043383822  -0.0201518836
   2.5099999916  -0.0190927333  -0.0049317285  -0.0190927333
   2.5149999916  -0.0173808749  -0.0055573058  -0.0173808749
   2.5199999915  -0.0150819483  -0.0061961534  -0.0150819483
   2.5249999915  -0.0122875029  -0.0068266715  -0.0122875029
   2.5299999915  -0.0091108260  -0.0074256669  -0.0091108260
   2.5349999915  -0.0056812450  -0.0079691625  -0.0056812450
   2.5399999915  -0.0021374067  -0.0084329372  -0.0021374067
   2.5449999915   0.0013798014  -0.0087928922   0.0013798014
   2.5499999914   0.0047340348  -0.0090254271   0.0047340348
   2.5549999914   0.0077994777  -0.0091080145   0.0077994777
   2.5599999914   0.0104657691  -0.0090200818   0.0104657691
   2.5649999914   0.0126418449  -0.0087441853   0.0126418449
   2.5699999914   0.0142588382  -0.0082673297   0.0142588382
   2.5749999914   0.0152722243  -0.0075822023   0.0152722243
   2.5799999913   0.0156633280  -0.0066880835   0.0156633280
   2.5849999913   0.0154401720  -0.0055912644   0.0154401720
   2.5899999913   0.0146374997  -0.0043049287   0.0146374997
   2.5949999913   0.0133157212  -0.0028485845   0.0133157212
   2.5999999913   0.0115585467  -0.0012472241   0.0115585467
   2.6049999913   0.0094691931   0.0004695826   0.0094691931
   2.6099999912   0.0071652388   0.0022685120   0.0071652388
   2.6149999912   0.0047724174   0.0041131731   0.0047724174
   2.6199999912   0.0024178036   0.0059647128   0.0024178036
   2.6249999912   0.0002229345   0.0077824700   0.0002229345
   2.6299999912  -0.0017026122   0.0095248218  -0.0017026122
   2.6349999912  -0.0032667598   0.0111503117  -0.0032667598
   2.6399999911  -0.0043993195   0.0126190537  -0.0043993195
   2.6449999911  -0.0050550967   0.0138943030  -0.0050550967
   2.6499999911  -0.0052156966   0.0149440137  -0.0052156966
   2.6549999911  -0.0048900612   0.0157421867  -0.0048900612
   2.6599999911  -0.0041137672   0.0162698559  -0.0041137672
   2.6649999911  -0.0029470912   0.0165156407  -0.0029470912
   2.6699999910  -0.0014718350   0.0164758849  -0.0014718350
   2.6749999910   0.0002130696   0.0161544686   0.0002130696
   2.6799999910   0.0019970770   0.0155624064   0.0019970770
   2.6849999910   0.0037644452   0.0147173292   0.0037644452
   2.6899999910   0.0054011967   0.0136428995   0.0054011967
   2.6949999909   0.0068021559   0.0123681605   0.0068021559
   2.6999999909   0.0078775377   0.0109267812   0.0078775377
   2.7049999909   0.0085585764   0.0093561510   0.0085585764
   2.7099999909   0.0088017722   0.0076962928   0.0088017722
   2.7149999909   0.0085914638   0.0059886050   0.0085914638
   2.7199999909   0.0079405947   0.0042744765   0.0079405947
   2.7249999908   0.0068896809   0.0025938595   0.0068896809
   2.7299999908   0.0055041087   0.0009838988   0.0055041087
   2.7349999908   0.0038699680  -0.0005222805   0.0038699680
   2.7399999908   0.0020886804  -0.0018965378   0.0020886804
   2.7449999908   0.0002707196  -0.0031163690   0.0002707196
   2.7499999908  -0.0014712464  -0.0041652152  -0.0014712464
   2.7549999907  -0.0030294201  -0.0050324330  -0.0030294201
   2.7599999907  -0.0043077377  -0.0057129703  -0.0043077377
   2.7649999907  -0.0052280976  -0.0062068235  -0.0052280976
   2.7699999907  -0.0057355184  -0.0065183720  -0.0057355184
   2.7749999907  -0.0058018390  -0.0066556854  -0.0058018390
   2.7799999907  -0.0054276558  -0.0066298840  -0.0054276558
   2.7849999906  -0.0046423264  -0.0064545934  -0.0046423264
   2.7899999906  -0.0035020207  -0.0061454987  -0.0035020207
   2.7949999906  -0.0020859595  -0.0057199651  -0.0020859595
   2.7999999906  -0.0004911221  -0.0051966764  -0.0004911221
   2.8049999906   0.0011741877  -0.0045952468   0.0011741877
   2.8099999906   0.0027974646  -0.0039357805   0.0027974646
   2.8149999905   0.0042693353  -0.0032383881   0.0042693353
   2.8199999905   0.0054906405  -0.0025226942   0.0054906405
   2.8249999905   0.0063788328  -0.0018073824   0.0063788328
   2.8299999905   0.0068733103  -0.0011098231   0.0068733103
   2.8349999905   0.0069393641  -0.0004458062   0.0069393641
   2.8399999905   0.0065704823   0.0001706246   0.0065704823
   2.8449999904   0.0057888380   0.0007272607   0.0057888380
   2.8499999904   0.0046438873   0.0012137789   0.0046438873
   2.8549999904   0.0032091245   0.0016217897   0.0032091245
   2.8599999904   0.0015771800   0.0019449030   0.0015771800
   2.8649999904  -0.0001464201   0.0021788195  -0.0001464201
   2.8699999904  -0.0018503892   0.0023214326  -0.0018503892
   2.8749999903  -0.0034251876   0.0023729211  -0.0034251876
   2.8799999903  -0.0047703427   0.0023358062  -0.0047703427
   2.8849999903  -0.0058010544   0.0022149500  -0.0058010544
   2.8899999903  -0.0064536292   0.0020174770  -0.0064536292
   2.8949999903  -0.0066894044   0.0017526068  -0.0066894044
   2.8999999903  -0.0064969508   0.0014313913  -0.0064969508
   2.9049999902  -0.0058924735   0.0010663635  -0.0058924735
   2.9099999902  -0.0049184423   0.0006711105  -0.0049184423
   2.9149999902  -0.0036405830   0.0002598011  -0.0036405830
   2.9199999902  -0.0021434388  -0.0001532981  -0.0021434388
   2.9249999902  -0.0005247846  -0.0005542818  -0.0005247846
   2.9299999902   0.0011107599  -0.0009300158   0.0011107599
   2.9349999901   0.0026585199  -0.0012684903   0.0026585199
   2.9399999901   0.0040205204  -0.0015591325   0.0040205204
   2.9449999901   0.0051117658  -0.0017931075   0.0051117658
   2.9499999901   0.0058656263  -0.0019636349   0.0058656263
   2.9549999901   0.0062379841  -0.0020663302   0.0062379841
   2.9599999901   0.0062098801  -0.0020995470   0.0062098801
   2.9649999900   0.0057885160  -0.0020646598   0.0057885160
   2.9699999900   0.0050065722  -0.0019662049   0.0050065722
   2.9749999900   0.0039198992  -0.0018117973   0.0039198992
   2.9799999900   0.0026037277  -0.0016117696   0.0026037277
   2.9849999900   0.0011476170  -0.0013785337   0.0011476170
   2.9899999900  -0.0003505645  -0.0011257239  -0.0003505645
   2.9949999899  -0.0017912553  -0.0008672316  -0.0017912553
   2.9999999899  -0.0030799691  -0.0006162656  -0.0030799691
   3.0049999899  -0.0041337209  -0.0003845581  -0.0041337209
   3.0099999899  -0.0048866041  -0.0001817999  -0.0048866041
   3.0149999899  -0.0052940618  -0.0000153246  -0.0052940618
   3.0199999899  -0.0053355106   0.0001099893  -0.0053355106
   3.0249999898  -0.0050151401   0.0001916686  -0.0050151401
   3.0299999898  -0.0043609058   0.0002295236  -0.0043609058
   3.0349999898  -0.0034219079   0.0002255090  -0.0034219079
   3.0399999898  -0.0022644796   0.0001835839  -0.0022644796
   3.0449999898  -0.0009673725   0.0001095459  -0.0009673725
   3.0499999898   0.0003835783   0.0000107914   0.0003835783
   3.0549999897   0.0017009700  -0.0001040510   0.0017009700
   3.0599999897   0.0029012472  -0.0002256394   0.0029012472
   3.0649999897   0.0039097801  -0.0003445755   0.0039097801
   3.0699999897   0.0046653798  -0.0004521432   0.0046653798
   3.0749999897   0.0051240153  -0.0005410359   0.0051240153
   3.0799999897   0.0052614879  -0.0006059691   0.0052614879
   3.0849999896   0.0050748325  -0.0006440895   0.0050748325
   3.0899999896   0.0045822791  -0.0006551213   0.0045822791
   3.0949999896   0.0038217244  -0.0006412384   0.0038217244
   3.0999999896   0.0028478086  -0.0006066928   0.0028478086
   3.1049999896   0.0017278447  -0.0005572622   0.0017278447
   3.1099999896   0.0005369635  -0.0004995982   0.0005369635
   3.1149999895  -0.0006471059  -0.0004405572  -0.0006471059
   3.1199999895  -0.0017492053  -0.0003865869  -0.0017492053
   3.1249999895  -0.0027015166  -0.0003432243  -0.0027015166
   3.1299999895  -0.0034476590  -0.0003147420  -0.0034476590
   3.1349999895  -0.0039459322  -0.0003039591  -0.0039459322
   3.1399999895  -0.0041715765  -0.0003122142  -0.0041715765
   3.1449999894  -0.0041179588  -0.0003394759  -0.0041179588
   3.1499999894  -0.0037966206  -0.0003845455  -0.0037966206
   3.1549999894  -0.0032361554  -0.0004452960  -0.0032361554
   3.1599999894  -0.0024799517  -0.0005188847  -0.0024799517
   3.1649999894  -0.0015829311  -0.0006018954  -0.0015829311
   3.1699999894  -0.0006075210  -0.0006903928  -0.0006075210
   3.1749999893   0.0003807975  -0.0007799129   0.0003807975
   3.1799999893   0.0013179751  -0.0008654508   0.0013179751
   3.1849999893   0.0021455302  -0.0009415240   0.0021455302
   3.1899999893   0.0028140291  -0.0010023838   0.0028140291
   3.1949999893   0.0032857225  -0.0010424061   0.0032857225
   3.1999999893   0.0035362792  -0.0010566359   0.0035362792
   3.2049999892   0.0035556543  -0.0010413966   0.0035556543
   3.2099999892   0.0033481763  -0.0009948350   0.0033481763
   3.2149999892   0.0029319283  -0.0009172677   0.0029319283
   3.2199999892   0.0023374631  -0.0008112321   0.0023374631
   3.2249999892   0.0016058548  -0.0006812157   0.0016058548
   3.2299999892   0.0007860965  -0.0005331179   0.0007860965
   3.2349999891  -0.0000680925  -0.0003735654  -0.0000680925
   3.2399999891  -0.0009018857  -0.0002092310  -0.0009018857
   3.2449999891  -0.0016631191  -0.0000462893  -0.0016631191
   3.2499999891  -0.0023058567   0.0001099112  -0.0023058567
   3.2549999891  -0.0027933865   0.0002549534  -0.0027933865
   3.2599999891  -0.0031003495   0.0003852920  -0.0031003495
   3.2649999890  -0.0032138439   0.0004981253  -0.0032138439
   3.2699999890  -0.0031335090   0.0005912903  -0.0031335090
   3.2749999890  -0.0028707389   0.0006632369  -0.0028707389
   3.2799999890  -0.0024472577   0.0007130872  -0.0024472577
   3.2849999890  -0.0018932925   0.0007407365  -0.0018932925
   3.2899999890  -0.0012455235   0.0007469323  -0.0012455235
   3.2949999889  -0.0005449033   0.0007332713  -0.0005449033
   3.2999999889   0.0001656309   0.0007020895   0.0001656309
   3.3049999889   0.0008435478   0.0006562602   0.0008435478
   3.3099999889   0.0014491729   0.0005989477   0.0014491729
   3.3149999889   0.0019480783   0.0005333779   0.0019480783
   3.3199999889   0.0023132162   0.0004626726   0.0023132162
   3.3249999888   0.0025265597   0.0003897645   0.0025265597
   3.3299999888   0.0025800510   0.0003173777   0.0025800510
   3.3349999888   0.0024757473   0.0002480349   0.0024757473
   3.3399999888   0.0022251907   0.0001840515   0.0022251907
   3.3449999888   0.0018481524   0.0001274928   0.0018481524
   3.3499999888   0.0013709772   0.0000800968   0.0013709772
   3.3549999887   0.0008247582   0.0000431911   0.0008247582
   3.3599999887   0.0002435119   0.0000176341   0.0002435119
   3.3649999887  -0.0003375767   0.0000038077  -0.0003375767
   3.3699999887  -0.0008838503   0.0000016565  -0.0008838503
   3.3749999887  -0.0013628712   0.0000107499  -0.0013628712
   3.3799999886  -0.0017461360   0.0000303257  -0.0017461360
   3.3849999886  -0.0020107641   0.0000592832  -0.0020107641
   3.3899999886  -0.0021410207   0.0000961222  -0.0021410207
   3.3949999886  -0.0021294718   0.0001388561  -0.0021294718
   3.3999999886  -0.0019775678   0.0001849606  -0.0019775678
   3.4049999886  -0.0016955245   0.0002314223  -0.0016955245
   3.4099999885  -0.0013014882   0.0002749281  -0.0013014882
   3.4149999885  -0.0008201034   0.0003121943  -0.0008201034
   3.4199999885  -0.0002806949   0.0003403745  -0.0002806949
   3.4249999885   0.0002846941   0.0003574497   0.0002846941
   3.4299999885   0.0008432108   0.0003624919   0.0008432108
   3.4349999885   0.0013629378   0.0003557195   0.0013629378
   3.4399999884   0.0018144596   0.0003383234   0.0018144596
   3.4449999884   0.0021722961   0.0003121097   0.0021722961
   3.4499999884   0.0024162461   0.0002790597   0.0024162461
   3.4549999884   0.0025326303   0.0002409332   0.0025326303
   3.4599999884   0.0025153364   0.0001990171   0.0025153364
   3.4649999884   0.0023665025   0.0001540716   0.0023665025
   3.4699999883   0.0020966548   0.0001064554   0.0020966548
   3.4749999883   0.0017241700   0.0000563562   0.0017241700
   3.4799999883   0.0012740402   0.0000040248   0.0012740402
   3.4849999883   0.0007760514  -0.0000500756   0.0007760514
   3.4899999883   0.0002625968  -0.0001052483   0.0002625968
   3.4949999883  -0.0002336048  -0.0001606591  -0.0002336048
   3.4999999882  -0.0006816362  -0.0002154888  -0.0006816362
   3.5049999882  -0.0010541917  -0.0002690662  -0.0010541917
   3.5099999882  -0.0013290072  -0.0003209189  -0.0013290072
   3.5149999882  -0.0014899406  -0.0003707234  -0.0014899406
   3.5199999882  -0.0015277630  -0.0004181797  -0.0015277630
   3.5249999882  -0.0014407016  -0.0004628732  -0.0014407016
   3.5299999881  -0.0012347091  -0.0005041886  -0.0012347091
   3.5349999881  -0.0009233700  -0.0005413201  -0.0009233700
   3.5399999881  -0.0005273234  -0.0005733766  -0.0005273234
   3.5449999881  -0.0000731125  -0.0005995412  -0.0000731125
   3.5499999881   0.0004085425  -0.0006192180   0.0004085425
   3.5549999881   0.0008849266  -0.0006321079   0.0008849266
   3.5599999880   0.0013237436  -0.0006381844   0.0013237436
   3.5649999880   0.0016954721  -0.0006375850   0.0016954721
   3.5699999880   0.0019753967  -0.0006304714   0.0019753967
   3.5749999880   0.0021451230  -0.0006169250   0.0021451230
   3.5799999880   0.0021935093  -0.0005969294   0.0021935093
   3.5849999880   0.0021170557  -0.0005704543   0.0021170557
   3.5899999879   0.0019198639  -0.0005376095   0.0019198639
   3.5949999879   0.0016132843  -0.0004988088   0.0016132843
   3.5999999879   0.0012153206  -0.0004548748   0.0012153206
   3.6049999879   0.0007497925  -0.0004070419   0.0007497925
   3.6099999879   0.0002451991  -0.0003568552   0.0002451991
   3.6149999879  -0.0002667773  -0.0003060043  -0.0002667773
   3.6199999878  -0.0007531432  -0.0002561585  -0.0007531432
   3.6249999878  -0.0011817629  -0.0002088645  -0.0011817629
   3.6299999878  -0.0015236479  -0.0001655366  -0.0015236479
   3.6349999878  -0.0017551251  -0.0001275277  -0.0017551251
   3.6399999878  -0.0018596298  -0.0000962253  -0.0018596298
   3.6449999878  -0.0018289263  -0.0000731051  -0.0018289263
   3.6499999877  -0.0016636586  -0.0000596841  -0.0016636586
   3.6549999877  -0.0013732414  -0.0000573569  -0.0013732414
   3.6599999877  -0.0009751855  -0.0000671490  -0.0009751855
   3.6649999877  -0.0004939873  -0.0000894573  -0.0004939873
   3.6699999877   0.0000403050  -0.0001238640   0.0000403050
   3.6749999877   0.0005937797  -0.0001690867   0.0005937797
   3.6799999876   0.0011305782  -0.0002230860   0.0011305782
   3.6849999876   0.0016150259  -0.0002832973   0.0016150259
   3.6899999876   0.0020139303  -0.0003469153   0.0020139303
   3.6949999876   0.0022989340  -0.0004111505   0.0022989340
   3.6999999876   0.0024487293  -0.0004733942   0.0024487293
   3.7049999876   0.0024508943  -0.0005312773   0.0024508943
   3.7099999875   0.0023031093  -0.0005826499   0.0023031093
   3.7149999875   0.0020135735  -0.0006255444   0.0020135735
   3.7199999875   0.0016005528  -0.0006581858   0.0016005528
   3.7249999875   0.0010911110  -0.0006790883   0.0010911110
   3.7299999875   0.0005191836  -0.0006872319   0.0005191836
   3.7349999875  -0.0000767920  -0.0006822722  -0.0000767920
   3.7399999874  -0.0006564705  -0.0006647081  -0.0006564705
   3.7449999874  -0.0011802392  -0.0006359411  -0.0011802392
   3.7499999874  -0.0016117787  -0.0005981868  -0.0016117787
   3.7549999874  -0.0019204566  -0.0005542488  -0.0019204566
   3.7599999874  -0.0020834713  -0.0005072042  -0.0020834713
   3.7649999874  -0.0020876366  -0.0004600772  -0.0020876366
   3.7699999873  -0.0019306575  -0.0004155665  -0.0019306575
   3.7749999873  -0.0016217209  -0.0003758710  -0.0016217209
   3.7799999873  -0.0011812453  -0.0003426159  -0.0011812453
   3.7849999873  -0.0006397015  -0.0003168488  -0.0006397015
   3.7899999873  -0.0000355305  -0.0002990639  -0.0000355305
   3.7949999873   0.0005876837  -0.0002892176   0.0005876837
   3.7999999872   0.0011845172  -0.0002867264   0.0011845172
   3.8049999872   0.0017111543  -0.0002904664   0.0017111543
   3.8099999872   0.0021286485  -0.0002988098   0.0021286485
   3.8149999872   0.0024057221  -0.0003097365   0.0024057221
   3.8199999872   0.0025209196  -0.0003210319   0.0025209196
   3.8249999872   0.0024640212  -0.0003305517   0.0024640212
   3.8299999871   0.0022366942  -0.0003365045   0.0022366942
   3.8349999871   0.0018523953  -0.0003376854   0.0018523953
   3.8399999871   0.0013355452  -0.0003336053   0.0013355452
   3.8449999871   0.0007200020  -0.0003244868   0.0007200020
   3.8499999871   0.0000468704  -0.0003111399   0.0000468704
   3.8549999871  -0.0006382709  -0.0002947612  -0.0006382709
   3.8599999870  -0.0012885766  -0.0002767189  -0.0012885766
   3.8649999870  -0.0018593497  -0.0002583772  -0.0018593497
   3.8699999870  -0.0023113777  -0.0002409901  -0.0023113777
   3.8749999870  -0.0026138807  -0.0002256577  -0.0026138807
   3.8799999870  -0.0027467889  -0.0002133129  -0.0027467889
   3.8849999870  -0.0027021486  -0.0002046974  -0.0027021486
   3.8899999869  -0.0024845588  -0.0002002978  -0.0024845588
   3.8949999869  -0.0021106538  -0.0002002408  -0.0021106538
   3.8999999869  -0.0016077358  -0.0002041772  -0.0016077358
   3.9049999869  -0.0010117132  -0.0002112065  -0.0010117132
   3.9099999869  -0.0003645221  -0.0002198882  -0.0003645221
   3.9149999869   0.0002887989  -0.0002283687   0.0002887989
   3.9199999868   0.0009032167  -0.0002346129   0.0009032167
   3.9249999868   0.0014368299  -0.0002366921   0.0014368299
   3.9299999868   0.0018538304  -0.0002330629   0.0018538304
   3.9349999868   0.0021270998  -0.0002227667   0.0021270998
   3.9399999868   0.0022402228  -0.0002055084   0.0022402228
   3.9449999868   0.0021887222  -0.0001816068   0.0021887222
   3.9499999867   0.0019803712  -0.0001518494   0.0019803712
   3.9549999867   0.0016345332  -0.0001173044   0.0016345332
   3.9599999867   0.0011805826  -0.0000791477   0.0011805826
   3.9649999867   0.0006555706  -0.0000385433   0.0006555706
   3.9699999867   0.0001013654   0.0000034122   0.0001013654
   3.9749999867  -0.0004384640   0.0000456983  -0.0004384640
   3.9799999866  -0.0009217722   0.0000873622  -0.0009217722
   3.9849999866  -0.0013107579   0.0001275218  -0.0013107579
   3.9899999866  -0.0015745268   0.0001653911  -0.0015745268
   3.9949999866  -0.0016911815   0.0002003184  -0.0016911815
   3.9999999866  -0.0016493542   0.0002318103  -0.0016493542
   4.0049999866  -0.0014490983   0.0002595154  -0.0014490983
   4.0099999865  -0.0011020664   0.0002831532  -0.0011020664
   4.0149999865  -0.0006309084   0.0003024005  -0.0006309084
   4.0199999865  -0.0000678716   0.0003167681  -0.0000678716
   4.0249999865   0.0005473570   0.0003255150   0.0005473570
   4.0299999865   0.0011704375   0.0003276416   0.0011704375
   4.0349999864   0.0017555864   0.0003219825   0.0017555864
   4.0399999864   0.0022589403   0.0003073896   0.0022589403
   4.0449999864   0.0026417864   0.0002829650   0.0026417864
   4.0499999864   0.0028733905   0.0002482898   0.0028733905
   4.0549999864   0.0029332082   0.0002035941   0.0029332082
   4.0599999864   0.0028123395   0.0001498313   0.0028123395
   4.0649999863   0.0025141585   0.0000886492   0.0025141585
   4.0699999863   0.0020541152   0.0000222744   0.0020541152
   4.0749999863   0.0014587456  -0.0000466549   0.0014587456
   4.0799999863   0.0007639612  -0.0001152737   0.0007639612
   4.0849999863   0.0000127129  -0.0001806671   0.0000127129
   4.0899999863  -0.0007478475  -0.0002400322  -0.0007478475
   4.0949999862  -0.0014695441  -0.0002908298  -0.0014695441
   4.0999999862  -0.0021064896  -0.0003309350  -0.0021064896
   4.1049999862  -0.0026182959  -0.0003587856  -0.0026182959
   4.1099999862  -0.0029729307  -0.0003735150  -0.0029729307
   4.1149999862  -0.0031489817  -0.0003750393  -0.0031489817
   4.1199999862  -0.0031371396  -0.0003640686  -0.0031371396
   4.1249999861  -0.0029407822  -0.0003420179  -0.0029407822
   4.1299999861  -0.0025756271  -0.0003108220  -0.0025756271
   4.1349999861  -0.0020685042  -0.0002726800  -0.0020685042
   4.1399999861  -0.0014553640  -0.0002297828  -0.0014553640
   4.1449999861  -0.0007786840  -0.0001840799  -0.0007786840
   4.1499999861  -0.0000844568  -0.0001371334  -0.0000844568
   4.1549999860   0.0005810417  -0.0000900807   0.0005810417
   4.1599999860   0.0011745029  -0.0000436953   0.0011745029
   4.1649999860   0.0016586476   0.0000014897   0.0016586476
   4.1699999860   0.0020048861   0.0000450449   0.0020048861
   4.1749999860   0.0021953734   0.0000865371   0.0021953734
   4.1799999860   0.0022242721   0.0001254747   0.0022242721
   4.1849999859   0.0020980929   0.0001613079   0.0020980929
   4.1899999859   0.0018350507   0.0001934627   0.0018350507
   4.1949999859   0.0014634719   0.0002213838   0.0014634719
   4.1999999859   0.0010193855   0.0002445634   0.0010193855
   4.2049999859   0.0005435130   0.0002625508   0.0005435130
   4.2099999859   0.0000779308   0.0002749496   0.0000779308
   4.2149999858  -0.0003373014   0.0002814217  -0.0003373014
   4.2199999858  -0.0006672699   0.0002817121  -0.0006672699
   4.2249999858  -0.0008848559   0.0002757016  -0.0008848559
   4.2299999858  -0.0009727247   0.0002634742  -0.0009727247
   4.2349999858  -0.0009245372   0.0002453762  -0.0009245372
   4.2399999858  -0.0007453198   0.0002220393  -0.0007453198
   4.2449999857  -0.0004509863   0.0001943480  -0.0004509863
   4.2499999857  -0.0000670498   0.0001633511  -0.0000670498
   4.2549999857   0.0003733850   0.0001301323   0.0003733850
   4.2599999857   0.0008322084   0.0000956757   0.0008322084
   4.2649999857   0.0012692846   0.0000607607   0.0012692846
   4.2699999857   0.0016455973   0.0000259147   0.0016455973
   4.2749999856   0.0019263139  -0.0000085662   0.0019263139
   4.2799999856   0.0020835246  -0.0000425404   0.0020835246
   4.2849999856   0.0020984394  -0.0000759150   0.0020984394
   4.2899999856   0.0019628776  -0.0001085433   0.0019628776
   4.2949999856   0.0016799494  -0.0001401534   0.0016799494
   4.2999999856   0.0012638953  -0.0001703196   0.0012638953
   4.3049999855   0.0007391192  -0.0001984735   0.0007391192
   4.3099999855   0.0001384987  -0.0002239367   0.0001384987
   4.3149999855  -0.0004988982  -0.0002459587  -0.0004988982
   4.3199999855  -0.0011305314  -0.0002637435  -0.0011305314
   4.3249999855  -0.0017133610  -0.0002764660  -0.0017133610
   4.3299999855  -0.0022068759  -0.0002832881  -0.0022068759
   4.3349999854  -0.0025759709  -0.0002833899  -0.0025759709
   4.3399999854  -0.0027934667  -0.0002760319  -0.0027934667
   4.3449999854  -0.0028420834  -0.0002606478  -0.0028420834
   4.3499999854  -0.0027157129  -0.0002369587  -0.0027157129
   4.3549999854  -0.0024198891  -0.0002050830  -0.0024198891
   4.3599999854  -0.0019714232  -0.0001656151  -0.0019714232
   4.3649999853  -0.0013972414  -0.0001196491  -0.0013972414
   4.3699999853  -0.0007325303  -0.0000687370  -0.0007325303
   4.3749999853  -0.0000183461  -0.0000147882  -0.0000183461
   4.3799999853   0.0007011269   0.0000400718   0.0007011269
   4.3849999853   0.0013814738   0.0000936559   0.0013814738
   4.3899999853   0.0019809168   0.0001438591   0.0019809168
   4.3949999852   0.0024629832   0.0001887737   0.0024629832
   4.3999999852   0.0027988280   0.0002267688   0.0027988280
   4.4049999852   0.0029690801   0.0002565364   0.0029690801
   4.4099999852   0.0029651040   0.0002771129   0.0029651040
   4.4149999852   0.0027895877   0.0002878844   0.0027895877
   4.4199999852   0.0024563959   0.0002885838   0.0024563959
   4.4249999851   0.0019896705   0.0002792843   0.0019896705
   4.4299999851   0.0014222099   0.0002603911   0.0014222099
   4.4349999851   0.0007932197   0.0002326310   0.0007932197
   4.4399999851   0.0001455856   0.0001970424   0.0001455856
   4.4449999851  -0.0004771322   0.0001549614  -0.0004771322
   4.4499999851  -0.0010337522   0.0001080036  -0.0010337522
   4.4549999850  -0.0014883385   0.0000580345  -0.0014883385
   4.4599999850  -0.0018126605   0.0000071221  -0.0018126605
   4.4649999850  -0.0019880669  -0.0000425364  -0.0019880669
   4.4699999850  -0.0020066439  -0.0000887175  -0.0020066439
   4.4749999850  -0.0018715908  -0.0001292987  -0.0018715908
   4.4799999850  -0.0015968028  -0.0001624002  -0.0015968028
   4.4849999849  -0.0012057096  -0.0001865192  -0.0012057096
   4.4899999849  -0.0007294634  -0.0002006365  -0.0007294634
   4.4949999849  -0.0002046153  -0.0002042747  -0.0002046153
   4.4999999849   0.0003295559  -0.0001974992   0.0003295559
   4.5049999849   0.0008338726  -0.0001808654   0.0008338726
   4.5099999849   0.0012720478  -0.0001553284   0.0012720478
   4.5149999848   0.0016132401  -0.0001221411   0.0016132401
   4.5199999848   0.0018341919  -0.0000827657   0.0018341919
   4.5249999848   0.0019207994  -0.0000388165   0.0019207994
   4.5299999848   0.0018690010   0.0000079624   0.0018690010
   4.5349999848   0.0016849217   0.0000556951   0.0016849217
   4.5399999848   0.0013842653   0.0001023728   0.0013842653
   4.5449999847   0.0009910043   0.0001458784   0.0009910043
   4.5499999847   0.0005354706   0.0001840571   0.0005354706
   4.5549999847   0.0000519948   0.0002148370   0.0000519948
   4.5599999847  -0.0004237227   0.0002363865  -0.0004237227
   4.5649999847  -0.0008573077   0.0002472791  -0.0008573077
   4.5699999847  -0.0012182704   0.0002466299  -0.0012182704
   4.5749999846  -0.0014822322   0.0002341738  -0.0014822322
   4.5799999846  -0.0016326562   0.0002102677  -0.0016326562
   4.5849999846  -0.0016619550   0.0001758193  -0.0016619550
   4.5899999846  -0.0015719006   0.0001321653  -0.0015719006
   4.5949999846  -0.0013733136   0.0000809294  -0.0013733136
   4.5999999846  -0.0010850660   0.0000238944  -0.0010850660
   4.6049999845  -0.0007324828  -0.0000370861  -0.0007324828
   4.6099999845  -0.0003452724  -0.0001001285  -0.0003452724
   4.6149999845   0.0000448532  -0.0001633193   0.0000448532
   4.6199999845   0.0004066842  -0.0002246955   0.0004066842
   4.6249999845   0.0007119557  -0.0002822297   0.0007119557
   4.6299999845   0.0009375432  -0.0003338431   0.0009375432
   4.6349999844   0.0010672464  -0.0003774588   0.0010672464
   4.6399999844   0.0010930258  -0.0004110944   0.0010930258
   4.6449999844   0.0010155975  -0.0004329843   0.0010155975
   4.6499999844   0.0008443406  -0.0004417111   0.0008443406
   4.6549999844   0.0005965237  -0.0004363259   0.0005965237
   4.6599999844   0.0002959114  -0.0004164408   0.0002959114
   4.6649999843  -0.0000291394  -0.0003822827  -0.0000291394
   4.6699999843  -0.0003479423  -0.0003347056  -0.0003479423
   4.6749999843  -0.0006299279  -0.0002751643  -0.0006299279
   4.6799999843  -0.0008470845  -0.0002056575  -0.0008470845
   4.6849999843  -0.0009762122  -0.0001286458  -0.0009762122
   4.6899999843  -0.0010008237  -0.0000469528  -0.0010008237
   4.6949999842  -0.0009125586   0.0000363501  -0.0009125586
   4.6999999842  -0.0007120083   0.0001180708  -0.0007120083
   4.7049999842  -0.0004088921   0.0001950345  -0.0004088921
   4.7099999842  -0.0000215642   0.0002642263  -0.0000215642
   4.7149999842   0.0004241290   0.0003229314   0.0004241290
   4.7199999841   0.0008965763   0.0003688612   0.0008965763
   4.7249999841   0.0013606097   0.0004002536   0.0013606097
   4.7299999841   0.0017800498   0.0004159388   0.0017800498
   4.7349999841   0.0021204110   0.0004153648   0.0021204110
   4.7399999841   0.0023515655   0.0003985849   0.0023515655
   4.7449999841   0.0024501591   0.0003662149   0.0024501591
   4.7499999840   0.0024015775   0.0003193726   0.0024015775
   4.7549999840   0.0022012947   0.0002596109   0.0022012947
   4.7599999840   0.0018554815   0.0001888579   0.0018554815
   4.7649999840   0.0013808131   0.0001093667   0.0013808131
   4.7699999840   0.0008034857   0.0000236754   0.0008034857
   4.7749999840   0.0001575158  -0.0000654303   0.0001575158
   4.7799999839  -0.0005175427  -0.0001549624  -0.0005175427
   4.7849999839  -0.0011792871  -0.0002417959  -0.0011792871
   4.7899999839  -0.0017853593  -0.0003227616  -0.0017853593
   4.7949999839  -0.0022963358  -0.0003947688  -0.0022963358
   4.7999999839  -0.0026784151  -0.0004549515  -0.0026784151
   4.8049999839  -0.0029057265  -0.0005008250  -0.0029057265
   4.8099999838  -0.0029621121  -0.0005304348  -0.0029621121
   4.8149999838  -0.0028422698  -0.0005424764  -0.0028422698
   4.8199999838  -0.0025521820  -0.0005363735  -0.0025521820
   4.8249999838  -0.0021087981  -0.0005123028  -0.0021087981
   4.8299999838  -0.0015389825  -0.0004711699  -0.0015389825
   4.8349999838  -0.0008777879  -0.0004145453  -0.0008777879
   4.8399999837  -0.0001661596  -0.0003445760  -0.0001661596
   4.8449999837   0.0005517753  -0.0002638888   0.0005517753
   4.8499999837   0.0012316485  -0.0001754956   0.0012316485
   4.8549999837   0.0018318092  -0.0000827044   0.0018318092
   4.8599999837   0.0023160855   0.0000109688   0.0023160855
   4.8649999837   0.0026561447   0.0001018993   0.0026561447
   4.8699999836   0.0028332835   0.0001864711   0.0028332835
   4.8749999836   0.0028395230   0.0002612218   0.0028395230
   4.8799999836   0.0026779429   0.0003230073   0.0026779429
   4.8849999836   0.0023622485   0.0003691767   0.0023622485
   4.8899999836   0.0019156222   0.0003977346   0.0019156222
   4.8949999836   0.0013689630   0.0004074702   0.0013689630
   4.8999999835   0.0007586560   0.0003980331   0.0007586560
   4.9049999835   0.0001240392   0.0003699459   0.0001240392
   4.9099999835  -0.0004952489   0.0003245558  -0.0004952489
   4.9149999835  -0.0010618601   0.0002639333  -0.0010618601
   4.9199999835  -0.0015430936   0.0001907390  -0.0015430936
   4.9249999835  -0.0019128681   0.0001080772  -0.0019128681
   4.9299999834  -0.0021531889   0.0000193530  -0.0021531889
   4.9349999834  -0.0022550249  -0.0000718568  -0.0022550249
   4.9399999834  -0.0022185508  -0.0001619174  -0.0022185508
   4.9449999834  -0.0020527585  -0.0002472401  -0.0020527585
   4.9499999834  -0.0017744807  -0.0003243848  -0.0017744807
   4.9549999834  -0.0014069129  -0.0003901689  -0.0014069129
   4.9599999833  -0.0009777523  -0.0004417869  -0.0009777523
   4.9649999833  -0.0005170974  -0.0004769353  -0.0005170974
   4.9699999833  -0.0000552614  -0.0004939346  -0.0000552614
   4.9749999833   0.0003793417  -0.0004918349   0.0003793417
   4.9799999833   0.0007620924  -0.0004704890   0.0007620924
   4.9849999833   0.0010737128  -0.0004305850   0.0010737128
   4.9899999832   0.0013013659  -0.0003736322   0.0013013659
   4.9949999832   0.0014392347  -0.0003019020   0.0014392347
   4.9999999832   0.0014885519  -0.0002183319   0.0014885519
   5.0049999832   0.0014570862  -0.0001264012   0.0014570862
   5.0099999832   0.0013581328  -0.0000299883   0.0013581328
   5.0149999832   0.0012090947   0.0000667818   0.0012090947
   5.0199999831   0.0010297747   0.0001596983   0.0010297747
   5.0249999831   0.0008405211   0.0002446303   0.0008405211
   5.0299999831   0.0006603876   0.0003176966   0.0006603876
   5.0349999831   0.0005054671   0.0003754406   0.0005054671
   5.0399999831   0.0003875418   0.0004150026   0.0003875418
   5.0449999831   0.0003131695   0.0004342836   0.0003131695
   5.0499999830   0.0002832792   0.0004320876   0.0002832792
   5.0549999830   0.0002933061   0.0004082300   0.0002933061
   5.0599999830   0.0003338424   0.0003635966   0.0003338424
   5.0649999830   0.0003917331   0.0003001432   0.0003917331
   5.0699999830   0.0004515075   0.0002208284   0.0004515075
   5.0749999830   0.0004970091   0.0001294786   0.0004970091
   5.0799999829   0.0005130735   0.0000305912   0.0005130735
   5.0849999829   0.0004871051  -0.0000709119   0.0004871051
   5.0899999829   0.0004104193  -0.0001699637   0.0004104193
   5.0949999829   0.0002792369  -0.0002616439   0.0002792369
   5.0999999829   0.0000952539  -0.0003414615   0.0000952539
   5.1049999829  -0.0001342621  -0.0004056092  -0.0001342621
   5.1099999828  -0.0003968573  -0.0004511703  -0.0003968573
   5.1149999828  -0.0006757346  -0.0004762656  -0.0006757346
   5.1199999828  -0.0009509941  -0.0004801300  -0.0009509941
   5.1249999828  -0.0012011815  -0.0004631156  -0.0012011815
   5.1299999828  -0.0014050273  -0.0004266229  -0.0014050273
   5.1349999828  -0.0015432408  -0.0003729672  -0.0015432408
   5.1399999827  -0.0016002096  -0.0003051937  -0.0016002096
   5.1449999827  -0.0015654605  -0.0002268590  -0.0015654605
   5.1499999827  -0.0014347491  -0.0001417999  -0.0014347491
   5.1549999827  -0.0012106738  -0.0000539114  -0.0012106738
   5.1599999827  -0.0009027487   0.0000330469  -0.0009027487
   5.1649999827  -0.0005269190   0.0001156014  -0.0005269190
   5.1699999826  -0.0001045482   0.0001906660  -0.0001045482
   5.1749999826   0.0003390407   0.0002555962   0.0003390407
   5.1799999826   0.0007763525   0.0003082070   0.0007763525
   5.1849999826   0.0011796880   0.0003467719   0.0011796880
   5.1899999826   0.0015231324   0.0003700206   0.0015231324
   5.1949999826   0.0017844055   0.0003771538   0.0017844055
   5.1999999825   0.0019464340   0.0003678808   0.0019464340
   5.2049999825   0.0019985299   0.0003424813   0.0019985299
   5.2099999825   0.0019371006   0.0003018744   0.0019371006
   5.2149999825   0.0017658503   0.0002476752   0.0017658503
   5.2199999825   0.0014954767   0.0001822129   0.0014954767
   5.2249999825   0.0011428993   0.0001084867   0.0011428993
   5.2299999824   0.0007300873   0.0000300490   0.0007300873
   5.2349999824   0.0002825771  -0.0000491834   0.0002825771
   5.2399999824  -0.0001722151  -0.0001251732  -0.0001722151
   5.2449999824  -0.0006067721  -0.0001940341  -0.0006067721
   5.2499999824  -0.0009952338  -0.0002522950  -0.0009952338
   5.2549999824  -0.0013150225  -0.0002971269  -0.0013150225
   5.2599999823  -0.0015482395  -0.0003265072  -0.0015482395
   5.2649999823  -0.0016827454  -0.0003393129  -0.0016827454
   5.2699999823  -0.0017128591  -0.0003353420  -0.0017128591
   5.2749999823  -0.0016396307  -0.0003152770  -0.0016396307
   5.2799999823  -0.0014706700  -0.0002806052  -0.0014706700
   5.2849999823  -0.0012195391  -0.0002335117  -0.0012195391
   5.2899999822  -0.0009047470  -0.0001767577  -0.0009047470
   5.2949999822  -0.0005484142  -0.0001135481  -0.0005484142
   5.2999999822  -0.0001746996  -0.0000473902  -0.0001746996
   5.3049999822   0.0001918982   0.0000180608   0.0001918982
   5.3099999822   0.0005282403   0.0000791685   0.0005282403
   5.3149999822   0.0008141220   0.0001324949   0.0008141220
   5.3199999821   0.0010336071   0.0001749830   0.0010336071
   5.3249999821   0.0011760241   0.0002041324   0.0011760241
   5.3299999821   0.0012365597   0.0002181499   0.0012365597
   5.3349999821   0.0012164135   0.0002160616   0.0012164135
   5.3399999821   0.0011225151   0.0001977703   0.0011225151
   5.3449999821   0.0009668382   0.0001640539   0.0009668382
   5.3499999820   0.0007653718   0.0001165027   0.0007653718
   5.3549999820   0.0005368320   0.0000574050   0.0005368320
   5.3599999820   0.0003012106  -0.0000104041   0.0003012106
   5.3649999820   0.0000782649  -0.0000837137   0.0000782649
   5.3699999820  -0.0001139446  -0.0001591079  -0.0001139446
   5.3749999820  -0.0002603664  -0.0002331231  -0.0002603664
   5.3799999819  -0.0003500275  -0.0003023830  -0.0003500275
   5.3849999819  -0.0003767836  -0.0003637109  -0.0003767836
   5.3899999819  -0.0003396948  -0.0004142239  -0.0003396948
   5.3949999819  -0.0002430000  -0.0004514197  -0.0002430000
   5.3999999819  -0.0000956960  -0.0004732647  -0.0000956960
   5.4049999818   0.0000892416  -0.0004782890   0.0000892416
   5.4099999818   0.0002959254  -0.0004656893   0.0002959254
   5.4149999818   0.0005068203  -0.0004354303   0.0005068203
   5.4199999818   0.0007040977  -0.0003883315   0.0007040977
   5.4249999818   0.0008709726  -0.0003261219   0.0008709726
   5.4299999818   0.0009929214  -0.0002514424   0.0009929214
   5.4349999817   0.0010586993  -0.0001677839   0.0010586993
   5.4399999817   0.0010610923  -0.0000793511   0.0010610923
   5.4449999817   0.0009973695   0.0000091438   0.0009973695
   5.4499999817   0.0008694170   0.0000927477   0.0008694170
   5.4549999817   0.0006835622   0.0001665719   0.0006835622
   5.4599999817   0.0004501126   0.0002261120   0.0004501126
   5.4649999816   0.0001826467   0.0002675514   0.0001826467
   5.4699999816  -0.0001028874   0.0002880222  -0.0001028874
   5.4749999816  -0.0003892069   0.0002857992  -0.0003892069
   5.4799999816  -0.0006587915   0.0002604125  -0.0006587915
   5.4849999816  -0.0008949747   0.0002126697  -0.0008949747
   5.4899999816  -0.0010829613   0.0001445918  -0.0010829613
   5.4949999815  -0.0012107090   0.0000592726  -0.0012107090
   5.4999999815  -0.0012696264  -0.0000393210  -0.0012696264
   5.5049999815  -0.0012550494  -0.0001465866  -0.0012550494
   5.5099999815  -0.0011664773  -0.0002575398  -0.0011664773
   5.5149999815  -0.0010075615  -0.0003670645  -0.0010075615
   5.5199999815  -0.0007858585  -0.0004701439  -0.0007858585
   5.5249999814  -0.0005123688  -0.0005620640  -0.0005123688
   5.5299999814  -0.0002008990  -0.0006385854  -0.0002008990
   5.5349999814   0.0001327138  -0.0006960871   0.0001327138
   5.5399999814   0.0004714670  -0.0007316861   0.0004714670
   5.5449999814   0.0007981016  -0.0007433412   0.0007981016
   5.5499999814   0.0010960129  -0.0007299430   0.0010960129
   5.5549999813   0.0013501233  -0.0006913914   0.0013501233
   5.5599999813   0.0015476831  -0.0006286530   0.0015476831
   5.5649999813   0.0016789656  -0.0005437874   0.0016789656
   5.5699999813   0.0017378199  -0.0004399262   0.0017378199
   5.5749999813   0.0017220466  -0.0003211925   0.0017220466
   5.5799999813   0.0016335564  -0.0001925490   0.0016335564
   5.5849999812   0.0014782801  -0.0000595763   0.0014782801
   5.5899999812   0.0012658112   0.0000718091   0.0012658112
   5.5949999812   0.0010087879   0.0001956758   0.0010087879
   5.5999999812   0.0007220472   0.0003064090   0.0007220472
   5.6049999812   0.0004216202   0.0003990244   0.0004216202
   5.6099999812   0.0001236572   0.0004694380   0.0001236572
   5.6149999811  -0.0001566116   0.0005146754  -0.0001566116
   5.6199999811  -0.0004057858   0.0005330147  -0.0004057858
   5.6249999811  -0.0006129956   0.0005240632  -0.0006129956
   5.6299999811  -0.0007703541   0.0004887741  -0.0007703541
   5.6349999811  -0.0008731531   0.0004294063  -0.0008731531
   5.6399999811  -0.0009198323   0.0003494274  -0.0009198323
   5.6449999810  -0.0009117654   0.0002533533  -0.0009117654
   5.6499999810  -0.0008529201   0.0001465187  -0.0008529201
   5.6549999810  -0.0007494366   0.0000347783  -0.0007494366
   5.6599999810  -0.0006091591  -0.0000758531  -0.0006091591
   5.6649999810  -0.0004411388  -0.0001795928  -0.0004411388
   5.6699999810  -0.0002551198  -0.0002712764  -0.0002551198
   5.6749999809  -0.0000610164  -0.0003466896  -0.0000610164
   5.6799999809   0.0001316024  -0.0004028034   0.0001316024
   5.6849999809   0.0003139959  -0.0004378809   0.0003139959
   5.6899999809   0.0004786707  -0.0004514531   0.0004786707
   5.6949999809   0.0006197036  -0.0004441809   0.0006197036
   5.6999999809   0.0007329413  -0.0004176434   0.0007329413
   5.7049999808   0.0008160702  -0.0003741030   0.0008160702
   5.7099999808   0.0008685598  -0.0003162899   0.0008685598
   5.7149999808   0.0008915062  -0.0002472371   0.0008915062
   5.7199999808   0.0008874062  -0.0001701709   0.0008874062
   5.7249999808   0.0008598958  -0.0000884454   0.0008598958
   5.7299999808   0.0008134782  -0.0000054905   0.0008134782
   5.7349999807   0.0007532537   0.0000752522   0.0007532537
   5.7399999807   0.0006846541   0.0001504278   0.0006846541
   5.7449999807   0.0006131721   0.0002169019   0.0006131721
   5.7499999807   0.0005440801   0.0002719173   0.0005440801
   5.7549999807   0.0004821370   0.0003132493   0.0004821370
   5.7599999807   0.0004312952   0.0003393295   0.0004312952
   5.7649999806   0.0003944334   0.0003493209   0.0003944334
   5.7699999806   0.0003731478   0.0003431359   0.0003731478
   5.7749999806   0.0003676399   0.0003214045   0.0003676399
   5.7799999806   0.0003767255   0.0002854099   0.0003767255
   5.7849999806   0.0003979800   0.0002370094   0.0003979800
   5.7899999806   0.0004280066   0.0001785545   0.0004280066
   5.7949999805   0.0004628004   0.0001128105   0.0004628004
   5.7999999805   0.0004981595   0.0000428671   0.0004981595
   5.8049999805   0.0005300921  -0.0000279749   0.0005300921
   5.8099999805   0.0005551677  -0.0000963565   0.0005551677
   5.8149999805   0.0005707748  -0.0001590551   0.0005707748
   5.8199999805   0.0005752633  -0.0002132124   0.0005752633
   5.8249999804   0.0005679680  -0.0002565685   0.0005679680
   5.8299999804   0.0005491243  -0.0002876661   0.0005491243
   5.8349999804   0.0005197000  -0.0003059868   0.0005197000
   5.8399999804   0.0004811679  -0.0003119874   0.0004811679
   5.8449999804   0.0004352487  -0.0003070222   0.0004352487
   5.8499999804   0.0003836461  -0.0002931591   0.0003836461
   5.8549999803   0.0003277995  -0.0002729151   0.0003277995
   5.8599999803   0.0002686729  -0.0002489559   0.0002686729
   5.8649999803   0.0002066003  -0.0002238081   0.0002066003
   5.8699999803   0.0001412056  -0.0001996278   0.0001412056
   5.8749999803   0.0000714117  -0.0001780554   0.0000714117
   5.8799999803  -0.0000044531  -0.0001601680  -0.0000044531
   5.8849999802  -0.0000884516  -0.0001465156  -0.0000884516
   5.8899999802  -0.0001827511  -0.0001372150  -0.0001827511
   5.8949999802  -0.0002892776  -0.0001320637  -0.0002892776
   5.8999999802  -0.0004093481  -0.0001306419  -0.0004093481
   5.9049999802  -0.0005433203  -0.0001323776  -0.0005433203
   5.9099999802  -0.0006903070  -0.0001365716  -0.0006903070
   5.9149999801  -0.0008479888  -0.0001423937  -0.0008479888
   5.9199999801  -0.0010125553  -0.0001488738  -0.0010125553
   5.9249999801  -0.0011787848  -0.0001549159  -0.0011787848
   5.9299999801  -0.0013402574  -0.0001593554  -0.0013402574
   5.9349999801  -0.0014896811  -0.0001610642  -0.0014896811
   5.9399999801  -0.0016192962  -0.0001590919  -0.0016192962
   5.9449999800  -0.0017213224  -0.0001528132  -0.0017213224
   5.9499999800  -0.0017884114  -0.0001420471  -0.0017884114
   5.9549999800  -0.0018140804  -0.0001271128  -0.0018140804
   5.9599999800  -0.0017931103  -0.0001088037  -0.0017931103
   5.9649999800  -0.0017219054  -0.0000882766  -0.0017219054
   5.9699999800  -0.0015988120  -0.0000668782  -0.0015988120
   5.9749999799  -0.0014243924  -0.0000459399  -0.0014243924
   5.9799999799  -0.0012016372  -0.0000265864  -0.0012016372
   5.9849999799  -0.0009360842  -0.0000095908  -0.0009360842
   5.9899999799  -0.0006358027   0.0000046957  -0.0006358027
   5.9949999799  -0.0003111982   0.0000163353  -0.0003111982
