   0.0000000000   0.0000000000   0.0000000000   0.0000000000
   0.0050000000   0.0000000000   0.0000000000   0.0000000000
   0.0100000000   0.0000000000   0.0000000000   0.0000000000
   0.0149999999   0.0000000000   0.0000000000   0.0000000000
   0.0199999999   0.0000000000   0.0000000000   0.0000000000
   0.0249999999   0.0000000000   0.0000000000   0.0000000000
   0.0299999999   0.0000000000   0.0000000000   0.0000000000
   0.0349999999   0.0000000000   0.0000000000   0.0000000000
   0.0399999999   0.0000000000   0.0000000000   0.0000000000
   0.0449999998   0.0000000000   0.0000000000   0.0000000000
   0.0499999998   0.0000000000   0.0000000000   0.0000000000
   0.0549999998   0.0000000000   0.0000000000   0.0000000000
   0.0599999998   0.0000000000   0.0000000000   0.0000000000
   0.0649999998   0.0000000000   0.0000000000   0.0000000000
   0.0699999998   0.0000000000   0.0000000000   0.0000000000
   0.0749999997  -0.0000000000   0.0000000000  -0.0000000000
   0.0799999997  -0.0000000000   0.0000000000  -0.0000000000
   0.0849999997  -0.0000000000   0.0000000000  -0.0000000000
   0.0899999997  -0.0000000000   0.0000000000  -0.0000000000
   0.0949999997  -0.0000000000   0.0000000000  -0.0000000000
   0.0999999997  -0.0000000000   0.0000000000  -0.0000000000
   0.1049999996  -0.0000000000   0.0000000000  -0.0000000000
   0.1099999996  -0.0000000000   0.0000000000  -0.0000000000
   0.1149999996  -0.0000000000   0.0000000000  -0.0000000000
   0.1199999996   0.0000000000   0.0000000000   0.0000000000
   0.1249999996   0.0000000000  -0.0000000000   0.0000000000
   0.1299999996   0.0000000000  -0.0000000000   0.0000000000
   0.1349999995   0.0000000000  -0.0000000000   0.0000000000
   0.1399999995   0.0000000000  -0.0000000000   0.0000000000
   0.1449999995   0.0000000000  -0.0000000000   0.0000000000
   0.1499999995   0.0000000000  -0.0000000000   0.0000000000
   0.1549999995   0.0000000000  -0.0000000000   0.0000000000
   0.1599999995   0.0000000000  -0.0000000000   0.0000000000
   0.1649999994   0.0000000000  -0.0000000000   0.0000000000
   0.1699999994   0.0000000000  -0.0000000000   0.0000000000
   0.1749999994   0.0000000000  -0.0000000000   0.0000000000
   0.1799999994   0.0000000000  -0.0000000000   0.0000000000
   0.1849999994   0.0000000000  -0.0000000000   0.0000000000
   0.1899999994   0.0000000000  -0.0000000000   0.0000000000
   0.1949999993   0.0000000000  -0.0000000000   0.0000000000
   0.1999999993   0.0000000000  -0.0000000000   0.0000000000
   0.2049999993   0.0000000000  -0.0000000000   0.0000000000
   0.2099999993   0.0000000000  -0.0000000000   0.0000000000
   0.2149999993   0.0000000000  -0.0000000000   0.0000000000
   0.2199999993   0.0000000000  -0.0000000000   0.0000000000
   0.2249999992   0.0000000000  -0.0000000000   0.0000000000
   0.2299999992   0.0000000000  -0.0000000000   0.0000000000
   0.2349999992   0.0000000000  -0.0000000000   0.0000000000
   0.2399999992   0.0000000000  -0.0000000000   0.0000000000
   0.2449999992   0.0000000000  -0.0000000000   0.0000000000
   0.2499999992   0.0000000000  -0.0000000000   0.0000000000
   0.2549999991   0.0000000000  -0.0000000000   0.0000000000
   0.2599999991   0.0000000000  -0.0000000000   0.0000000000
   0.2649999991   0.0000000000  -0.0000000000   0.0000000000
   0.2699999991   0.0000000000  -0.0000000000   0.0000000000
   0.2749999991   0.0000000000  -0.0000000000   0.0000000000
   0.2799999991   0.0000000000  -0.0000000000   0.0000000000
   0.2849999990   0.0000000000  -0.0000000000   0.0000000000
   0.2899999990   0.0000000000  -0.0000000000   0.0000000000
   0.2949999990   0.0000000000  -0.0000000000   0.0000000000
   0.2999999990   0.0000000000  -0.0000000000   0.0000000000
   0.3049999990   0.0000000000  -0.0000000000   0.0000000000
   0.3099999990   0.0000000000  -0.0000000000   0.0000000000
   0.3149999989   0.0000000000  -0.0000000000   0.0000000000
   0.3199999989   0.0000000000  -0.0000000000   0.0000000000
   0.3249999989   0.0000000000  -0.0000000000   0.0000000000
   0.3299999989   0.0000000000  -0.0000000000   0.0000000000
   0.3349999989   0.0000000000  -0.0000000000   0.0000000000
   0.3399999989   0.0000000000  -0.0000000000   0.0000000000
   0.3449999988   0.0000000000  -0.0000000000   0.0000000000
   0.3499999988   0.0000000000  -0.0000000000   0.0000000000
   0.3549999988   0.0000000000  -0.0000000000   0.0000000000
   0.3599999988   0.0000000000  -0.0000000000   0.0000000000
   0.3649999988   0.0000000000  -0.0000000000   0.0000000000
   0.3699999988   0.0000000000  -0.0000000000   0.0000000000
   0.3749999987   0.0000000000  -0.0000000000   0.0000000000
   0.3799999987   0.0000000000   0.0000000000   0.0000000000
   0.3849999987   0.0000000000   0.0000000000   0.0000000000
   0.3899999987  -0.0000000000   0.0000000000  -0.0000000000
   0.3949999987  -0.0000000000   0.0000000000  -0.0000000000
   0.3999999987  -0.0000000000   0.0000000000  -0.0000000000
   0.4049999986  -0.0000000000   0.0000000000  -0.0000000000
   0.4099999986  -0.0000000000   0.0000000000  -0.0000000000
   0.4149999986  -0.0000000000   0.0000000000  -0.0000000000
   0.4199999986  -0.0000000000   0.0000000000  -0.0000000000
   0.4249999986  -0.0000000000   0.0000000000  -0.0000000000
   0.4299999986  -0.0000000000   0.0000000000  -0.0000000000
   0.4349999985  -0.0000000000   0.0000000000  -0.0000000000
   0.4399999985  -0.0000000000   0.0000000000  -0.0000000000
   0.4449999985  -0.0000000000   0.0000000000  -0.0000000000
   0.4499999985  -0.0000000000   0.0000000000  -0.0000000000
   0.4549999985  -0.0000000000   0.0000000000  -0.0000000000
   0.4599999985  -0.0000000000   0.0000000000  -0.0000000000
   0.4649999984  -0.0000000000   0.0000000000  -0.0000000000
   0.4699999984  -0.0000000000   0.0000000000  -0.0000000000
   0.4749999984  -0.0000000000   0.0000000000  -0.0000000000
   0.4799999984  -0.0000000000   0.0000000000  -0.0000000000
   0.4849999984  -0.0000000000   0.0000000000  -0.0000000000
   0.4899999984  -0.0000000000   0.0000000000  -0.0000000000
   0.4949999983  -0.0000000000   0.0000000000  -0.0000000000
   0.4999999983  -0.0000000000   0.0000000000  -0.0000000000
   0.5049999983  -0.0000000000   0.0000000000  -0.0000000000
   0.5099999983  -0.0000000000   0.0000000000  -0.0000000000
   0.5149999983  -0.0000000000   0.0000000000  -0.0000000000
   0.5199999983  -0.0000000000   0.0000000000  -0.0000000000
   0.5249999982  -0.0000000000   0.0000000000  -0.0000000000
   0.5299999982  -0.0000000000   0.0000000000  -0.0000000000
   0.5349999982  -0.0000000000   0.0000000000  -0.0000000000
   0.5399999982  -0.0000000000   0.0000000000  -0.0000000000
   0.5449999982  -0.0000000000   0.0000000000  -0.0000000000
   0.5499999982  -0.0000000000   0.0000000000  -0.0000000000
   0.5549999981  -0.0000000000   0.0000000000  -0.0000000000
   0.5599999981  -0.0000000000   0.0000000000  -0.0000000000
   0.5649999981  -0.0000000000   0.0000000000  -0.0000000000
   0.5699999981   0.0000000000   0.0000000000   0.0000000000
   0.5749999981   0.0000000000   0.0000000000   0.0000000000
   0.5799999981   0.0000000000   0.0000000000   0.0000000000
   0.5849999980   0.0000000000   0.0000000000   0.0000000000
   0.5899999980   0.0000000000   0.0000000000   0.0000000000
   0.5949999980   0.0000000000   0.0000000000   0.0000000000
   0.5999999980   0.0000000000   0.0000000000   0.0000000000
   0.6049999980   0.0000000000   0.0000000000   0.0000000000
   0.6099999980   0.0000000000   0.0000000000   0.0000000000
   0.6149999979   0.0000000000   0.0000000000   0.0000000000
   0.6199999979   0.0000000000   0.0000000000   0.0000000000
   0.6249999979   0.0000000000  -0.0000000000   0.0000000000
   0.6299999979   0.0000000000  -0.0000000000   0.0000000000
   0.6349999979   0.0000000000  -0.0000000000   0.0000000000
   0.6399999979   0.0000000000  -0.0000000000   0.0000000000
   0.6449999978  -0.0000000000  -0.0000000000  -0.0000000000
   0.6499999978  -0.0000000000  -0.0000000000  -0.0000000000
   0.6549999978  -0.0000000000  -0.0000000000  -0.0000000000
   0.6599999978  -0.0000000000  -0.0000000000  -0.0000000000
   0.6649999978  -0.0000000000  -0.0000000000  -0.0000000000
   0.6699999978  -0.0000000000  -0.0000000000  -0.0000000000
   0.6749999977  -0.0000000000  -0.0000000000  -0.0000000000
   0.6799999977  -0.0000000000  -0.0000000000  -0.0000000000
   0.6849999977  -0.0000000000  -0.0000000000  -0.0000000000
   0.6899999977  -0.0000000000   0.0000000000  -0.0000000000
   0.6949999977   0.0000000000   0.0000000000   0.0000000000
   0.6999999976   0.0000000000   0.0000000000   0.0000000000
   0.7049999976   0.0000000000   0.0000000000   0.0000000000
   0.7099999976   0.0000000000   0.0000000000   0.0000000000
   0.7149999976   0.0000000000   0.0000000000   0.0000000000
   0.7199999976   0.0000000000   0.0000000000   0.0000000000
   0.7249999976   0.0000000000   0.0000000000   0.0000000000
   0.7299999975   0.0000000000   0.0000000000   0.0000000000
   0.7349999975   0.0000000000   0.0000000000   0.0000000000
   0.7399999975   0.0000000000   0.0000000000   0.0000000000
   0.7449999975   0.0000000000   0.0000000000   0.0000000000
   0.7499999975   0.0000000000   0.0000000000   0.0000000000
   0.7549999975   0.0000000000   0.0000000000   0.0000000000
   0.7599999974   0.0000000000   0.0000000000   0.0000000000
   0.7649999974   0.0000000000   0.0000000000   0.0000000000
   0.7699999974   0.0000000000   0.0000000000   0.0000000000
   0.7749999974   0.0000000000   0.0000000000   0.0000000000
   0.7799999974   0.0000000000   0.0000000000   0.0000000000
   0.7849999974   0.0000000000   0.0000000000   0.0000000000
   0.7899999973   0.0000000000   0.0000000000   0.0000000000
   0.7949999973   0.0000000000   0.0000000000   0.0000000000
   0.7999999973   0.0000000000   0.0000000000   0.0000000000
   0.8049999973   0.0000000000   0.0000000000   0.0000000000
   0.8099999973   0.0000000000   0.0000000000   0.0000000000
   0.8149999973   0.0000000000   0.0000000000   0.0000000000
   0.8199999972   0.0000000000   0.0000000000   0.0000000000
   0.8249999972   0.0000000000   0.0000000000   0.0000000000
   0.8299999972   0.0000000000   0.0000000000   0.0000000000
   0.8349999972   0.0000000000   0.0000000000   0.0000000000
   0.8399999972   0.0000000000   0.0000000000   0.0000000000
   0.8449999972   0.0000000000   0.0000000000   0.0000000000
   0.8499999971   0.0000000000   0.0000000000   0.0000000000
   0.8549999971   0.0000000000   0.0000000000   0.0000000000
   0.8599999971   0.0000000000   0.0000000000   0.0000000000
   0.8649999971   0.0000000000   0.0000000000   0.0000000000
   0.8699999971   0.0000000000   0.0000000000   0.0000000000
   0.8749999971   0.0000000000   0.0000000000   0.0000000000
   0.8799999970   0.0000000000   0.0000000000   0.0000000000
   0.8849999970   0.0000000000   0.0000000000   0.0000000000
   0.8899999970   0.0000000000   0.0000000000   0.0000000000
   0.8949999970   0.0000000000   0.0000000000   0.0000000000
   0.8999999970   0.0000000000   0.0000000000   0.0000000000
   0.9049999970   0.0000000000   0.0000000000   0.0000000000
   0.9099999969   0.0000000000   0.0000000000   0.0000000000
   0.9149999969   0.0000000000   0.0000000000   0.0000000000
   0.9199999969   0.0000000000   0.0000000000   0.0000000000
   0.9249999969   0.0000000000   0.0000000000   0.0000000000
   0.9299999969   0.0000000000   0.0000000000   0.0000000000
   0.9349999969   0.0000000000   0.0000000000   0.0000000000
   0.9399999968   0.0000000000   0.0000000000   0.0000000000
   0.9449999968   0.0000000000   0.0000000000   0.0000000000
   0.9499999968   0.0000000000   0.0000000000   0.0000000000
   0.9549999968   0.0000000000   0.0000000000   0.0000000000
   0.9599999968   0.0000000000   0.0000000000   0.0000000000
   0.9649999968   0.0000000000   0.0000000000   0.0000000000
   0.9699999967   0.0000000000   0.0000000000   0.0000000000
   0.9749999967   0.0000000000   0.0000000000   0.0000000000
   0.9799999967   0.0000000000   0.0000000000   0.0000000000
   0.9849999967   0.0000000000   0.0000000000   0.0000000000
   0.9899999967   0.0000000000   0.0000000000   0.0000000000
   0.9949999967   0.0000000000   0.0000000000   0.0000000000
   0.9999999966   0.0000000000   0.0000000000  -0.0000000000
   1.0049999966  -0.0000000000  -0.0000000000  -0.0000000000
   1.0099999966  -0.0000000000  -0.0000000000  -0.0000000000
   1.0149999966  -0.0000000000  -0.0000000000  -0.0000000000
   1.0199999966  -0.0000000000  -0.0000000000  -0.0000000000
   1.0249999966  -0.0000000000  -0.0000000000  -0.0000000000
   1.0299999965  -0.0000000000  -0.0000000000  -0.0000000000
   1.0349999965  -0.0000000000  -0.0000000000  -0.0000000000
   1.0399999965  -0.0000000000  -0.0000000000  -0.0000000000
   1.0449999965  -0.0000000000  -0.0000000000  -0.0000000000
   1.0499999965  -0.0000000000  -0.0000000000  -0.0000000000
   1.0549999965  -0.0000000000  -0.0000000000  -0.0000000000
   1.0599999964  -0.0000000000  -0.0000000000  -0.0000000000
   1.0649999964  -0.0000000000  -0.0000000000  -0.0000000000
   1.0699999964  -0.0000000000  -0.0000000000  -0.0000000000
   1.0749999964  -0.0000000000  -0.0000000000   0.0000000000
   1.0799999964   0.0000000000   0.0000000000   0.0000000000
   1.0849999964   0.0000000000   0.0000000000   0.0000000000
   1.0899999963   0.0000000000   0.0000000000   0.0000000000
   1.0949999963   0.0000000000   0.0000000000   0.0000000000
   1.0999999963   0.0000000000   0.0000000000   0.0000000000
   1.1049999963   0.0000000000   0.0000000000   0.0000000000
   1.1099999963   0.0000000000   0.0000000000   0.0000000000
   1.1149999963   0.0000000000   0.0000000000   0.0000000000
   1.1199999962   0.0000000000   0.0000000000   0.0000000000
   1.1249999962   0.0000000000   0.0000000000   0.0000000000
   1.1299999962   0.0000000000   0.0000000000   0.0000000000
   1.1349999962   0.0000000000   0.0000000000  -0.0000000000
   1.1399999962  -0.0000000000  -0.0000000000  -0.0000000000
   1.1449999962  -0.0000000000  -0.0000000000  -0.0000000000
   1.1499999961  -0.0000000000  -0.0000000000  -0.0000000000
   1.1549999961  -0.0000000000  -0.0000000000  -0.0000000000
   1.1599999961  -0.0000000000  -0.0000000000  -0.0000000000
   1.1649999961  -0.0000000000  -0.0000000000  -0.0000000000
   1.1699999961  -0.0000000000  -0.0000000000  -0.0000000000
   1.1749999961  -0.0000000000  -0.0000000000  -0.0000000000
   1.1799999960  -0.0000000000  -0.0000000000  -0.0000000000
   1.1849999960  -0.0000000000  -0.0000000000  -0.0000000000
   1.1899999960  -0.0000000000  -0.0000000000  -0.0000000000
   1.1949999960   0.0000000000   0.0000000000   0.0000000000
   1.1999999960   0.0000000000   0.0000000000   0.0000000000
   1.2049999960   0.0000000000   0.0000000000   0.0000000000
   1.2099999959   0.0000000000   0.0000000000   0.0000000000
   1.2149999959   0.0000000000   0.0000000000   0.0000000000
   1.2199999959   0.0000000000   0.0000000000   0.0000000000
   1.2249999959   0.0000000000   0.0000000000   0.0000000000
   1.2299999959   0.0000000000   0.0000000000   0.0000000000
   1.2349999959   0.0000000000   0.0000000000   0.0000000000
   1.2399999958   0.0000000000   0.0000000000   0.0000000000
   1.2449999958   0.0000000000   0.0000000000  -0.0000000000
   1.2499999958  -0.0000000000  -0.0000000000  -0.0000000000
   1.2549999958  -0.0000000000  -0.0000000000  -0.0000000000
   1.2599999958  -0.0000000000  -0.0000000000  -0.0000000000
   1.2649999958  -0.0000000000  -0.0000000000  -0.0000000000
   1.2699999957  -0.0000000000  -0.0000000000  -0.0000000000
   1.2749999957  -0.0000000000  -0.0000000000  -0.0000000000
   1.2799999957  -0.0000000000  -0.0000000000  -0.0000000000
   1.2849999957  -0.0000000000  -0.0000000000  -0.0000000000
   1.2899999957  -0.0000000000  -0.0000000000   0.0000000000
   1.2949999957   0.0000000000   0.0000000000   0.0000000000
   1.2999999956   0.0000000000   0.0000000000   0.0000000000
   1.3049999956   0.0000000000   0.0000000000   0.0000000000
   1.3099999956   0.0000000000   0.0000000000   0.0000000000
   1.3149999956   0.0000000000   0.0000000000   0.0000000000
   1.3199999956   0.0000000000   0.0000000000   0.0000000000
   1.3249999956   0.0000000000   0.0000000000   0.0000000000
   1.3299999955   0.0000000000   0.0000000000   0.0000000000
   1.3349999955   0.0000000000   0.0000000000   0.0000000000
   1.3399999955  -0.0000000000   0.0000000000  -0.0000000000
   1.3449999955  -0.0000000000  -0.0000000000  -0.0000000000
   1.3499999955  -0.0000000000  -0.0000000000  -0.0000000000
   1.3549999954  -0.0000000000  -0.0000000000  -0.0000000000
   1.3599999954  -0.0000000000  -0.0000000000  -0.0000000000
   1.3649999954  -0.0000000000  -0.0000000000  -0.0000000000
   1.3699999954  -0.0000000000  -0.0000000000  -0.0000000000
   1.3749999954  -0.0000000000  -0.0000000000  -0.0000000000
   1.3799999954  -0.0000000000  -0.0000000000   0.0000000000
   1.3849999953   0.0000000000   0.0000000000   0.0000000000
   1.3899999953   0.0000000000   0.0000000000   0.0000000000
   1.3949999953   0.0000000000   0.0000000000   0.0000000000
   1.3999999953   0.0000000000   0.0000000000   0.0000000000
   1.4049999953   0.0000000000   0.0000000000   0.0000000000
   1.4099999953   0.0000000000   0.0000000000   0.0000000000
   1.4149999952   0.0000000000   0.0000000000   0.0000000000
   1.4199999952   0.0000000000   0.0000000000  -0.0000000000
   1.4249999952  -0.0000000000   0.0000000000  -0.0000000000
   1.4299999952  -0.0000000000  -0.0000000000  -0.0000000000
   1.4349999952  -0.0000000000  -0.0000000000  -0.0000000000
   1.4399999952  -0.0000000000  -0.0000000000  -0.0000000000
   1.4449999951  -0.0000000000  -0.0000000000  -0.0000000000
   1.4499999951  -0.0000000000  -0.0000000000  -0.0000000000
   1.4549999951  -0.0000000000  -0.0000000000  -0.0000000000
   1.4599999951  -0.0000000000  -0.0000000000   0.0000000000
   1.4649999951   0.0000000000   0.0000000000   0.0000000000
   1.4699999951   0.0000000000   0.0000000000   0.0000000000
   1.4749999950   0.0000000000   0.0000000000   0.0000000000
   1.4799999950   0.0000000000   0.0000000000   0.0000000000
   1.4849999950   0.0000000000   0.0000000000   0.0000000000
   1.4899999950   0.0000000000   0.0000000000   0.0000000000
   1.4949999950   0.0000000000   0.0000000000   0.0000000000
   1.4999999950   0.0000000000   0.0000000000  -0.0000000000
   1.5049999949  -0.0000000000  -0.0000000000  -0.0000000000
   1.5099999949  -0.0000000000  -0.0000000000  -0.0000000000
   1.5149999949  -0.0000000001  -0.0000000000  -0.0000000000
   1.5199999949  -0.0000000001  -0.0000000000  -0.0000000000
   1.5249999949  -0.0000000001  -0.0000000000  -0.0000000000
   1.5299999949  -0.0000000000  -0.0000000000  -0.0000000000
   1.5349999948  -0.0000000000  -0.0000000000   0.0000000000
   1.5399999948   0.0000000000  -0.0000000000   0.0000000000
   1.5449999948   0.0000000000   0.0000000000   0.0000000000
   1.5499999948   0.0000000001   0.0000000000   0.0000000000
   1.5549999948   0.0000000001   0.0000000000   0.0000000000
   1.5599999948   0.0000000001   0.0000000000   0.0000000000
   1.5649999947   0.0000000000   0.0000000000   0.0000000000
   1.5699999947   0.0000000000   0.0000000000  -0.0000000000
   1.5749999947  -0.0000000000   0.0000000000  -0.0000000000
   1.5799999947  -0.0000000000  -0.0000000000  -0.0000000000
   1.5849999947  -0.0000000000  -0.0000000000  -0.0000000000
   1.5899999947  -0.0000000001  -0.0000000000  -0.0000000000
   1.5949999946  -0.0000000001  -0.0000000000  -0.0000000000
   1.5999999946  -0.0000000000  -0.0000000000  -0.0000000000
   1.6049999946  -0.0000000000  -0.0000000000  -0.0000000000
   1.6099999946  -0.0000000000  -0.0000000000   0.0000000000
   1.6149999946   0.0000000000   0.0000000000   0.0000000000
   1.6199999946   0.0000000000   0.0000000000   0.0000000000
   1.6249999945   0.0000000000   0.0000000000   0.0000000000
   1.6299999945   0.0000000000   0.0000000000   0.0000000000
   1.6349999945   0.0000000000   0.0000000000   0.0000000000
   1.6399999945   0.0000000000   0.0000000000   0.0000000000
   1.6449999945  -0.0000000000  -0.0000000000   0.0000000000
   1.6499999945  -0.0000000000  -0.0000000000   0.0000000001
   1.6549999944  -0.0000000000  -0.0000000000   0.0000000001
   1.6599999944  -0.0000000000  -0.0000000000   0.0000000001
   1.6649999944  -0.0000000000  -0.0000000000   0.0000000001
   1.6699999944  -0.0000000000  -0.0000000000   0.0000000001
   1.6749999944  -0.0000000000  -0.0000000000   0.0000000000
   1.6799999944   0.0000000000   0.0000000000  -0.0000000001
   1.6849999943   0.0000000001   0.0000000001  -0.0000000003
   1.6899999943   0.0000000002   0.0000000001  -0.0000000005
   1.6949999943   0.0000000003   0.0000000002  -0.0000000006
   1.6999999943   0.0000000004   0.0000000003  -0.0000000008
   1.7049999943   0.0000000005   0.0000000003  -0.0000000009
   1.7099999943   0.0000000005   0.0000000004  -0.0000000009
   1.7149999942   0.0000000005   0.0000000004  -0.0000000008
   1.7199999942   0.0000000004   0.0000000004  -0.0000000005
   1.7249999942   0.0000000001   0.0000000002  -0.0000000000
   1.7299999942  -0.0000000004  -0.0000000001   0.0000000007
   1.7349999942  -0.0000000010  -0.0000000004   0.0000000015
   1.7399999942  -0.0000000017  -0.0000000009   0.0000000025
   1.7449999941  -0.0000000024  -0.0000000015   0.0000000036
   1.7499999941  -0.0000000030  -0.0000000020   0.0000000045
   1.7549999941  -0.0000000034  -0.0000000025   0.0000000052
   1.7599999941  -0.0000000034  -0.0000000027   0.0000000054
   1.7649999941  -0.0000000029  -0.0000000026   0.0000000050
   1.7699999941  -0.0000000018  -0.0000000022   0.0000000039
   1.7749999940  -0.0000000001  -0.0000000012   0.0000000018
   1.7799999940   0.0000000022   0.0000000001  -0.0000000011
   1.7849999940   0.0000000048   0.0000000019  -0.0000000048
   1.7899999940   0.0000000075   0.0000000039  -0.0000000089
   1.7949999940   0.0000000099   0.0000000059  -0.0000000130
   1.7999999940   0.0000000115   0.0000000077  -0.0000000165
   1.8049999939   0.0000000121   0.0000000089  -0.0000000187
   1.8099999939   0.0000000112   0.0000000093  -0.0000000191
   1.8149999939   0.0000000087   0.0000000087  -0.0000000171
   1.8199999939   0.0000000046   0.0000000068  -0.0000000125
   1.8249999939  -0.0000000008   0.0000000037  -0.0000000055
   1.8299999939  -0.0000000071  -0.0000000004   0.0000000036
   1.8349999938  -0.0000000136  -0.0000000052   0.0000000137
   1.8399999938  -0.0000000194  -0.0000000102   0.0000000237
   1.8449999938  -0.0000000236  -0.0000000147   0.0000000321
   1.8499999938  -0.0000000255  -0.0000000180   0.0000000375
   1.8549999938  -0.0000000243  -0.0000000196   0.0000000388
   1.8599999938  -0.0000000199  -0.0000000190   0.0000000352
   1.8649999937  -0.0000000124  -0.0000000160   0.0000000266
   1.8699999937  -0.0000000026  -0.0000000106   0.0000000138
   1.8749999937   0.0000000084  -0.0000000034  -0.0000000018
   1.8799999937   0.0000000192   0.0000000049  -0.0000000182
   1.8849999937   0.0000000281   0.0000000132  -0.0000000330
   1.8899999937   0.0000000336   0.0000000204  -0.0000000439
   1.8949999936   0.0000000346   0.0000000252  -0.0000000490
   1.8999999936   0.0000000306   0.0000000269  -0.0000000470
   1.9049999936   0.0000000218   0.0000000248  -0.0000000380
   1.9099999936   0.0000000093   0.0000000192  -0.0000000230
   1.9149999936  -0.0000000050   0.0000000106  -0.0000000041
   1.9199999936  -0.0000000188   0.0000000004   0.0000000156
   1.9249999935  -0.0000000297  -0.0000000100   0.0000000329
   1.9299999935  -0.0000000356  -0.0000000189   0.0000000447
   1.9349999935  -0.0000000351  -0.0000000246   0.0000000485
   1.9399999935  -0.0000000279  -0.0000000261   0.0000000435
   1.9449999935  -0.0000000150  -0.0000000229   0.0000000301
   1.9499999935   0.0000000014  -0.0000000156   0.0000000103
   1.9549999934   0.0000000185  -0.0000000052  -0.0000000125
   1.9599999934   0.0000000328   0.0000000063  -0.0000000341
   1.9649999934   0.0000000414   0.0000000169  -0.0000000504
   1.9699999934   0.0000000421   0.0000000243  -0.0000000578
   1.9749999934   0.0000000342   0.0000000271  -0.0000000545
   1.9799999934   0.0000000189   0.0000000244  -0.0000000403
   1.9849999933  -0.0000000015   0.0000000165  -0.0000000172
   1.9899999933  -0.0000000231   0.0000000048   0.0000000109
   1.9949999933  -0.0000000417  -0.0000000087   0.0000000390
   1.9999999933  -0.0000000535  -0.0000000214   0.0000000619
   2.0049999933  -0.0000000559  -0.0000000308   0.0000000749
   2.0099999933  -0.0000000480  -0.0000000348   0.0000000753
   2.0149999932  -0.0000000309  -0.0000000326   0.0000000623
   2.0199999932  -0.0000000077  -0.0000000244   0.0000000380
   2.0249999932   0.0000000171  -0.0000000115   0.0000000066
   2.0299999932   0.0000000388   0.0000000037  -0.0000000264
   2.0349999932   0.0000000531   0.0000000183  -0.0000000549
   2.0399999931   0.0000000573   0.0000000297  -0.0000000736
   2.0449999931   0.0000000509   0.0000000359  -0.0000000792
   2.0499999931   0.0000000355   0.0000000359  -0.0000000710
   2.0549999931   0.0000000146   0.0000000299  -0.0000000509
   2.0599999931  -0.0000000072   0.0000000194  -0.0000000231
   2.0649999931  -0.0000000253   0.0000000066   0.0000000066
   2.0699999930  -0.0000000362  -0.0000000059   0.0000000324
   2.0749999930  -0.0000000383  -0.0000000160   0.0000000498
   2.0799999930  -0.0000000321  -0.0000000220   0.0000000562
   2.0849999930  -0.0000000201  -0.0000000235   0.0000000515
   2.0899999930  -0.0000000062  -0.0000000211   0.0000000382
   2.0949999930   0.0000000056  -0.0000000161   0.0000000204
   2.0999999929   0.0000000122  -0.0000000102   0.0000000028
   2.1049999929   0.0000000123  -0.0000000051  -0.0000000105
   2.1099999929   0.0000000066  -0.0000000016  -0.0000000172
   2.1149999929  -0.0000000021  -0.0000000000  -0.0000000173
   2.1199999929  -0.0000000101   0.0000000003  -0.0000000126
   2.1249999929  -0.0000000137   0.0000000006  -0.0000000065
   2.1299999928  -0.0000000107   0.0000000019  -0.0000000025
   2.1349999928  -0.0000000010   0.0000000050  -0.0000000027
   2.1399999928   0.0000000128   0.0000000096  -0.0000000076
   2.1449999928   0.0000000260   0.0000000145  -0.0000000150
   2.1499999928   0.0000000328   0.0000000178  -0.0000000208
   2.1549999928   0.0000000282   0.0000000171  -0.0000000198
   2.1599999927   0.0000000090   0.0000000104  -0.0000000078
   2.1649999927  -0.0000000248  -0.0000000034   0.0000000179
   2.1699999927  -0.0000000700  -0.0000000241   0.0000000568
   2.1749999927  -0.0000001213  -0.0000000500   0.0000001058
   2.1799999927  -0.0000001730  -0.0000000790   0.0000001602
   2.1849999927  -0.0000002214  -0.0000001086   0.0000002156
   2.1899999926  -0.0000002676  -0.0000001380   0.0000002702
   2.1949999926  -0.0000003185  -0.0000001683   0.0000003277
   2.1999999926  -0.0000003876  -0.0000002040   0.0000003978
   2.2049999926  -0.0000004940  -0.0000002525   0.0000004967
   2.2099999926  -0.0000006596  -0.0000003238   0.0000006451
   2.2149999926  -0.0000009064  -0.0000004294   0.0000008657
   2.2199999925  -0.0000012526  -0.0000005803   0.0000011792
   2.2249999925  -0.0000017104  -0.0000007859   0.0000016014
   2.2299999925  -0.0000022856  -0.0000010523   0.0000021408
   2.2349999925  -0.0000029777  -0.0000013822   0.0000027987
   2.2399999925  -0.0000037833  -0.0000017754   0.0000035704
   2.2449999925  -0.0000046992  -0.0000022296   0.0000044489
   2.2499999924  -0.0000057259  -0.0000027421   0.0000054284
   2.2549999924  -0.0000068695  -0.0000033118   0.0000065080
   2.2599999924  -0.0000081409  -0.0000039391   0.0000076926
   2.2649999924  -0.0000095528  -0.0000046263   0.0000089913
   2.2699999924  -0.0000111136  -0.0000053757   0.0000104134
   2.2749999924  -0.0000128202  -0.0000061866   0.0000119614
   2.2799999923  -0.0000146511  -0.0000070522   0.0000136233
   2.2849999923  -0.0000165615  -0.0000079559   0.0000153665
   2.2899999923  -0.0000184821  -0.0000088693   0.0000171336
   2.2949999923  -0.0000203223  -0.0000097517   0.0000188436
   2.2999999923  -0.0000219775  -0.0000105515   0.0000203969
   2.3049999923  -0.0000233395  -0.0000112100   0.0000216849
   2.3099999922  -0.0000243074  -0.0000116670   0.0000226012
   2.3149999922  -0.0000247972  -0.0000118666   0.0000230544
   2.3199999922  -0.0000247475  -0.0000117631   0.0000229768
   2.3249999922  -0.0000241204  -0.0000113255   0.0000223311
   2.3299999922  -0.0000228978  -0.0000105402   0.0000211107
   2.3349999922  -0.0000210740  -0.0000094116   0.0000193377
   2.3399999921  -0.0000186493  -0.0000079612   0.0000170567
   2.3449999921  -0.0000156245  -0.0000062257   0.0000143292
   2.3499999921  -0.0000120025  -0.0000042545   0.0000112289
   2.3549999921  -0.0000077965  -0.0000021078   0.0000078388
   2.3599999921  -0.0000030452   0.0000001453   0.0000042504
   2.3649999921   0.0000021662   0.0000024299   0.0000005622
   2.3699999920   0.0000076847   0.0000046687  -0.0000031239
   2.3749999920   0.0000132716   0.0000067888  -0.0000067114
   2.3799999920   0.0000185943   0.0000087304  -0.0000101238
   2.3849999920   0.0000232324   0.0000104584  -0.0000133227
   2.3899999920   0.0000267020   0.0000119735  -0.0000163261
   2.3949999920   0.0000285003   0.0000133198  -0.0000192177
   2.3999999919   0.0000281698   0.0000145842  -0.0000221400
   2.4049999919   0.0000253810   0.0000158828  -0.0000252632
   2.4099999919   0.0000200281   0.0000173314  -0.0000287239
   2.4149999919   0.0000123316   0.0000189980  -0.0000325364
   2.4199999919   0.0000029371   0.0000208415  -0.0000364857
   2.4249999919  -0.0000070048   0.0000226438  -0.0000400181
   2.4299999918  -0.0000157963   0.0000239485  -0.0000421580
   2.4349999918  -0.0000212117   0.0000240234  -0.0000414789
   2.4399999918  -0.0000206089   0.0000218651  -0.0000361616
   2.4449999918  -0.0000111588   0.0000162668  -0.0000241661
   2.4499999918   0.0000097811   0.0000059626  -0.0000035363
   2.4549999918   0.0000441366  -0.0000101420   0.0000271627
   2.4599999917   0.0000924376  -0.0000326553   0.0000682898
   2.4649999917   0.0001530223  -0.0000613176   0.0001184963
   2.4699999917   0.0002211899  -0.0000945801   0.0001740764
   2.4749999917   0.0002884003  -0.0001291909   0.0002283826
   2.4799999917   0.0003416455  -0.0001598432   0.0002713958
   2.4849999917   0.0003631367  -0.0001789531   0.0002895524
   2.4899999916   0.0003304489  -0.0001766310   0.0002659182
   2.4949999916   0.0002172440  -0.0001409102   0.0001807866
   2.4999999916  -0.0000053523  -0.0000582769   0.0000127411
   2.5049999916  -0.0003667121   0.0000854782  -0.0002598170
   2.5099999916  -0.0008940821   0.0003040984  -0.0006567349
   2.5149999916  -0.0016095430   0.0006094454  -0.0011938857
   2.5199999915  -0.0025268051   0.0010099243  -0.0018808346
   2.5249999915  -0.0036481653   0.0015088876  -0.0027186220
   2.5299999915  -0.0049619849   0.0021031871  -0.0036979251
   2.5349999915  -0.0064410506   0.0027820595  -0.0047978618
   2.5399999915  -0.0080421294   0.0035265300  -0.0059856744
   2.5449999915  -0.0097069377   0.0043094873  -0.0072174655
   2.5499999914  -0.0113646091   0.0050965344  -0.0084400597
   2.5549999914  -0.0129355866   0.0058476431  -0.0095939441
   2.5599999914  -0.0143366953   0.0065195504  -0.0106171030
   2.5649999914  -0.0154869919   0.0070687406  -0.0114494394
   2.5699999914  -0.0163138647   0.0074547693  -0.0120373710
   2.5749999914  -0.0167587857   0.0076436178  -0.0123381334
   2.5799999913  -0.0167821091   0.0076107348  -0.0123233213
   2.5849999913  -0.0163663874   0.0073434251  -0.0119812633
   2.5899999913  -0.0155178113   0.0068423021  -0.0113179437
   2.5949999913  -0.0142655865   0.0061216075  -0.0103563555
   2.5999999913  -0.0126592952   0.0052083290  -0.0091343550
   2.6049999913  -0.0107645346   0.0041401848  -0.0077012794
   2.6099999912  -0.0086573406   0.0029626810  -0.0061137419
   2.6149999912  -0.0064180603   0.0017255610  -0.0044311211
   2.6199999912  -0.0041254056   0.0004790421  -0.0027112873
   2.6249999912  -0.0018513865  -0.0007297423  -0.0010070583
   2.6299999912   0.0003423153  -0.0018597146   0.0006362466
   2.6349999912   0.0024061932  -0.0028779395   0.0021819633
   2.6399999911   0.0043029255  -0.0037606592   0.0036019643
   2.6449999911   0.0060057804  -0.0044932605   0.0048754771
   2.6499999911   0.0074959071  -0.0050693049   0.0059872161
   2.6549999911   0.0087591820  -0.0054888860   0.0069252991
   2.6599999911   0.0097833403  -0.0057566585   0.0076794413
   2.6649999911   0.0105560618  -0.0058799131   0.0082398486
   2.6699999910   0.0110644875  -0.0058670398   0.0085970908
   2.6749999910   0.0112963600  -0.0057266290   0.0087430408
   2.6799999910   0.0112426493  -0.0054673310   0.0086727481
   2.6849999910   0.0109012015  -0.0050984390   0.0083869130
   2.6899999910   0.0102806972  -0.0046310122   0.0078944788
   2.6949999909   0.0094040699  -0.0040792385   0.0072147813
   2.6999999909   0.0083105543  -0.0034616658   0.0063787207
   2.7049999909   0.0070557057  -0.0028019311   0.0054285333
   2.7099999909   0.0057090320  -0.0021286822   0.0044159458
   2.7149999909   0.0043492734  -0.0014745137   0.0033987417
   2.7199999909   0.0030577691  -0.0008739079   0.0024360426
   2.7249999908   0.0019107083  -0.0003603528   0.0015828433
   2.7299999908   0.0009713076   0.0000370182   0.0008845076
   2.7349999908   0.0002830362   0.0002968037   0.0003719969
   2.7399999908  -0.0001350847   0.0004082127   0.0000585498
   2.7449999908  -0.0002903528   0.0003729557  -0.0000616435
   2.7499999908  -0.0002150637   0.0002057791  -0.0000124949
   2.7549999907   0.0000378958  -0.0000665530   0.0001671503
   2.7599999907   0.0004019819  -0.0004077949   0.0004285258
   2.7649999907   0.0008055131  -0.0007760142   0.0007191369
   2.7699999907   0.0011806008  -0.0011281848   0.0009892838
   2.7749999907   0.0014712578  -0.0014249794   0.0011980063
   2.7799999907   0.0016395811  -0.0016351218   0.0013176263
   2.7849999906   0.0016692014  -0.0017387055   0.0013362760
   2.7899999906   0.0015656093  -0.0017290326   0.0012581114
   2.7949999906   0.0013534343  -0.0016127394   0.0011012662
   2.7999999906   0.0010712023  -0.0014082257   0.0008939445
   2.8049999906   0.0007644548  -0.0011426517   0.0006693231
   2.8099999906   0.0004783257  -0.0008479674   0.0004600965
   2.8149999905   0.0002507130  -0.0005565671   0.0002935121
   2.8199999905   0.0001070420  -0.0002971934   0.0001876325
   2.8249999905   0.0000573292  -0.0000916500   0.0001493226
   2.8299999905   0.0000958638   0.0000472692   0.0001741602
   2.8349999905   0.0002033975   0.0001164286   0.0002481447
   2.8399999905   0.0003513385   0.0001216022   0.0003507953
   2.8449999904   0.0005071462   0.0000755610   0.0004590323
   2.8499999904   0.0006399707  -0.0000046119   0.0005511450
   2.8549999904   0.0007255853  -0.0001004978   0.0006101876
   2.8599999904   0.0007498307  -0.0001951274   0.0006262822
   2.8649999904   0.0007100764  -0.0002751655   0.0005975320
   2.8699999904   0.0006145683  -0.0003322179   0.0005294969
   2.8749999903   0.0004799010  -0.0003631533   0.0004334275
   2.8799999903   0.0003271631  -0.0003695021   0.0003236493
   2.8849999903   0.0001775076  -0.0003561394   0.0002145962
   2.8899999903   0.0000479597  -0.0003295582   0.0001180208
   2.8949999903  -0.0000518074  -0.0002960785   0.0000408378
   2.8999999903  -0.0001212100  -0.0002603158  -0.0000160770
   2.9049999902  -0.0001687721  -0.0002241569  -0.0000579881
   2.9099999902  -0.0002105105  -0.0001863852  -0.0000953498
   2.9149999902  -0.0002670548  -0.0001429697  -0.0001420154
   2.9199999902  -0.0003600681  -0.0000879199  -0.0002129410
   2.9249999902  -0.0005086247  -0.0000145165  -0.0003217774
   2.9299999902  -0.0007261607   0.0000833217  -0.0004787348
   2.9349999901  -0.0010184704   0.0002097816  -0.0006890368
   2.9399999901  -0.0013830003   0.0003662199  -0.0009521636
   2.9449999901  -0.0018094475   0.0005506894  -0.0012619480
   2.9499999901  -0.0022814367   0.0007579808  -0.0016074441
   2.9549999901  -0.0027788853   0.0009801435  -0.0019743736
   2.9599999901  -0.0032805822   0.0012073700  -0.0023468750
   2.9649999900  -0.0037665182   0.0014290759  -0.0027092519
   2.9699999900  -0.0042196039   0.0016349884  -0.0030474451
   2.9749999900  -0.0046265634   0.0018160700  -0.0033500209
   2.9799999900  -0.0049779732   0.0019651462  -0.0036085717
   2.9849999900  -0.0052675810   0.0020771747  -0.0038175405
   2.9899999900  -0.0054911669   0.0021491582  -0.0039735871
   2.9949999899  -0.0056452700   0.0021797762  -0.0040746899
   2.9999999899  -0.0057261037   0.0021688516  -0.0041192205
   3.0049999899  -0.0057289132   0.0021167948  -0.0041052111
   3.0099999899  -0.0056479222   0.0020241582  -0.0040299915
   3.0149999899  -0.0054768861   0.0018914026  -0.0038902784
   3.0199999899  -0.0052101414   0.0017189223  -0.0036827087
   3.0249999898  -0.0048439463   0.0015073199  -0.0034047095
   3.0299999898  -0.0043778524   0.0012578608  -0.0030555266
   3.0349999898  -0.0038158405   0.0009730019  -0.0026372028
   3.0399999898  -0.0031669988   0.0006568666  -0.0021552995
   3.0449999898  -0.0024456002   0.0003155482  -0.0016192070
   3.0499999898  -0.0016705400  -0.0000428469  -0.0010419599
   3.0549999897  -0.0008641972  -0.0004084558  -0.0004395666
   3.0599999897  -0.0000508761  -0.0007702011   0.0001700571
   3.0649999897   0.0007449556  -0.0011165513   0.0007683946
   3.0699999897   0.0015003937  -0.0014363944   0.0013376869
   3.0749999897   0.0021955681  -0.0017199009   0.0018621583
   3.0799999897   0.0028146898  -0.0019592544   0.0023289567
   3.0849999896   0.0033465820  -0.0021491565   0.0027287144
   3.0899999896   0.0037846929  -0.0022870464   0.0030557056
   3.0949999896   0.0041266642  -0.0023730292   0.0033076386
   3.0999999896   0.0043735936  -0.0024095481   0.0034851728
   3.1049999896   0.0045291574  -0.0024008744   0.0035912823
   3.1099999896   0.0045987597  -0.0023525081   0.0036305868
   3.1149999895   0.0045888422  -0.0022705861   0.0036087584
   3.1199999895   0.0045064379  -0.0021613807   0.0035320733
   3.1249999895   0.0043589857  -0.0020309433   0.0034071419
   3.1299999895   0.0041543695  -0.0018849138   0.0032408030
   3.1349999895   0.0039010927  -0.0017284834   0.0030401401
   3.1399999895   0.0036084826  -0.0015664674   0.0028125540
   3.1449999894   0.0032868121  -0.0014034286   0.0025658217
   3.1499999894   0.0029472536  -0.0012437880   0.0023080782
   3.1549999894   0.0026016140  -0.0010918661   0.0020476799
   3.1599999894   0.0022618484  -0.0009518224   0.0017929326
   3.1649999894   0.0019393958  -0.0008274825   0.0015516999
   3.1699999894   0.0016444156  -0.0007220754   0.0013309334
   3.1749999893   0.0013850346  -0.0006379224   0.0011361895
   3.1799999893   0.0011667126  -0.0005761413   0.0009712082
   3.1849999893   0.0009918356  -0.0005364273   0.0008376298
   3.1899999893   0.0008596085  -0.0005169689   0.0007349090
   3.1949999893   0.0007662873  -0.0005145349   0.0006604626
   3.1999999893   0.0007057378  -0.0005247416   0.0006100475
   3.2049999892   0.0006702588  -0.0005424772   0.0005783292
   3.2099999892   0.0006515628  -0.0005624333   0.0005595640
   3.2149999892   0.0006417773  -0.0005796698   0.0005482931
   3.2199999892   0.0006343185  -0.0005901301   0.0005399397
   3.2249999892   0.0006245037  -0.0005910311   0.0005312134
   3.2299999892   0.0006098126  -0.0005810666   0.0005202584
   3.2349999891   0.0005897621  -0.0005603993   0.0005065340
   3.2399999891   0.0005654375  -0.0005304476   0.0004904656
   3.2449999891   0.0005387849  -0.0004935128   0.0004729555
   3.2499999891   0.0005118203  -0.0004523182   0.0004548716
   3.2549999891   0.0004859306  -0.0004095470   0.0004366356
   3.2599999891   0.0004614189  -0.0003674609   0.0004180093
   3.2649999890   0.0004373952  -0.0003276635   0.0003981249
   3.2699999890   0.0004120298  -0.0002910383   0.0003757483
   3.2749999890   0.0003831039  -0.0002578530   0.0003496973
   3.2799999890   0.0003487129  -0.0002279865   0.0003192988
   3.2849999890   0.0003079424  -0.0002012075   0.0002847522
   3.2899999890   0.0002613338  -0.0001774291   0.0002472894
   3.2949999889   0.0002110085  -0.0001568699   0.0002090701
   3.2999999889   0.0001603994  -0.0001400812   0.0001728243
   3.3049999889   0.0001136391  -0.0001278361   0.0001413194
   3.3099999889   0.0000747374  -0.0001209117   0.0001167819
   3.3149999889   0.0000467428  -0.0001198259   0.0001004174
   3.3199999889   0.0000310845  -0.0001246008   0.0000921551
   3.3249999888   0.0000272555  -0.0001346200   0.0000906809
   3.3299999888   0.0000329129  -0.0001486217   0.0000937545
   3.3349999888   0.0000443699  -0.0001648377   0.0000987249
   3.3399999888   0.0000573637  -0.0001812474   0.0001031147
   3.3449999888   0.0000679161  -0.0001958926   0.0001051217
   3.3499999888   0.0000730897  -0.0002071802   0.0001039157
   3.3549999887   0.0000714735  -0.0002141075   0.0000996684
   3.3599999887   0.0000633051  -0.0002163661   0.0000933277
   3.3649999887   0.0000502285  -0.0002143089   0.0000862189
   3.3699999887   0.0000347709  -0.0002088006   0.0000795996
   3.3749999887   0.0000196840  -0.0002009968   0.0000742980
   3.3799999886   0.0000073121  -0.0001921067   0.0000705320
   3.3849999886  -0.0000008747  -0.0001831941   0.0000679433
   3.3899999886  -0.0000044966  -0.0001750496   0.0000658119
   3.3949999886  -0.0000042182  -0.0001681468   0.0000633617
   3.3999999886  -0.0000014877  -0.0001626688   0.0000600433
   3.4049999886   0.0000018460  -0.0001585777   0.0000556974
   3.4099999885   0.0000039369  -0.0001556956   0.0000505494
   3.4149999885   0.0000032815  -0.0001537717   0.0000450506
   3.4199999885  -0.0000010565  -0.0001525263   0.0000396367
   3.4249999885  -0.0000093472  -0.0001516762   0.0000345076
   3.4299999885  -0.0000212053  -0.0001509559   0.0000295206
   3.4349999885  -0.0000356786  -0.0001501476   0.0000242505
   3.4399999884  -0.0000513893  -0.0001491269   0.0000181996
   3.4449999884  -0.0000667118  -0.0001479129   0.0000110820
   3.4499999884  -0.0000799847  -0.0001467026   0.0000030680
   3.4549999884  -0.0000897532  -0.0001458638  -0.0000051219
   3.4599999884  -0.0000950246  -0.0001458687  -0.0000123375
   3.4649999884  -0.0000955008  -0.0001471677  -0.0000173213
   3.4699999883  -0.0000917299  -0.0001500307  -0.0000191424
   3.4749999883  -0.0000851113  -0.0001543982  -0.0000175970
   3.4799999883  -0.0000777113  -0.0001597984  -0.0000134219
   3.4849999883  -0.0000718828  -0.0001653740  -0.0000082166
   3.4899999883  -0.0000697460  -0.0001700350  -0.0000040585
   3.4949999883  -0.0000726417  -0.0001727172  -0.0000029007
   3.4999999882  -0.0000807025  -0.0001726842  -0.0000059299
   3.5049999882  -0.0000926850  -0.0001697891  -0.0000130945
   3.5099999882  -0.0001061513  -0.0001646072  -0.0000229809
   3.5149999882  -0.0001180032  -0.0001583812  -0.0000331188
   3.5199999882  -0.0001252631  -0.0001527673  -0.0000406614
   3.5249999882  -0.0001259136  -0.0001494315  -0.0000432598
   3.5299999881  -0.0001195596  -0.0001495958  -0.0000398671
   3.5349999881  -0.0001077027  -0.0001536614  -0.0000312086
   3.5399999881  -0.0000935088  -0.0001610265  -0.0000197374
   3.5449999881  -0.0000810827  -0.0001701683  -0.0000090426
   3.5499999881  -0.0000744120  -0.0001789903  -0.0000028529
   3.5549999881  -0.0000762551  -0.0001853545  -0.0000039127
   3.5599999880  -0.0000872848  -0.0001876610  -0.0000130736
   3.5649999880  -0.0001057552  -0.0001853126  -0.0000288947
   3.5699999880  -0.0001278207  -0.0001789246  -0.0000479110
   3.5749999880  -0.0001484622  -0.0001702086  -0.0000655264
   3.5799999880  -0.0001627904  -0.0001615470  -0.0000772946
   3.5849999880  -0.0001673773  -0.0001553686  -0.0000802159
   3.5899999879  -0.0001612381  -0.0001534946  -0.0000736586
   3.5949999879  -0.0001461688  -0.0001566417  -0.0000596080
   3.5999999879  -0.0001263201  -0.0001642270  -0.0000421448
   3.6049999879  -0.0001071029  -0.0001745359  -0.0000262844
   3.6099999879  -0.0000937186  -0.0001852085  -0.0000165150
   3.6149999879  -0.0000897273  -0.0001939072  -0.0000154706
   3.6199999878  -0.0000960630  -0.0001989710  -0.0000231496
   3.6249999878  -0.0001107880  -0.0001998663  -0.0000369265
   3.6299999878  -0.0001296648  -0.0001973004  -0.0000523688
   3.6349999878  -0.0001473887  -0.0001929668  -0.0000646162
   3.6399999878  -0.0001591252  -0.0001890007  -0.0000699013
   3.6449999878  -0.0001619055  -0.0001873106  -0.0000667391
   3.6499999877  -0.0001554707  -0.0001889907  -0.0000564089
   3.6549999877  -0.0001423168  -0.0001939937  -0.0000425676
   3.6599999877  -0.0001269299  -0.0002011626  -0.0000301071
   3.6649999877  -0.0001144407  -0.0002086110  -0.0000236085
   3.6699999877  -0.0001091025  -0.0002143312  -0.0000258771
   3.6749999877  -0.0001130467  -0.0002168391  -0.0000370262
   3.6799999876  -0.0001256831  -0.0002156553  -0.0000544050
   3.6849999876  -0.0001439184  -0.0002114687  -0.0000734028
   3.6899999876  -0.0001631124  -0.0002059343  -0.0000888822
   3.6949999876  -0.0001784739  -0.0002011661  -0.0000967875
   3.6999999876  -0.0001864656  -0.0001990875  -0.0000954164
   3.7049999876  -0.0001857925  -0.0002008415  -0.0000859431
   3.7099999875  -0.0001776844  -0.0002064487  -0.0000720217
   3.7149999875  -0.0001654037  -0.0002148173  -0.0000585895
   3.7199999875  -0.0001531542  -0.0002241014  -0.0000502547
   3.7249999875  -0.0001447463  -0.0002322905  -0.0000497886
   3.7299999875  -0.0001424425  -0.0002378400  -0.0000572148
   3.7349999875  -0.0001463412  -0.0002401416  -0.0000697993
   3.7399999874  -0.0001544763  -0.0002396834  -0.0000829545
   3.7449999874  -0.0001635783  -0.0002378498  -0.0000917691
   3.7499999874  -0.0001702292  -0.0002364315  -0.0000926687
   3.7549999874  -0.0001720255  -0.0002370055  -0.0000846613
   3.7599999874  -0.0001683640  -0.0002403927  -0.0000697459
   3.7649999874  -0.0001606001  -0.0002463701  -0.0000523351
   3.7699999873  -0.0001515366  -0.0002537374  -0.0000378609
   3.7749999873  -0.0001444253  -0.0002607155  -0.0000310046
   3.7799999873  -0.0001418245  -0.0002655492  -0.0000341268
   3.7849999873  -0.0001447015  -0.0002671142  -0.0000464184
   3.7899999873  -0.0001520856  -0.0002653261  -0.0000640687
   3.7949999873  -0.0001613920  -0.0002612116  -0.0000814234
   3.7999999872  -0.0001693108  -0.0002566102  -0.0000927776
   3.8049999872  -0.0001729625  -0.0002535973  -0.0000942378
   3.8099999872  -0.0001709296  -0.0002538126  -0.0000850479
   3.8149999872  -0.0001638078  -0.0002579127  -0.0000679358
   3.8199999872  -0.0001540796  -0.0002653303  -0.0000483438
   3.8249999872  -0.0001453353  -0.0002744267  -0.0000327603
   3.8299999871  -0.0001410865  -0.0002829972  -0.0000266688
   3.8349999871  -0.0001435606  -0.0002889747  -0.0000327596
   3.8399999871  -0.0001528784  -0.0002911077  -0.0000499827
   3.8449999871  -0.0001669022  -0.0002893951  -0.0000737619
   3.8499999871  -0.0001818254  -0.0002851302  -0.0000973283
   3.8549999871  -0.0001933347  -0.0002805335  -0.0001137749
   3.8599999870  -0.0001979831  -0.0002780792  -0.0001181996
   3.8649999870  -0.0001943347  -0.0002797250  -0.0001092663
   3.8699999870  -0.0001835055  -0.0002862841  -0.0000896861
   3.8749999870  -0.0001689091  -0.0002971416  -0.0000654533
   3.8799999870  -0.0001552669  -0.0003104073  -0.0000440573
   3.8849999870  -0.0001471789  -0.0003234664  -0.0000322141
   3.8899999869  -0.0001476932  -0.0003337601  -0.0000338132
   3.8949999869  -0.0001573242  -0.0003395601  -0.0000487157
   3.8999999869  -0.0001738325  -0.0003404956  -0.0000727773
   3.9049999869  -0.0001928484  -0.0003376725  -0.0000990938
   3.9099999869  -0.0002091577  -0.0003333439  -0.0001200895
   3.9149999869  -0.0002182642  -0.0003302320  -0.0001298107
   3.9199999868  -0.0002177531  -0.0003307072  -0.0001257228
   3.9249999868  -0.0002080390  -0.0003360729  -0.0001094653
   3.9299999868  -0.0001922704  -0.0003461720  -0.0000863404
   3.9349999868  -0.0001754167  -0.0003594329  -0.0000636975
   3.9399999868  -0.0001628136  -0.0003733391  -0.0000487133
   3.9449999868  -0.0001586016  -0.0003851792  -0.0000462441
   3.9499999867  -0.0001645256  -0.0003928510  -0.0000573984
   3.9549999867  -0.0001794452  -0.0003954817  -0.0000792514
   3.9599999867  -0.0001996935  -0.0003936818  -0.0001057709
   3.9649999867  -0.0002201661  -0.0003893626  -0.0001296588
   3.9699999867  -0.0002358070  -0.0003851780  -0.0001445389
   3.9749999867  -0.0002430529  -0.0003837594  -0.0001468340
   3.9799999866  -0.0002408142  -0.0003869688  -0.0001367747
   3.9849999866  -0.0002307246  -0.0003953873  -0.0001182629
   3.9899999866  -0.0002166083  -0.0004081782  -0.0000976537
   3.9949999866  -0.0002033433  -0.0004233549  -0.0000818463
   3.9999999866  -0.0001954691  -0.0004383656  -0.0000762629
   4.0049999866  -0.0001959439  -0.0004508166  -0.0000833160
   4.0099999865  -0.0002053974  -0.0004591273  -0.0001017961
   4.0149999865  -0.0002220667  -0.0004629333  -0.0001273303
   4.0199999865  -0.0002423992  -0.0004631349  -0.0001537405
   4.0249999865  -0.0002621175  -0.0004615941  -0.0001748728
   4.0299999865  -0.0002774232  -0.0004605789  -0.0001863501
   4.0349999864  -0.0002859974  -0.0004621244  -0.0001867439
   4.0399999864  -0.0002875331  -0.0004674898  -0.0001778532
   4.0449999864  -0.0002836851  -0.0004768588  -0.0001640480
   4.0499999864  -0.0002774907  -0.0004893507  -0.0001509114
   4.0549999864  -0.0002724584  -0.0005033227  -0.0001435996
   4.0599999864  -0.0002715963  -0.0005168615  -0.0001454018
   4.0649999863  -0.0002766470  -0.0005283191  -0.0001568979
   4.0699999863  -0.0002877166  -0.0005367421  -0.0001759202
   4.0749999863  -0.0003033632  -0.0005420844  -0.0001982855
   4.0799999863  -0.0003210815  -0.0005451609  -0.0002190490
   4.0849999863  -0.0003380190  -0.0005473699  -0.0002338990
   4.0899999863  -0.0003517185  -0.0005502772  -0.0002402971
   4.0949999862  -0.0003606910  -0.0005551817  -0.0002380635
   4.0999999862  -0.0003646901  -0.0005627805  -0.0002292824
   4.1049999862  -0.0003646484  -0.0005730160  -0.0002175979
   4.1099999862  -0.0003623258  -0.0005851319  -0.0002071344
   4.1149999862  -0.0003597855  -0.0005979089  -0.0002013605
   4.1199999862  -0.0003588432  -0.0006100044  -0.0002022112
   4.1249999861  -0.0003606258  -0.0006203015  -0.0002096864
   4.1299999861  -0.0003653334  -0.0006281764  -0.0002220033
   4.1349999861  -0.0003722424  -0.0006336218  -0.0002362235
   4.1399999861  -0.0003799273  -0.0006372064  -0.0002491546
   4.1449999861  -0.0003866323  -0.0006398929  -0.0002582675
   4.1499999861  -0.0003906993  -0.0006427709  -0.0002623841
   4.1549999860  -0.0003909537  -0.0006467776  -0.0002619638
   4.1599999860  -0.0003869685  -0.0006524775  -0.0002589370
   4.1649999860  -0.0003791579  -0.0006599498  -0.0002561490
   4.1699999860  -0.0003686932  -0.0006688055  -0.0002565763
   4.1749999860  -0.0003572699  -0.0006783218  -0.0002625255
   4.1799999860  -0.0003467883  -0.0006876515  -0.0002750166
   4.1849999859  -0.0003390242  -0.0006960532  -0.0002934961
   4.1899999859  -0.0003353691  -0.0007030814  -0.0003159355
   4.1949999859  -0.0003366991  -0.0007086908  -0.0003392707
   4.1999999859  -0.0003434008  -0.0007132295  -0.0003600572
   4.2049999859  -0.0003555420  -0.0007173247  -0.0003751640
   4.2099999859  -0.0003731354  -0.0007216924  -0.0003823311
   4.2149999858  -0.0003964196  -0.0007269191  -0.0003804560
   4.2199999858  -0.0004260692  -0.0007332746  -0.0003695502
   4.2249999858  -0.0004632642  -0.0007406030  -0.0003503998
   4.2299999858  -0.0005095814  -0.0007483248  -0.0003240423
   4.2349999858  -0.0005667175  -0.0007555483  -0.0002912260
   4.2399999858  -0.0006360973  -0.0007612641  -0.0002520261
   4.2449999857  -0.0007184525  -0.0007645709  -0.0002057532
   4.2499999857  -0.0008134639  -0.0007648707  -0.0001512168
   4.2549999857  -0.0009195401  -0.0007619813  -0.0000873100
   4.2599999857  -0.0010337672  -0.0007561334  -0.0000137983
   4.2649999857  -0.0011520144  -0.0007478549   0.0000678682
   4.2699999857  -0.0012691360  -0.0007377770   0.0001539071
   4.2749999856  -0.0013791863  -0.0007264216   0.0002378761
   4.2799999856  -0.0014755676  -0.0007140366   0.0003107407
   4.2849999856  -0.0015510606  -0.0007005345   0.0003613151
   4.2899999856  -0.0015977363  -0.0006855590   0.0003769665
   4.2949999856  -0.0016067995  -0.0006686647   0.0003444093
   4.2999999856  -0.0015684520  -0.0006495618   0.0002504123
   4.3049999855  -0.0014718787  -0.0006283530   0.0000822785
   4.3099999855  -0.0013054365  -0.0006056895  -0.0001719549
   4.3149999855  -0.0010570869  -0.0005827947  -0.0005235543
   4.3199999855  -0.0007150487  -0.0005613416  -0.0009832315
   4.3249999855  -0.0002685976  -0.0005432130  -0.0015612113
   4.3299999855   0.0002910982  -0.0005302068  -0.0022670491
   4.3349999854   0.0009702205  -0.0005237668  -0.0031090817
   4.3399999854   0.0017717069  -0.0005248100  -0.0040934944
   4.3449999854   0.0026948571  -0.0005336885  -0.0052230941
   4.3499999854   0.0037351207  -0.0005502858  -0.0064959730
   4.3549999854   0.0048840015  -0.0005742021  -0.0079042932
   4.3599999854   0.0061289978  -0.0006049561  -0.0094334120
   4.3649999853   0.0074535142  -0.0006421264  -0.0110615050
   4.3699999853   0.0088367195  -0.0006853748  -0.0127597419
   4.3749999853   0.0102533902  -0.0007343313  -0.0144929601
   4.3799999853   0.0116738277  -0.0007883653  -0.0162206947
   4.3849999853   0.0130639722  -0.0008463054  -0.0178983817
   4.3899999853   0.0143858301  -0.0009061902  -0.0194785652
   4.3949999852   0.0155982955  -0.0009651250  -0.0209120021
   4.3999999852   0.0166583776  -0.0010192964  -0.0221486480
   4.4049999852   0.0175227702  -0.0010641516  -0.0231386002
   4.4099999852   0.0181496372  -0.0010947096  -0.0238331309
   4.4149999852   0.0185004508  -0.0011059370  -0.0241859558
   4.4199999852   0.0185417214  -0.0010931084  -0.0241548393
   4.4249999851   0.0182464971  -0.0010520821  -0.0237035495
   4.4299999851   0.0175955665  -0.0009794468  -0.0228040696
   4.4349999851   0.0165783650  -0.0008725364  -0.0214388718
   4.4399999851   0.0151936306  -0.0007293461  -0.0196030031
   4.4449999851   0.0134498720  -0.0005484088  -0.0173057185
   4.4499999851   0.0113656995  -0.0003287002  -0.0145714479
   4.4549999850   0.0089700250  -0.0000696277  -0.0114399688
   4.4599999850   0.0063020870   0.0002288683  -0.0079657671
   4.4649999850   0.0034112094   0.0005661102  -0.0042166673
   4.4699999850   0.0003561791   0.0009404208  -0.0002718848
   4.4749999850  -0.0027958593   0.0013488680   0.0037803210
   4.4799999850  -0.0059710546   0.0017870930   0.0078452282
   4.4849999849  -0.0090910379   0.0022492799   0.0118243560
   4.4899999849  -0.0120755691   0.0027282996   0.0156182339
   4.4949999849  -0.0148454920   0.0032160201   0.0191292362
   4.4999999849  -0.0173258039   0.0037037405   0.0222645022
   4.5049999849  -0.0194486341   0.0041826792   0.0249389584
   4.5099999849  -0.0211559393   0.0046444386   0.0270784096
   4.5149999848  -0.0224017700   0.0050813802   0.0286226069
   4.5199999848  -0.0231540109   0.0054868697   0.0295281275
   4.5249999848  -0.0233955588   0.0058553865   0.0297708506
   4.5299999848  -0.0231249417   0.0061825244   0.0293477915
   4.5349999848  -0.0223564115   0.0064649354   0.0282780713
   4.5399999848  -0.0211195488   0.0067002721   0.0266028637
   4.5449999847  -0.0194584123   0.0068871745   0.0243842445
   4.5499999847  -0.0174302487   0.0070253235   0.0217029758
   4.5549999847  -0.0151037630   0.0071155525   0.0186553573
   4.5599999847  -0.0125569477   0.0071599819   0.0153493540
   4.5649999847  -0.0098744745   0.0071621231   0.0119002553
   4.5699999847  -0.0071446851   0.0071268995   0.0084261278
   4.5749999846  -0.0044562561   0.0070605395   0.0050432972
   4.5799999846  -0.0018946638   0.0069703257   0.0018620459
   4.5849999846   0.0004613740   0.0068642082  -0.0010173386
   4.5899999846   0.0025432713   0.0067503218  -0.0035080830
   4.5949999846   0.0042955365   0.0066364613  -0.0055399527
   4.5999999846   0.0056781127   0.0065295813  -0.0070617306
   4.6049999845   0.0066679250   0.0064353782  -0.0080430813
   4.6099999845   0.0072595306   0.0063580008  -0.0084757071
   4.6149999845   0.0074648412   0.0062999072  -0.0083736865
   4.6199999845   0.0073119711   0.0062618666  -0.0077728839
   4.6249999845   0.0068433287   0.0062430783  -0.0067293489
   4.6299999845   0.0061131177   0.0062413651  -0.0053166832
   4.6349999844   0.0051844305   0.0062533961  -0.0036224379
   4.6399999844   0.0041261138   0.0062748965  -0.0017436996
   4.6449999844   0.0030095555   0.0063008182   0.0002178831
   4.6499999844   0.0019055108   0.0063254672   0.0021613125
   4.6549999844   0.0008810517   0.0063425999   0.0039913431
   4.6599999844  -0.0000032931   0.0063455216   0.0056231276
   4.6649999843  -0.0006961427   0.0063272213   0.0069861197
   4.6699999843  -0.0011575316   0.0062805739   0.0080270239
   4.6749999843  -0.0013607361   0.0061986252   0.0087116820
   4.6799999843  -0.0012935346   0.0060749503   0.0090258810
   4.6849999843  -0.0009587727   0.0059040536   0.0089751401
   4.6899999843  -0.0003741252   0.0056817600   0.0085835867
   4.6949999842   0.0004290046   0.0054055365   0.0078920484
   4.6999999842   0.0014074321   0.0050746913   0.0069554871
   4.7049999842   0.0025088842   0.0046904114   0.0058398858
   4.7099999842   0.0036752539   0.0042556318   0.0046186902
   4.7149999842   0.0048461669   0.0037747523   0.0033689090
   4.7199999841   0.0059625806   0.0032532528   0.0021669959
   4.7249999841   0.0069701411   0.0026972677   0.0010846795
   4.7299999841   0.0078220672   0.0021131871   0.0001849487
   4.7349999841   0.0084813981   0.0015073398  -0.0004815599
   4.7399999841   0.0089225219   0.0008857877  -0.0008795072
   4.7449999841   0.0091319751   0.0002542341  -0.0009908834
   4.7499999840   0.0091085619  -0.0003819807  -0.0008159344
   4.7549999840   0.0088628721  -0.0010178419  -0.0003728787
   4.7599999840   0.0084162830  -0.0016486303   0.0003035769
   4.7649999840   0.0077995228  -0.0022699405   0.0011647994
   4.7699999840   0.0070508532  -0.0028777641   0.0021516479
   4.7749999840   0.0062139221  -0.0034686267   0.0031984535
   4.7799999839   0.0053353410  -0.0040397438   0.0042372416
   4.7849999839   0.0044620637  -0.0045891452   0.0052018862
   4.7899999839   0.0036386805  -0.0051157165   0.0060319359
   4.7949999839   0.0029047814  -0.0056191257   0.0066759118
   4.7999999839   0.0022925711  -0.0060996264   0.0070939510
   4.8049999839   0.0018249296  -0.0065577606   0.0072597232
   4.8099999838   0.0015140933  -0.0069940120   0.0071615903
   4.8149999838   0.0013610824  -0.0074084703   0.0068029986
   4.8199999838   0.0013559322  -0.0078005700   0.0062021021
   4.8249999838   0.0014787048  -0.0081689487   0.0053906213
   4.8299999838   0.0017011814  -0.0085114448   0.0044119600
   4.8349999838   0.0019890744  -0.0088252282   0.0033186304
   4.8399999837   0.0023045638  -0.0091070304   0.0021690891
   4.8449999837   0.0026089505  -0.0093534265   0.0010241398
   4.8499999837   0.0028652362  -0.0095611187  -0.0000568781
   4.8549999837   0.0030404655  -0.0097271779  -0.0010198564
   4.8599999837   0.0031077057  -0.0098492139  -0.0018193603
   4.8649999837   0.0030475773  -0.0099254677  -0.0024214767
   4.8699999836   0.0028492785  -0.0099548332  -0.0028058454
   4.8749999836   0.0025110809  -0.0099368335  -0.0029667169
   4.8799999836   0.0020402891  -0.0098715804  -0.0029129692
   4.8849999836   0.0014526843  -0.0097597453  -0.0026671053
   4.8899999836   0.0007714866  -0.0096025613  -0.0022633390
   4.8949999836   0.0000258928  -0.0094018599  -0.0017449459
   4.8999999835  -0.0007507335  -0.0091601330  -0.0011611033
   4.9049999835  -0.0015229241  -0.0088805941  -0.0005634660
   4.9099999835  -0.0022553070  -0.0085672069  -0.0000027252
   4.9149999835  -0.0029148183  -0.0082246489   0.0004746256
   4.9199999835  -0.0034727897  -0.0078581889   0.0008291304
   4.9249999835  -0.0039067718  -0.0074734740   0.0010306736
   4.9299999834  -0.0042019644  -0.0070762421   0.0010601499
   4.9349999834  -0.0043521399  -0.0066719973   0.0009104469
   4.9399999834  -0.0043599805  -0.0062656957   0.0005867178
   4.9449999834  -0.0042367901  -0.0058614927   0.0001059452
   4.9499999834  -0.0040015943  -0.0054625932  -0.0005041821
   4.9549999834  -0.0036796973  -0.0050712230  -0.0012070399
   4.9599999833  -0.0033008120  -0.0046887204  -0.0019594186
   4.9649999833  -0.0028969199  -0.0043157173  -0.0027143483
   4.9699999833  -0.0025000368  -0.0039523672  -0.0034242500
   4.9749999833  -0.0021400591  -0.0035985690  -0.0040442135
   4.9799999833  -0.0018428462  -0.0032541445  -0.0045351651
   4.9849999833  -0.0016286615  -0.0029189438  -0.0048666660
   4.9899999832  -0.0015110496  -0.0025928768  -0.0050190941
   4.9949999832  -0.0014961916  -0.0022758884  -0.0049850055
   4.9999999832  -0.0015827418  -0.0019679121  -0.0047695494
   5.0049999832  -0.0017621266  -0.0016688374  -0.0043899050
   5.0099999832  -0.0020192690  -0.0013785200  -0.0038738146
   5.0149999832  -0.0023336905  -0.0010968453  -0.0032573742
   5.0199999831  -0.0026809327  -0.0008238355  -0.0025823063
   5.0249999831  -0.0030342270  -0.0005597723  -0.0018929677
   5.0299999831  -0.0033663216  -0.0003052973  -0.0012333348
   5.0349999831  -0.0036513600  -0.0000614530  -0.0006441732
   5.0399999831  -0.0038666826   0.0001703576  -0.0001605496
   5.0449999831  -0.0039944209   0.0003884967   0.0001902124
   5.0499999830  -0.0040227547   0.0005912847   0.0003900634
   5.0549999830  -0.0039467276   0.0007772238   0.0004312082
   5.0599999830  -0.0037685513   0.0009452084   0.0003164995
   5.0649999830  -0.0034973772   0.0010946830   0.0000592196
   5.0699999830  -0.0031485615   0.0012257190  -0.0003177737
   5.0749999830  -0.0027424968   0.0013390032  -0.0007835308
   5.0799999829  -0.0023031130   0.0014357485  -0.0013010812
   5.0849999829  -0.0018561709   0.0015175535  -0.0018299902
   5.0899999829  -0.0014274758   0.0015862422  -0.0023292357
   5.0949999829  -0.0010411320   0.0016437147  -0.0027601882
   5.0999999829  -0.0007179478   0.0016918315  -0.0030894442
   5.1049999829  -0.0004740874   0.0017323372  -0.0032912636
   5.1099999828  -0.0003200487   0.0017668233  -0.0033493975
   5.1149999828  -0.0002600311   0.0017967164  -0.0032581554
   5.1199999828  -0.0002917371   0.0018232751  -0.0030226401
   5.1249999828  -0.0004066243   0.0018475839  -0.0026581628
   5.1299999828  -0.0005905939   0.0018705321  -0.0021889208
   5.1349999828  -0.0008250660   0.0018927799  -0.0016460757
   5.1399999827  -0.0010883610   0.0019147148  -0.0010654023
   5.1449999827  -0.0013572765   0.0019364115  -0.0004846938
   5.1499999827  -0.0016087403   0.0019576092   0.0000588918
   5.1549999827  -0.0018214142   0.0019777186   0.0005313680
   5.1599999827  -0.0019771396   0.0019958670   0.0009041770
   5.1649999827  -0.0020621334   0.0020109850   0.0011560303
   5.1699999826  -0.0020678668   0.0020219272   0.0012742225
   5.1749999826  -0.0019915810   0.0020276131   0.0012553454
   5.1799999826  -0.0018364154   0.0020271703   0.0011053694
   5.1849999826  -0.0016111386   0.0020200554   0.0008391016
   5.1899999826  -0.0013294944   0.0020061355   0.0004790728
   5.1949999826  -0.0010091955   0.0019857142   0.0000539340
   5.1999999825  -0.0006706240   0.0019594999  -0.0004035299
   5.2049999825  -0.0003353289   0.0019285235  -0.0008586493
   5.2099999825  -0.0000244332   0.0018940208  -0.0012772469
   5.2149999825   0.0002429195   0.0018573041  -0.0016280059
   5.2199999825   0.0004509473   0.0018196447  -0.0018846773
   5.2249999825   0.0005883275   0.0017821843  -0.0020279754
   5.2299999824   0.0006489254   0.0017458855  -0.0020470083
   5.2349999824   0.0006321117   0.0017115170  -0.0019401089
   5.2399999824   0.0005426671   0.0016796641  -0.0017149673
   5.2449999824   0.0003903100   0.0016507470  -0.0013880204
   5.2499999824   0.0001889067   0.0016250314  -0.0009831317
   5.2549999824  -0.0000445647   0.0016026220  -0.0005296647
   5.2599999823  -0.0002912208   0.0015834379  -0.0000601310
   5.2649999823  -0.0005315777   0.0015671804   0.0003923658
   5.2699999823  -0.0007468848   0.0015533074   0.0007966486
   5.2749999823  -0.0009204141   0.0015410337   0.0011257269
   5.2799999823  -0.0010386316   0.0015293672   0.0013586237
   5.2849999823  -0.0010921673   0.0015171867   0.0014816584
   5.2899999822  -0.0010765066   0.0015033516   0.0014891426
   5.2949999822  -0.0009923326   0.0014868262   0.0013835023
   5.2999999822  -0.0008454709   0.0014667983   0.0011748783
   5.3049999822  -0.0006464280   0.0014427685   0.0008802755
   5.3099999822  -0.0004095492   0.0014145971   0.0005223338
   5.3149999822  -0.0001518693   0.0013825023   0.0001277912
   5.3199999821   0.0001082400   0.0013470146  -0.0002742947
   5.3249999821   0.0003525011   0.0013089002  -0.0006544895
   5.3299999821   0.0005641120   0.0012690692  -0.0009849975
   5.3349999821   0.0007289660   0.0012284837  -0.0012416298
   5.3399999821   0.0008366197   0.0011880793  -0.0014055856
   5.3449999821   0.0008809538   0.0011487037  -0.0014648942
   5.3499999820   0.0008605014   0.0011110777  -0.0014153732
   5.3549999820   0.0007784440   0.0010757734  -0.0012609929
   5.3599999820   0.0006422947   0.0010432073  -0.0010135866
   5.3649999820   0.0004633015   0.0010136447  -0.0006919150
   5.3699999820   0.0002556136   0.0009872085  -0.0003201608
   5.3749999820   0.0000352610   0.0009638911   0.0000740094
   5.3799999819  -0.0001809910   0.0009435654   0.0004616378
   5.3849999819  -0.0003768406   0.0009259922   0.0008147250
   5.3899999819  -0.0005376224   0.0009108255   0.0011083440
   5.3949999819  -0.0006513691   0.0008976171   0.0013224494
   5.3999999819  -0.0007096819   0.0008858250   0.0014432522
   5.4049999818  -0.0007083398   0.0008748321   0.0014640754
   5.4099999818  -0.0006475987   0.0008639794   0.0013856513
   5.4149999818  -0.0005321575   0.0008526152   0.0012158689
   5.4199999818  -0.0003707904   0.0008401584   0.0009690163
   5.4249999818  -0.0001756763   0.0008261654   0.0006645989
   5.4299999818   0.0000385296   0.0008103893   0.0003258344
   5.4349999817   0.0002558118   0.0007928173  -0.0000220555
   5.4399999817   0.0004600204   0.0007736742  -0.0003536359
   5.4449999817   0.0006361144   0.0007533883  -0.0006450161
   5.4499999817   0.0007713248   0.0007325218  -0.0008754677
   5.4549999817   0.0008561412   0.0007116788  -0.0010288160
   5.4599999817   0.0008850332   0.0006914067  -0.0010945310
   5.4649999816   0.0008568400   0.0006721123  -0.0010684576
   5.4699999816   0.0007747914   0.0006540094  -0.0009531353
   5.4749999816   0.0006461622   0.0006371068  -0.0007576687
   5.4799999816   0.0004816034   0.0006212384  -0.0004971280
   5.4849999816   0.0002942247   0.0006061252  -0.0001914858
   5.4899999816   0.0000985278   0.0005914532   0.0001358649
   5.4949999815  -0.0000907088   0.0005769454   0.0004599170
   5.4999999815  -0.0002595018   0.0005624113   0.0007560394
   5.5049999815  -0.0003956200   0.0005477620   0.0010019713
   5.5099999815  -0.0004893815   0.0005329889   0.0011796255
   5.5149999815  -0.0005342629   0.0005181177   0.0012765189
   5.5199999815  -0.0005273075   0.0005031537   0.0012866900
   5.5249999814  -0.0004693181   0.0004880401   0.0012110265
   5.5299999814  -0.0003648210   0.0004726463   0.0010570004
   5.5349999814  -0.0002217868   0.0004567947   0.0008378730
   5.5399999814  -0.0000510984   0.0004403202   0.0005714832
   5.5449999814   0.0001342206   0.0004231472   0.0002787565
   5.5499999814   0.0003199806   0.0004053597  -0.0000179264
   5.5549999813   0.0004919339   0.0003872415  -0.0002963775
   5.5599999813   0.0006369200   0.0003692699  -0.0005361654
   5.5649999813   0.0007439379   0.0003520611  -0.0007200134
   5.5699999813   0.0008050386   0.0003362772  -0.0008349640
   5.5749999813   0.0008159490   0.0003225189  -0.0008732508
   5.5799999813   0.0007763723   0.0003112280  -0.0008328227
   5.5849999812   0.0006899461   0.0003026244  -0.0007174776
   5.5899999812   0.0005638780   0.0002966864  -0.0005365796
   5.5949999812   0.0004083049   0.0002931760  -0.0003043661
   5.5999999812   0.0002354439   0.0002916943  -0.0000388819
   5.6049999812   0.0000586099   0.0002917496   0.0002393833
   5.6099999812  -0.0001088193   0.0002928222   0.0005090505
   5.6149999811  -0.0002544143   0.0002944118   0.0007494794
   5.6199999811  -0.0003676081   0.0002960668   0.0009423405
   5.6249999811  -0.0004404489   0.0002973970   0.0010730128
   5.6299999811  -0.0004681376   0.0002980766   0.0011317000
   5.6349999811  -0.0004493154   0.0002978432   0.0011141813
   5.6399999811  -0.0003860844   0.0002964955   0.0010221340
   5.6449999810  -0.0002837697   0.0002938882   0.0008629954
   5.6499999810  -0.0001504518   0.0002899243   0.0006493654
   5.6549999810   0.0000036839   0.0002845457   0.0003979848
   5.6599999810   0.0001671226   0.0002777257   0.0001283704
   5.6649999810   0.0003278616   0.0002694702  -0.0001387801
   5.6699999810   0.0004742613   0.0002598326  -0.0003832689
   5.6749999809   0.0005958543   0.0002489404  -0.0005870097
   5.6799999809   0.0006840704   0.0002370281  -0.0007354220
   5.6849999809   0.0007328362   0.0002244599  -0.0008184884
   5.6899999809   0.0007390145   0.0002117284  -0.0008313960
   5.6949999809   0.0007026471   0.0001994171  -0.0007747337
   5.6999999809   0.0006269727   0.0001881288  -0.0006542627
   5.7049999808   0.0005182025   0.0001783907  -0.0004803168
   5.7099999808   0.0003850517   0.0001705623  -0.0002669084
   5.7149999808   0.0002380527   0.0001647696  -0.0000306278
   5.7199999808   0.0000886985   0.0001608884   0.0002105810
   5.7249999808  -0.0000515082   0.0001585816   0.0004386931
   5.7299999808  -0.0001720096   0.0001573805   0.0006368570
   5.7349999807  -0.0002640565   0.0001567885   0.0007905661
   5.7399999807  -0.0003213942   0.0001563757   0.0008886878
   5.7449999807  -0.0003407070   0.0001558409   0.0009242817
   5.7499999807  -0.0003217880   0.0001550292   0.0008951456
   5.7549999807  -0.0002674347   0.0001539062   0.0008040283
   5.7599999807  -0.0001831008   0.0001525066   0.0006584706
   5.7649999806  -0.0000763584   0.0001508782   0.0004702582
   5.7699999806   0.0000437646   0.0001490403   0.0002545132
   5.7749999806   0.0001675070   0.0001469696   0.0000284853
   5.7799999806   0.0002851007   0.0001446107  -0.0001898550
   5.7849999806   0.0003874549   0.0001419050  -0.0003832928
   5.7899999806   0.0004667661   0.0001388222  -0.0005367778
   5.7949999805   0.0005170315   0.0001353844  -0.0006386322
   5.7999999805   0.0005344426   0.0001316763  -0.0006814501
   5.8049999805   0.0005176426   0.0001278398  -0.0006626167
   5.8099999805   0.0004678273   0.0001240573  -0.0005844182
   5.8149999805   0.0003886753   0.0001205278  -0.0004537508
   5.8199999805   0.0002861012   0.0001174389  -0.0002814777
   5.8249999804   0.0001678378   0.0001149366  -0.0000815016
   5.8299999804   0.0000428726   0.0001130937   0.0001303605
   5.8349999804  -0.0000792239   0.0001118812   0.0003376085
   5.8399999804  -0.0001890250   0.0001111484   0.0005243046
   5.8449999804  -0.0002779738   0.0001106189   0.0006762454
   5.8499999804  -0.0003390495   0.0001099114   0.0007819823
   5.8549999803  -0.0003673242   0.0001085852   0.0008336244
   5.8599999803  -0.0003603640   0.0001062061   0.0008273740
   5.8649999803  -0.0003184440   0.0001024212   0.0007637664
   5.8699999803  -0.0002445532   0.0000970227   0.0006476036
   5.8749999803  -0.0001441831   0.0000899875   0.0004875949
   5.8799999803  -0.0000249075   0.0000814803   0.0002957321
   5.8849999802   0.0001042183   0.0000718204   0.0000864399
   5.8899999802   0.0002333907   0.0000614217  -0.0001244483
   5.8949999802   0.0003528547   0.0000507226  -0.0003208326
   5.8999999802   0.0004536905   0.0000401224  -0.0004875399
   5.9049999802   0.0005285087   0.0000299405  -0.0006114940
   5.9099999802   0.0005719937   0.0000204025  -0.0006827746
   5.9149999801   0.0005812513   0.0000116527  -0.0006954723
   5.9199999801   0.0005559490   0.0000037840  -0.0006482495
   5.9249999801   0.0004982611  -0.0000031286  -0.0005445323
   5.9299999801   0.0004126490  -0.0000090010  -0.0003922916
   5.9349999801   0.0003055128  -0.0000137271  -0.0002034156
   5.9399999801   0.0001847478  -0.0000171842   0.0000072722
   5.9449999800   0.0000592274  -0.0000192531   0.0002232551
   5.9499999800  -0.0000617720  -0.0000198472   0.0004276945
   5.9549999800  -0.0001691897  -0.0000189422   0.0006047963
   5.9599999800  -0.0002548248  -0.0000165989   0.0007410441
   5.9649999800  -0.0003119666  -0.0000129715   0.0008262033
   5.9699999800  -0.0003359637  -0.0000082979   0.0008540333
   5.9749999799  -0.0003246675  -0.0000028715   0.0008226815
   5.9799999799  -0.0002786906   0.0000030000   0.0007347564
   5.9849999799  -0.0002014355   0.0000090413   0.0005970979
   5.9899999799  -0.0000988733   0.0000150506   0.0004202676
   5.9949999799   0.0000209135   0.0000209246   0.0002177882
