   0.0000000000   0.0000000000   0.0000000000   0.0000000000
   0.0050000000   0.0000000000   0.0000000000   0.0000000000
   0.0100000000   0.0000000000   0.0000000000   0.0000000000
   0.0149999999   0.0000000000   0.0000000000   0.0000000000
   0.0199999999   0.0000000000   0.0000000000   0.0000000000
   0.0249999999   0.0000000000   0.0000000000   0.0000000000
   0.0299999999   0.0000000000   0.0000000000   0.0000000000
   0.0349999999   0.0000000000   0.0000000000   0.0000000000
   0.0399999999   0.0000000000   0.0000000000   0.0000000000
   0.0449999998   0.0000000000   0.0000000000   0.0000000000
   0.0499999998   0.0000000000   0.0000000000   0.0000000000
   0.0549999998   0.0000000000   0.0000000000   0.0000000000
   0.0599999998   0.0000000000   0.0000000000   0.0000000000
   0.0649999998   0.0000000000   0.0000000000   0.0000000000
   0.0699999998   0.0000000000   0.0000000000   0.0000000000
   0.0749999997   0.0000000000   0.0000000000   0.0000000000
   0.0799999997   0.0000000000   0.0000000000   0.0000000000
   0.0849999997  -0.0000000000   0.0000000000  -0.0000000000
   0.0899999997  -0.0000000000   0.0000000000  -0.0000000000
   0.0949999997  -0.0000000000   0.0000000000  -0.0000000000
   0.0999999997  -0.0000000000   0.0000000000  -0.0000000000
   0.1049999996  -0.0000000000   0.0000000000  -0.0000000000
   0.1099999996  -0.0000000000   0.0000000000  -0.0000000000
   0.1149999996  -0.0000000000   0.0000000000  -0.0000000000
   0.1199999996  -0.0000000000   0.0000000000  -0.0000000000
   0.1249999996  -0.0000000000   0.0000000000  -0.0000000000
   0.1299999996  -0.0000000000   0.0000000000  -0.0000000000
   0.1349999995   0.0000000000   0.0000000000   0.0000000000
   0.1399999995   0.0000000000  -0.0000000000   0.0000000000
   0.1449999995   0.0000000000  -0.0000000000   0.0000000000
   0.1499999995   0.0000000000  -0.0000000000   0.0000000000
   0.1549999995   0.0000000000  -0.0000000000   0.0000000000
   0.1599999995   0.0000000000  -0.0000000000   0.0000000000
   0.1649999994   0.0000000000  -0.0000000000   0.0000000000
   0.1699999994   0.0000000000  -0.0000000000   0.0000000000
   0.1749999994   0.0000000000  -0.0000000000   0.0000000000
   0.1799999994   0.0000000000  -0.0000000000   0.0000000000
   0.1849999994   0.0000000000  -0.0000000000   0.0000000000
   0.1899999994   0.0000000000  -0.0000000000   0.0000000000
   0.1949999993   0.0000000000  -0.0000000000   0.0000000000
   0.1999999993   0.0000000000  -0.0000000000   0.0000000000
   0.2049999993   0.0000000000  -0.0000000000   0.0000000000
   0.2099999993   0.0000000000  -0.0000000000   0.0000000000
   0.2149999993   0.0000000000  -0.0000000000   0.0000000000
   0.2199999993   0.0000000000  -0.0000000000   0.0000000000
   0.2249999992   0.0000000000  -0.0000000000   0.0000000000
   0.2299999992   0.0000000000  -0.0000000000   0.0000000000
   0.2349999992   0.0000000000  -0.0000000000   0.0000000000
   0.2399999992   0.0000000000  -0.0000000000   0.0000000000
   0.2449999992   0.0000000000  -0.0000000000   0.0000000000
   0.2499999992   0.0000000000  -0.0000000000   0.0000000000
   0.2549999991   0.0000000000  -0.0000000000   0.0000000000
   0.2599999991   0.0000000000  -0.0000000000   0.0000000000
   0.2649999991   0.0000000000  -0.0000000000   0.0000000000
   0.2699999991   0.0000000000  -0.0000000000   0.0000000000
   0.2749999991   0.0000000000  -0.0000000000   0.0000000000
   0.2799999991   0.0000000000  -0.0000000000   0.0000000000
   0.2849999990   0.0000000000  -0.0000000000   0.0000000000
   0.2899999990   0.0000000000  -0.0000000000   0.0000000000
   0.2949999990   0.0000000000  -0.0000000000   0.0000000000
   0.2999999990   0.0000000000  -0.0000000000   0.0000000000
   0.3049999990   0.0000000000  -0.0000000000   0.0000000000
   0.3099999990   0.0000000000  -0.0000000000   0.0000000000
   0.3149999989   0.0000000000  -0.0000000000   0.0000000000
   0.3199999989   0.0000000000  -0.0000000000   0.0000000000
   0.3249999989   0.0000000000  -0.0000000000   0.0000000000
   0.3299999989   0.0000000000  -0.0000000000   0.0000000000
   0.3349999989   0.0000000000  -0.0000000000   0.0000000000
   0.3399999989   0.0000000000  -0.0000000000   0.0000000000
   0.3449999988   0.0000000000  -0.0000000000   0.0000000000
   0.3499999988   0.0000000000  -0.0000000000   0.0000000000
   0.3549999988   0.0000000000  -0.0000000000   0.0000000000
   0.3599999988   0.0000000000  -0.0000000000   0.0000000000
   0.3649999988   0.0000000000  -0.0000000000   0.0000000000
   0.3699999988   0.0000000000  -0.0000000000   0.0000000000
   0.3749999987   0.0000000000  -0.0000000000   0.0000000000
   0.3799999987   0.0000000000  -0.0000000000   0.0000000000
   0.3849999987   0.0000000000  -0.0000000000   0.0000000000
   0.3899999987   0.0000000000  -0.0000000000   0.0000000000
   0.3949999987   0.0000000000  -0.0000000000   0.0000000000
   0.3999999987   0.0000000000  -0.0000000000   0.0000000000
   0.4049999986   0.0000000000  -0.0000000000   0.0000000000
   0.4099999986   0.0000000000   0.0000000000   0.0000000000
   0.4149999986  -0.0000000000   0.0000000000  -0.0000000000
   0.4199999986  -0.0000000000   0.0000000000  -0.0000000000
   0.4249999986  -0.0000000000   0.0000000000  -0.0000000000
   0.4299999986  -0.0000000000   0.0000000000  -0.0000000000
   0.4349999985  -0.0000000000   0.0000000000  -0.0000000000
   0.4399999985  -0.0000000000   0.0000000000  -0.0000000000
   0.4449999985  -0.0000000000   0.0000000000  -0.0000000000
   0.4499999985  -0.0000000000   0.0000000000  -0.0000000000
   0.4549999985  -0.0000000000   0.0000000000  -0.0000000000
   0.4599999985  -0.0000000000   0.0000000000  -0.0000000000
   0.4649999984  -0.0000000000   0.0000000000  -0.0000000000
   0.4699999984  -0.0000000000   0.0000000000  -0.0000000000
   0.4749999984  -0.0000000000   0.0000000000  -0.0000000000
   0.4799999984  -0.0000000000   0.0000000000  -0.0000000000
   0.4849999984  -0.0000000000   0.0000000000  -0.0000000000
   0.4899999984  -0.0000000000   0.0000000000  -0.0000000000
   0.4949999983  -0.0000000000   0.0000000000  -0.0000000000
   0.4999999983  -0.0000000000   0.0000000000  -0.0000000000
   0.5049999983  -0.0000000000   0.0000000000  -0.0000000000
   0.5099999983  -0.0000000000   0.0000000000  -0.0000000000
   0.5149999983  -0.0000000000   0.0000000000  -0.0000000000
   0.5199999983  -0.0000000000   0.0000000000  -0.0000000000
   0.5249999982  -0.0000000000   0.0000000000  -0.0000000000
   0.5299999982  -0.0000000000   0.0000000000  -0.0000000000
   0.5349999982  -0.0000000000   0.0000000000  -0.0000000000
   0.5399999982  -0.0000000000   0.0000000000  -0.0000000000
   0.5449999982  -0.0000000000   0.0000000000  -0.0000000000
   0.5499999982  -0.0000000000   0.0000000000  -0.0000000000
   0.5549999981  -0.0000000000   0.0000000000  -0.0000000000
   0.5599999981  -0.0000000000   0.0000000000  -0.0000000000
   0.5649999981  -0.0000000000   0.0000000000  -0.0000000000
   0.5699999981  -0.0000000000   0.0000000000  -0.0000000000
   0.5749999981  -0.0000000000   0.0000000000  -0.0000000000
   0.5799999981  -0.0000000000   0.0000000000  -0.0000000000
   0.5849999980  -0.0000000000   0.0000000000  -0.0000000000
   0.5899999980  -0.0000000000   0.0000000000  -0.0000000000
   0.5949999980  -0.0000000000   0.0000000000  -0.0000000000
   0.5999999980  -0.0000000000   0.0000000000  -0.0000000000
   0.6049999980  -0.0000000000   0.0000000000  -0.0000000000
   0.6099999980   0.0000000000   0.0000000000   0.0000000000
   0.6149999979   0.0000000000   0.0000000000   0.0000000000
   0.6199999979   0.0000000000   0.0000000000   0.0000000000
   0.6249999979   0.0000000000   0.0000000000   0.0000000000
   0.6299999979   0.0000000000   0.0000000000   0.0000000000
   0.6349999979   0.0000000000   0.0000000000   0.0000000000
   0.6399999979   0.0000000000   0.0000000000   0.0000000000
   0.6449999978   0.0000000000   0.0000000000   0.0000000000
   0.6499999978   0.0000000000   0.0000000000   0.0000000000
   0.6549999978   0.0000000000   0.0000000000   0.0000000000
   0.6599999978   0.0000000000   0.0000000000   0.0000000000
   0.6649999978   0.0000000000   0.0000000000   0.0000000000
   0.6699999978   0.0000000000   0.0000000000   0.0000000000
   0.6749999977   0.0000000000  -0.0000000000   0.0000000000
   0.6799999977   0.0000000000  -0.0000000000   0.0000000000
   0.6849999977   0.0000000000  -0.0000000000   0.0000000000
   0.6899999977   0.0000000000  -0.0000000000   0.0000000000
   0.6949999977  -0.0000000000  -0.0000000000  -0.0000000000
   0.6999999976  -0.0000000000  -0.0000000000  -0.0000000000
   0.7049999976  -0.0000000000  -0.0000000000  -0.0000000000
   0.7099999976  -0.0000000000  -0.0000000000  -0.0000000000
   0.7149999976  -0.0000000000  -0.0000000000  -0.0000000000
   0.7199999976  -0.0000000000  -0.0000000000  -0.0000000000
   0.7249999976  -0.0000000000  -0.0000000000  -0.0000000000
   0.7299999975  -0.0000000000  -0.0000000000  -0.0000000000
   0.7349999975  -0.0000000000  -0.0000000000  -0.0000000000
   0.7399999975  -0.0000000000   0.0000000000  -0.0000000000
   0.7449999975   0.0000000000   0.0000000000   0.0000000000
   0.7499999975   0.0000000000   0.0000000000   0.0000000000
   0.7549999975   0.0000000000   0.0000000000   0.0000000000
   0.7599999974   0.0000000000   0.0000000000   0.0000000000
   0.7649999974   0.0000000000   0.0000000000   0.0000000000
   0.7699999974   0.0000000000   0.0000000000   0.0000000000
   0.7749999974   0.0000000000   0.0000000000   0.0000000000
   0.7799999974   0.0000000000   0.0000000000   0.0000000000
   0.7849999974   0.0000000000   0.0000000000   0.0000000000
   0.7899999973   0.0000000000   0.0000000000   0.0000000000
   0.7949999973   0.0000000000   0.0000000000   0.0000000000
   0.7999999973   0.0000000000   0.0000000000   0.0000000000
   0.8049999973   0.0000000000   0.0000000000   0.0000000000
   0.8099999973   0.0000000000   0.0000000000   0.0000000000
   0.8149999973   0.0000000000   0.0000000000   0.0000000000
   0.8199999972   0.0000000000   0.0000000000   0.0000000000
   0.8249999972   0.0000000000   0.0000000000   0.0000000000
   0.8299999972   0.0000000000   0.0000000000   0.0000000000
   0.8349999972   0.0000000000   0.0000000000   0.0000000000
   0.8399999972   0.0000000000   0.0000000000   0.0000000000
   0.8449999972   0.0000000000   0.0000000000   0.0000000000
   0.8499999971   0.0000000000   0.0000000000   0.0000000000
   0.8549999971   0.0000000000   0.0000000000   0.0000000000
   0.8599999971   0.0000000000   0.0000000000   0.0000000000
   0.8649999971   0.0000000000   0.0000000000   0.0000000000
   0.8699999971   0.0000000000   0.0000000000   0.0000000000
   0.8749999971   0.0000000000   0.0000000000   0.0000000000
   0.8799999970   0.0000000000   0.0000000000   0.0000000000
   0.8849999970   0.0000000000   0.0000000000   0.0000000000
   0.8899999970   0.0000000000   0.0000000000   0.0000000000
   0.8949999970   0.0000000000   0.0000000000   0.0000000000
   0.8999999970   0.0000000000   0.0000000000   0.0000000000
   0.9049999970   0.0000000000   0.0000000000   0.0000000000
   0.9099999969   0.0000000000   0.0000000000   0.0000000000
   0.9149999969   0.0000000000   0.0000000000   0.0000000000
   0.9199999969   0.0000000000   0.0000000000   0.0000000000
   0.9249999969   0.0000000000   0.0000000000   0.0000000000
   0.9299999969   0.0000000000   0.0000000000   0.0000000000
   0.9349999969   0.0000000000   0.0000000000   0.0000000000
   0.9399999968   0.0000000000   0.0000000000   0.0000000000
   0.9449999968   0.0000000000   0.0000000000   0.0000000000
   0.9499999968   0.0000000000   0.0000000000   0.0000000000
   0.9549999968   0.0000000000   0.0000000000   0.0000000000
   0.9599999968   0.0000000000   0.0000000000   0.0000000000
   0.9649999968   0.0000000000   0.0000000000   0.0000000000
   0.9699999967   0.0000000000   0.0000000000   0.0000000000
   0.9749999967   0.0000000000   0.0000000000   0.0000000000
   0.9799999967   0.0000000000   0.0000000000   0.0000000000
   0.9849999967   0.0000000000   0.0000000000   0.0000000000
   0.9899999967   0.0000000000   0.0000000000   0.0000000000
   0.9949999967   0.0000000000   0.0000000000   0.0000000000
   0.9999999966   0.0000000000   0.0000000000   0.0000000000
   1.0049999966   0.0000000000   0.0000000000   0.0000000000
   1.0099999966   0.0000000000   0.0000000000   0.0000000000
   1.0149999966   0.0000000000   0.0000000000   0.0000000000
   1.0199999966   0.0000000000   0.0000000000   0.0000000000
   1.0249999966   0.0000000000   0.0000000000   0.0000000000
   1.0299999965   0.0000000000   0.0000000000   0.0000000000
   1.0349999965   0.0000000000   0.0000000000   0.0000000000
   1.0399999965   0.0000000000   0.0000000000   0.0000000000
   1.0449999965   0.0000000000   0.0000000000   0.0000000000
   1.0499999965   0.0000000000   0.0000000000   0.0000000000
   1.0549999965   0.0000000000   0.0000000000   0.0000000000
   1.0599999964   0.0000000000   0.0000000000   0.0000000000
   1.0649999964   0.0000000000   0.0000000000   0.0000000000
   1.0699999964   0.0000000000   0.0000000000   0.0000000000
   1.0749999964   0.0000000000   0.0000000000   0.0000000000
   1.0799999964   0.0000000000   0.0000000000   0.0000000000
   1.0849999964   0.0000000000   0.0000000000   0.0000000000
   1.0899999963   0.0000000000   0.0000000000   0.0000000000
   1.0949999963   0.0000000000   0.0000000000   0.0000000000
   1.0999999963   0.0000000000   0.0000000000   0.0000000000
   1.1049999963   0.0000000000   0.0000000000   0.0000000000
   1.1099999963   0.0000000000   0.0000000000   0.0000000000
   1.1149999963   0.0000000000   0.0000000000   0.0000000000
   1.1199999962   0.0000000000   0.0000000000   0.0000000000
   1.1249999962   0.0000000000   0.0000000000   0.0000000000
   1.1299999962   0.0000000000   0.0000000000   0.0000000000
   1.1349999962   0.0000000000   0.0000000000   0.0000000000
   1.1399999962   0.0000000000   0.0000000000   0.0000000000
   1.1449999962   0.0000000000   0.0000000000   0.0000000000
   1.1499999961  -0.0000000000  -0.0000000000  -0.0000000000
   1.1549999961  -0.0000000000  -0.0000000000  -0.0000000000
   1.1599999961  -0.0000000000  -0.0000000000  -0.0000000000
   1.1649999961  -0.0000000000  -0.0000000000  -0.0000000000
   1.1699999961  -0.0000000000  -0.0000000000  -0.0000000000
   1.1749999961  -0.0000000000  -0.0000000000  -0.0000000000
   1.1799999960  -0.0000000000  -0.0000000000  -0.0000000000
   1.1849999960  -0.0000000000  -0.0000000000  -0.0000000000
   1.1899999960  -0.0000000000  -0.0000000000  -0.0000000000
   1.1949999960  -0.0000000000  -0.0000000000  -0.0000000000
   1.1999999960  -0.0000000000  -0.0000000000  -0.0000000000
   1.2049999960  -0.0000000000  -0.0000000000  -0.0000000000
   1.2099999959  -0.0000000000  -0.0000000000  -0.0000000000
   1.2149999959  -0.0000000000  -0.0000000000  -0.0000000000
   1.2199999959  -0.0000000000  -0.0000000000  -0.0000000000
   1.2249999959   0.0000000000   0.0000000000   0.0000000000
   1.2299999959   0.0000000000   0.0000000000   0.0000000000
   1.2349999959   0.0000000000   0.0000000000   0.0000000000
   1.2399999958   0.0000000000   0.0000000000   0.0000000000
   1.2449999958   0.0000000000   0.0000000000   0.0000000000
   1.2499999958   0.0000000000   0.0000000000   0.0000000000
   1.2549999958   0.0000000000   0.0000000000   0.0000000000
   1.2599999958   0.0000000000   0.0000000000   0.0000000000
   1.2649999958   0.0000000000   0.0000000000   0.0000000000
   1.2699999957   0.0000000000   0.0000000000   0.0000000000
   1.2749999957   0.0000000000   0.0000000000   0.0000000000
   1.2799999957   0.0000000000   0.0000000000   0.0000000000
   1.2849999957   0.0000000000   0.0000000000   0.0000000000
   1.2899999957  -0.0000000000  -0.0000000000  -0.0000000000
   1.2949999957  -0.0000000000  -0.0000000000  -0.0000000000
   1.2999999956  -0.0000000000  -0.0000000000  -0.0000000000
   1.3049999956  -0.0000000000  -0.0000000000  -0.0000000000
   1.3099999956  -0.0000000000  -0.0000000000  -0.0000000000
   1.3149999956  -0.0000000000  -0.0000000000  -0.0000000000
   1.3199999956  -0.0000000000  -0.0000000000  -0.0000000000
   1.3249999956  -0.0000000000  -0.0000000000  -0.0000000000
   1.3299999955  -0.0000000000  -0.0000000000  -0.0000000000
   1.3349999955  -0.0000000000  -0.0000000000  -0.0000000000
   1.3399999955  -0.0000000000  -0.0000000000  -0.0000000000
   1.3449999955   0.0000000000  -0.0000000000   0.0000000000
   1.3499999955   0.0000000000   0.0000000000   0.0000000000
   1.3549999954   0.0000000000   0.0000000000   0.0000000000
   1.3599999954   0.0000000000   0.0000000000   0.0000000000
   1.3649999954   0.0000000000   0.0000000000   0.0000000000
   1.3699999954   0.0000000000   0.0000000000   0.0000000000
   1.3749999954   0.0000000000   0.0000000000   0.0000000000
   1.3799999954   0.0000000000   0.0000000000   0.0000000000
   1.3849999953   0.0000000000   0.0000000000   0.0000000000
   1.3899999953   0.0000000000   0.0000000000   0.0000000000
   1.3949999953   0.0000000000   0.0000000000   0.0000000000
   1.3999999953  -0.0000000000   0.0000000000  -0.0000000000
   1.4049999953  -0.0000000000  -0.0000000000  -0.0000000000
   1.4099999953  -0.0000000000  -0.0000000000  -0.0000000000
   1.4149999952  -0.0000000000  -0.0000000000  -0.0000000000
   1.4199999952  -0.0000000000  -0.0000000000  -0.0000000000
   1.4249999952  -0.0000000000  -0.0000000000  -0.0000000000
   1.4299999952  -0.0000000000  -0.0000000000  -0.0000000000
   1.4349999952  -0.0000000000  -0.0000000000  -0.0000000000
   1.4399999952  -0.0000000000  -0.0000000000  -0.0000000000
   1.4449999951  -0.0000000000  -0.0000000000  -0.0000000000
   1.4499999951   0.0000000000  -0.0000000000   0.0000000000
   1.4549999951   0.0000000000   0.0000000000   0.0000000000
   1.4599999951   0.0000000000   0.0000000000   0.0000000000
   1.4649999951   0.0000000000   0.0000000000   0.0000000000
   1.4699999951   0.0000000000   0.0000000000   0.0000000000
   1.4749999950   0.0000000000   0.0000000000   0.0000000000
   1.4799999950   0.0000000000   0.0000000000   0.0000000000
   1.4849999950   0.0000000000   0.0000000000   0.0000000000
   1.4899999950   0.0000000000   0.0000000000   0.0000000000
   1.4949999950  -0.0000000000   0.0000000000  -0.0000000000
   1.4999999950  -0.0000000000  -0.0000000000  -0.0000000000
   1.5049999949  -0.0000000000  -0.0000000000  -0.0000000000
   1.5099999949  -0.0000000000  -0.0000000000  -0.0000000000
   1.5149999949  -0.0000000000  -0.0000000000  -0.0000000000
   1.5199999949  -0.0000000000  -0.0000000000  -0.0000000000
   1.5249999949  -0.0000000000  -0.0000000000  -0.0000000000
   1.5299999949  -0.0000000000  -0.0000000000  -0.0000000000
   1.5349999948  -0.0000000000  -0.0000000000  -0.0000000000
   1.5399999948   0.0000000000  -0.0000000000   0.0000000000
   1.5449999948   0.0000000000   0.0000000000   0.0000000000
   1.5499999948   0.0000000000   0.0000000000   0.0000000000
   1.5549999948   0.0000000000   0.0000000000   0.0000000000
   1.5599999948   0.0000000000   0.0000000000   0.0000000000
   1.5649999947   0.0000000000   0.0000000000   0.0000000000
   1.5699999947   0.0000000000   0.0000000000   0.0000000000
   1.5749999947   0.0000000000   0.0000000000   0.0000000000
   1.5799999947   0.0000000000   0.0000000000   0.0000000000
   1.5849999947  -0.0000000000  -0.0000000000  -0.0000000000
   1.5899999947  -0.0000000000  -0.0000000000  -0.0000000000
   1.5949999946  -0.0000000001  -0.0000000000  -0.0000000001
   1.5999999946  -0.0000000001  -0.0000000000  -0.0000000001
   1.6049999946  -0.0000000001  -0.0000000000  -0.0000000001
   1.6099999946  -0.0000000000  -0.0000000000  -0.0000000000
   1.6149999946  -0.0000000000  -0.0000000000  -0.0000000000
   1.6199999946  -0.0000000000  -0.0000000000  -0.0000000000
   1.6249999945   0.0000000000   0.0000000000   0.0000000000
   1.6299999945   0.0000000001   0.0000000000   0.0000000001
   1.6349999945   0.0000000001   0.0000000000   0.0000000001
   1.6399999945   0.0000000001   0.0000000001   0.0000000001
   1.6449999945   0.0000000001   0.0000000001   0.0000000001
   1.6499999945   0.0000000001   0.0000000001   0.0000000001
   1.6549999944   0.0000000000   0.0000000000   0.0000000000
   1.6599999944  -0.0000000000   0.0000000000  -0.0000000000
   1.6649999944  -0.0000000001  -0.0000000000  -0.0000000001
   1.6699999944  -0.0000000001  -0.0000000000  -0.0000000001
   1.6749999944  -0.0000000001  -0.0000000001  -0.0000000001
   1.6799999944  -0.0000000002  -0.0000000001  -0.0000000002
   1.6849999943  -0.0000000001  -0.0000000001  -0.0000000001
   1.6899999943  -0.0000000001  -0.0000000001  -0.0000000001
   1.6949999943  -0.0000000000  -0.0000000001  -0.0000000000
   1.6999999943   0.0000000000  -0.0000000000   0.0000000000
   1.7049999943   0.0000000001   0.0000000000   0.0000000001
   1.7099999943   0.0000000002   0.0000000001   0.0000000002
   1.7149999942   0.0000000002   0.0000000001   0.0000000002
   1.7199999942   0.0000000002   0.0000000001   0.0000000002
   1.7249999942   0.0000000002   0.0000000001   0.0000000002
   1.7299999942   0.0000000001   0.0000000001   0.0000000001
   1.7349999942  -0.0000000000   0.0000000001  -0.0000000000
   1.7399999942  -0.0000000001  -0.0000000000  -0.0000000001
   1.7449999941  -0.0000000002  -0.0000000001  -0.0000000002
   1.7499999941  -0.0000000003  -0.0000000001  -0.0000000003
   1.7549999941  -0.0000000003  -0.0000000002  -0.0000000003
   1.7599999941  -0.0000000003  -0.0000000002  -0.0000000003
   1.7649999941  -0.0000000002  -0.0000000002  -0.0000000002
   1.7699999941  -0.0000000001  -0.0000000001  -0.0000000001
   1.7749999940   0.0000000001  -0.0000000000   0.0000000001
   1.7799999940   0.0000000003   0.0000000001   0.0000000003
   1.7849999940   0.0000000004   0.0000000002   0.0000000004
   1.7899999940   0.0000000004   0.0000000002   0.0000000004
   1.7949999940   0.0000000004   0.0000000002   0.0000000004
   1.7999999940   0.0000000003   0.0000000002   0.0000000003
   1.8049999939   0.0000000001   0.0000000001   0.0000000001
   1.8099999939  -0.0000000001   0.0000000000  -0.0000000001
   1.8149999939  -0.0000000003  -0.0000000001  -0.0000000003
   1.8199999939  -0.0000000005  -0.0000000002  -0.0000000005
   1.8249999939  -0.0000000006  -0.0000000003  -0.0000000006
   1.8299999939  -0.0000000005  -0.0000000003  -0.0000000005
   1.8349999938  -0.0000000004  -0.0000000003  -0.0000000004
   1.8399999938  -0.0000000001  -0.0000000002  -0.0000000001
   1.8449999938   0.0000000001  -0.0000000001   0.0000000001
   1.8499999938   0.0000000004   0.0000000001   0.0000000004
   1.8549999938   0.0000000006   0.0000000002   0.0000000006
   1.8599999938   0.0000000007   0.0000000003   0.0000000007
   1.8649999937   0.0000000006   0.0000000004   0.0000000006
   1.8699999937   0.0000000004   0.0000000003   0.0000000004
   1.8749999937   0.0000000001   0.0000000002   0.0000000001
   1.8799999937  -0.0000000002   0.0000000000  -0.0000000002
   1.8849999937  -0.0000000005  -0.0000000001  -0.0000000005
   1.8899999937  -0.0000000007  -0.0000000003  -0.0000000007
   1.8949999936  -0.0000000008  -0.0000000004  -0.0000000008
   1.8999999936  -0.0000000007  -0.0000000004  -0.0000000007
   1.9049999936  -0.0000000004  -0.0000000003  -0.0000000004
   1.9099999936  -0.0000000000  -0.0000000002  -0.0000000000
   1.9149999936   0.0000000004   0.0000000000   0.0000000004
   1.9199999936   0.0000000007   0.0000000002   0.0000000007
   1.9249999935   0.0000000009   0.0000000004   0.0000000009
   1.9299999935   0.0000000008   0.0000000004   0.0000000008
   1.9349999935   0.0000000006   0.0000000004   0.0000000006
   1.9399999935   0.0000000003   0.0000000003   0.0000000003
   1.9449999935  -0.0000000002   0.0000000001  -0.0000000002
   1.9499999935  -0.0000000006  -0.0000000001  -0.0000000006
   1.9549999934  -0.0000000009  -0.0000000003  -0.0000000009
   1.9599999934  -0.0000000009  -0.0000000004  -0.0000000009
   1.9649999934  -0.0000000008  -0.0000000005  -0.0000000008
   1.9699999934  -0.0000000005  -0.0000000004  -0.0000000005
   1.9749999934   0.0000000000  -0.0000000002   0.0000000000
   1.9799999934   0.0000000005   0.0000000000   0.0000000005
   1.9849999933   0.0000000009   0.0000000003   0.0000000009
   1.9899999933   0.0000000010   0.0000000004   0.0000000010
   1.9949999933   0.0000000009   0.0000000005   0.0000000009
   1.9999999933   0.0000000006   0.0000000004   0.0000000006
   2.0049999933   0.0000000001   0.0000000003   0.0000000001
   2.0099999933  -0.0000000004   0.0000000000  -0.0000000004
   2.0149999932  -0.0000000009  -0.0000000002  -0.0000000009
   2.0199999932  -0.0000000011  -0.0000000004  -0.0000000011
   2.0249999932  -0.0000000011  -0.0000000005  -0.0000000011
   2.0299999932  -0.0000000007  -0.0000000005  -0.0000000007
   2.0349999932  -0.0000000002  -0.0000000003  -0.0000000002
   2.0399999931   0.0000000004  -0.0000000001   0.0000000004
   2.0449999931   0.0000000009   0.0000000002   0.0000000009
   2.0499999931   0.0000000012   0.0000000005   0.0000000012
   2.0549999931   0.0000000012   0.0000000006   0.0000000012
   2.0599999931   0.0000000009   0.0000000005   0.0000000009
   2.0649999931   0.0000000003   0.0000000004   0.0000000003
   2.0699999930  -0.0000000004   0.0000000001  -0.0000000004
   2.0749999930  -0.0000000010  -0.0000000003  -0.0000000010
   2.0799999930  -0.0000000014  -0.0000000005  -0.0000000014
   2.0849999930  -0.0000000014  -0.0000000007  -0.0000000014
   2.0899999930  -0.0000000010  -0.0000000007  -0.0000000010
   2.0949999930  -0.0000000003  -0.0000000004  -0.0000000003
   2.0999999929   0.0000000005  -0.0000000001   0.0000000005
   2.1049999929   0.0000000012   0.0000000003   0.0000000012
   2.1099999929   0.0000000016   0.0000000007   0.0000000016
   2.1149999929   0.0000000016   0.0000000009   0.0000000016
   2.1199999929   0.0000000011   0.0000000009   0.0000000011
   2.1249999929   0.0000000003   0.0000000006   0.0000000003
   2.1299999928  -0.0000000006   0.0000000002  -0.0000000006
   2.1349999928  -0.0000000015  -0.0000000002  -0.0000000015
   2.1399999928  -0.0000000020  -0.0000000006  -0.0000000020
   2.1449999928  -0.0000000020  -0.0000000009  -0.0000000020
   2.1499999928  -0.0000000014  -0.0000000010  -0.0000000014
   2.1549999928  -0.0000000004  -0.0000000008  -0.0000000004
   2.1599999927   0.0000000008  -0.0000000004   0.0000000008
   2.1649999927   0.0000000019   0.0000000000   0.0000000019
   2.1699999927   0.0000000026   0.0000000004   0.0000000026
   2.1749999927   0.0000000027   0.0000000005   0.0000000027
   2.1799999927   0.0000000021   0.0000000005   0.0000000021
   2.1849999927   0.0000000010   0.0000000002   0.0000000010
   2.1899999926  -0.0000000004  -0.0000000003  -0.0000000004
   2.1949999926  -0.0000000017  -0.0000000007  -0.0000000017
   2.1999999926  -0.0000000026  -0.0000000010  -0.0000000026
   2.2049999926  -0.0000000028  -0.0000000009  -0.0000000028
   2.2099999926  -0.0000000024  -0.0000000005  -0.0000000024
   2.2149999926  -0.0000000013   0.0000000003  -0.0000000013
   2.2199999925   0.0000000001   0.0000000012   0.0000000001
   2.2249999925   0.0000000013   0.0000000022   0.0000000013
   2.2299999925   0.0000000020   0.0000000030   0.0000000020
   2.2349999925   0.0000000020   0.0000000033   0.0000000020
   2.2399999925   0.0000000012   0.0000000030   0.0000000012
   2.2449999925  -0.0000000001   0.0000000021  -0.0000000001
   2.2499999924  -0.0000000017   0.0000000007  -0.0000000017
   2.2549999924  -0.0000000029  -0.0000000009  -0.0000000029
   2.2599999924  -0.0000000034  -0.0000000024  -0.0000000034
   2.2649999924  -0.0000000029  -0.0000000036  -0.0000000029
   2.2699999924  -0.0000000014  -0.0000000042  -0.0000000014
   2.2749999924   0.0000000008  -0.0000000042   0.0000000008
   2.2799999923   0.0000000032  -0.0000000036   0.0000000032
   2.2849999923   0.0000000051  -0.0000000027   0.0000000051
   2.2899999923   0.0000000060  -0.0000000015   0.0000000060
   2.2949999923   0.0000000056  -0.0000000005   0.0000000056
   2.2999999923   0.0000000040   0.0000000002   0.0000000040
   2.3049999923   0.0000000014   0.0000000007   0.0000000014
   2.3099999922  -0.0000000016   0.0000000009  -0.0000000016
   2.3149999922  -0.0000000042   0.0000000009  -0.0000000042
   2.3199999922  -0.0000000057   0.0000000011  -0.0000000057
   2.3249999922  -0.0000000059   0.0000000014  -0.0000000059
   2.3299999922  -0.0000000047   0.0000000021  -0.0000000047
   2.3349999922  -0.0000000024   0.0000000028  -0.0000000024
   2.3399999921   0.0000000003   0.0000000036   0.0000000003
   2.3449999921   0.0000000027   0.0000000040   0.0000000027
   2.3499999921   0.0000000041   0.0000000040   0.0000000041
   2.3549999921   0.0000000042   0.0000000032   0.0000000042
   2.3599999921   0.0000000029   0.0000000018   0.0000000029
   2.3649999921   0.0000000007  -0.0000000001   0.0000000007
   2.3699999920  -0.0000000018  -0.0000000021  -0.0000000018
   2.3749999920  -0.0000000037  -0.0000000038  -0.0000000037
   2.3799999920  -0.0000000046  -0.0000000048  -0.0000000046
   2.3849999920  -0.0000000041  -0.0000000048  -0.0000000041
   2.3899999920  -0.0000000023  -0.0000000039  -0.0000000023
   2.3949999920   0.0000000002  -0.0000000022   0.0000000002
   2.3999999919   0.0000000027  -0.0000000001   0.0000000027
   2.4049999919   0.0000000045   0.0000000018   0.0000000045
   2.4099999919   0.0000000049   0.0000000031   0.0000000049
   2.4149999919   0.0000000039   0.0000000034   0.0000000039
   2.4199999919   0.0000000018   0.0000000027   0.0000000018
   2.4249999919  -0.0000000010   0.0000000012  -0.0000000010
   2.4299999918  -0.0000000033  -0.0000000008  -0.0000000033
   2.4349999918  -0.0000000046  -0.0000000028  -0.0000000046
   2.4399999918  -0.0000000043  -0.0000000041  -0.0000000043
   2.4449999918  -0.0000000024  -0.0000000046  -0.0000000024
   2.4499999918   0.0000000006  -0.0000000040   0.0000000006
   2.4549999918   0.0000000038  -0.0000000025   0.0000000038
   2.4599999917   0.0000000062  -0.0000000004   0.0000000062
   2.4649999917   0.0000000070   0.0000000017   0.0000000070
   2.4699999917   0.0000000058   0.0000000034   0.0000000058
   2.4749999917   0.0000000028   0.0000000044   0.0000000028
   2.4799999917  -0.0000000014   0.0000000046  -0.0000000014
   2.4849999917  -0.0000000056   0.0000000040  -0.0000000056
   2.4899999916  -0.0000000088   0.0000000031  -0.0000000088
   2.4949999916  -0.0000000100   0.0000000021  -0.0000000100
   2.4999999916  -0.0000000089   0.0000000012  -0.0000000089
   2.5049999916  -0.0000000057   0.0000000007  -0.0000000057
   2.5099999916  -0.0000000012   0.0000000004  -0.0000000012
   2.5149999916   0.0000000034   0.0000000002   0.0000000034
   2.5199999915   0.0000000069  -0.0000000002   0.0000000069
   2.5249999915   0.0000000086  -0.0000000010   0.0000000086
   2.5299999915   0.0000000082  -0.0000000023   0.0000000082
   2.5349999915   0.0000000059  -0.0000000040   0.0000000059
   2.5399999915   0.0000000027  -0.0000000056   0.0000000027
   2.5449999915  -0.0000000004  -0.0000000067  -0.0000000004
   2.5499999914  -0.0000000025  -0.0000000068  -0.0000000025
   2.5549999914  -0.0000000031  -0.0000000057  -0.0000000031
   2.5599999914  -0.0000000020  -0.0000000034  -0.0000000020
   2.5649999914  -0.0000000000  -0.0000000002  -0.0000000000
   2.5699999914   0.0000000019   0.0000000035   0.0000000019
   2.5749999914   0.0000000028   0.0000000069   0.0000000028
   2.5799999913   0.0000000019   0.0000000093   0.0000000019
   2.5849999913  -0.0000000008   0.0000000103  -0.0000000008
   2.5899999913  -0.0000000048   0.0000000096  -0.0000000048
   2.5949999913  -0.0000000088   0.0000000075  -0.0000000088
   2.5999999913  -0.0000000111   0.0000000041  -0.0000000111
   2.6049999913  -0.0000000103   0.0000000001  -0.0000000103
   2.6099999912  -0.0000000055  -0.0000000043  -0.0000000055
   2.6149999912   0.0000000034  -0.0000000086   0.0000000034
   2.6199999912   0.0000000153  -0.0000000127   0.0000000153
   2.6249999912   0.0000000279  -0.0000000163   0.0000000279
   2.6299999912   0.0000000379  -0.0000000190   0.0000000379
   2.6349999912   0.0000000415  -0.0000000199   0.0000000415
   2.6399999911   0.0000000347  -0.0000000177   0.0000000347
   2.6449999911   0.0000000138  -0.0000000105   0.0000000138
   2.6499999911  -0.0000000233   0.0000000037  -0.0000000233
   2.6549999911  -0.0000000762   0.0000000263  -0.0000000762
   2.6599999911  -0.0000001410   0.0000000572  -0.0000001410
   2.6649999911  -0.0000002087   0.0000000937  -0.0000002087
   2.6699999910  -0.0000002640   0.0000001296  -0.0000002640
   2.6749999910  -0.0000002850   0.0000001545  -0.0000002850
   2.6799999910  -0.0000002441   0.0000001542  -0.0000002441
   2.6849999910  -0.0000001114   0.0000001116  -0.0000001114
   2.6899999910   0.0000001401   0.0000000100   0.0000001401
   2.6949999909   0.0000005244  -0.0000001629   0.0000005244
   2.6999999909   0.0000010316  -0.0000004090   0.0000010316
   2.7049999909   0.0000016143  -0.0000007129   0.0000016143
   2.7099999909   0.0000021754  -0.0000010349   0.0000021754
   2.7149999909   0.0000025608  -0.0000013063   0.0000025608
   2.7199999909   0.0000025605  -0.0000014273   0.0000025605
   2.7249999908   0.0000019243  -0.0000012717   0.0000019243
   2.7299999908   0.0000003959  -0.0000007002   0.0000003959
   2.7349999908  -0.0000022330   0.0000004165  -0.0000022330
   2.7399999908  -0.0000060468   0.0000021626  -0.0000060468
   2.7449999908  -0.0000109154   0.0000045323  -0.0000109154
   2.7499999908  -0.0000163978   0.0000073793  -0.0000163978
   2.7549999907  -0.0000216583   0.0000103657  -0.0000216583
   2.7599999907  -0.0000254156   0.0000129245  -0.0000254156
   2.7649999907  -0.0000259555   0.0000142452  -0.0000259555
   2.7699999907  -0.0000212328   0.0000133021  -0.0000212328
   2.7749999907  -0.0000090904   0.0000089378  -0.0000090904
   2.7799999907   0.0000123856   0.0000000170   0.0000123856
   2.7849999906   0.0000443732  -0.0000143429   0.0000443732
   2.7899999906   0.0000866983  -0.0000344678   0.0000866983
   2.7949999906   0.0001371381  -0.0000597624   0.0001371381
   2.7999999906   0.0001907116  -0.0000883167   0.0001907116
   2.8049999906   0.0002390525  -0.0001165270   0.0002390525
   2.8099999906   0.0002699774  -0.0001387910   0.0002699774
   2.8149999905   0.0002673730  -0.0001473423   0.0002673730
   2.8199999905   0.0002115170  -0.0001322945   0.0002115170
   2.8249999905   0.0000799226  -0.0000819549   0.0000799226
   2.8299999905  -0.0001512494   0.0000165501  -0.0001512494
   2.8349999905  -0.0005052315   0.0001763271  -0.0005052315
   2.8399999905  -0.0010022416   0.0004094727  -0.0010022416
   2.8449999904  -0.0016568029   0.0007256100  -0.0016568029
   2.8499999904  -0.0024750481   0.0011303238  -0.0024750481
   2.8549999904  -0.0034523154   0.0016236559  -0.0034523154
   2.8599999904  -0.0045713681   0.0021988470  -0.0045713681
   2.8649999904  -0.0058015563   0.0028415175  -0.0058015563
   2.8699999904  -0.0070991693   0.0035294661  -0.0070991693
   2.8749999903  -0.0084091225   0.0042332124  -0.0084091225
   2.8799999903  -0.0096679772   0.0049173460  -0.0096679772
   2.8849999903  -0.0108081201   0.0055426483  -0.0108081201
   2.8899999903  -0.0117627697   0.0060688589  -0.0117627697
   2.8949999903  -0.0124713292   0.0064578561  -0.0124713292
   2.8999999903  -0.0128845178   0.0066769472  -0.0128845178
   2.9049999902  -0.0129686869   0.0067019152  -0.0129686869
   2.9099999902  -0.0127087887   0.0065194634  -0.0127087887
   2.9149999902  -0.0121095995   0.0061287461  -0.0121095995
   2.9199999902  -0.0111950112   0.0055417623  -0.0111950112
   2.9249999902  -0.0100054488   0.0047825199  -0.0100054488
   2.9299999902  -0.0085937306   0.0038850296  -0.0085937306
   2.9349999901  -0.0070199090   0.0028903419  -0.0070199090
   2.9399999901  -0.0053457825   0.0018429732  -0.0053457825
   2.9449999901  -0.0036298217   0.0007871532  -0.0036298217
   2.9499999901  -0.0019231877  -0.0002366413  -0.0019231877
   2.9549999901  -0.0002673453  -0.0011944448  -0.0002673453
   2.9599999901   0.0013064891  -0.0020605356   0.0013064891
   2.9649999900   0.0027761412  -0.0028179803   0.0027761412
   2.9699999900   0.0041258941  -0.0034580146   0.0041258941
   2.9749999900   0.0053431602  -0.0039784687   0.0053431602
   2.9799999900   0.0064151821  -0.0043815926   0.0064151821
   2.9849999900   0.0073265411  -0.0046717323   0.0073265411
   2.9899999900   0.0080581089  -0.0048533148   0.0080581089
   2.9949999899   0.0085878018  -0.0049295349   0.0085878018
   2.9999999899   0.0088931482  -0.0049019881   0.0088931482
   3.0049999899   0.0089552928  -0.0047713067   0.0089552928
   3.0099999899   0.0087637415  -0.0045386449   0.0087637415
   3.0149999899   0.0083209299  -0.0042076779   0.0083209299
   3.0199999899   0.0076456500  -0.0037866534   0.0076456500
   3.0249999898   0.0067745004  -0.0032899970   0.0067745004
   3.0299999898   0.0057608202  -0.0027390274   0.0057608202
   3.0349999898   0.0046709874  -0.0021614889   0.0046709874
   3.0399999898   0.0035784275  -0.0015898159   0.0035784275
   3.0449999898   0.0025561049  -0.0010582876   0.0025561049
   3.0499999898   0.0016685804  -0.0005994512   0.0016685804
   3.0549999897   0.0009648443  -0.0002403551   0.0009648443
   3.0599999897   0.0004730499   0.0000007998   0.0004730499
   3.0649999897   0.0001979889   0.0001170225   0.0001979889
   3.0699999897   0.0001217067   0.0001134842   0.0001217067
   3.0749999897   0.0002071465   0.0000068648   0.0002071465
   3.0799999897   0.0004042115  -0.0001768395   0.0004042115
   3.0849999896   0.0006572534  -0.0004057227   0.0006572534
   3.0899999896   0.0009127879  -0.0006460688   0.0009127879
   3.0949999896   0.0011262508  -0.0008665144   0.0011262508
   3.0999999896   0.0012668265  -0.0010416529   0.0012668265
   3.1049999896   0.0013197608  -0.0011545714   0.0013197608
   3.1099999896   0.0012860336  -0.0011980122   0.0012860336
   3.1149999895   0.0011797232  -0.0011740924   0.0011797232
   3.1199999895   0.0010237546  -0.0010927599   0.0010237546
   3.1249999895   0.0008449299  -0.0009693533   0.0008449299
   3.1299999895   0.0006691548  -0.0008217490   0.0006691548
   3.1349999895   0.0005176219  -0.0006675934   0.0005176219
   3.1399999895   0.0004044305  -0.0005220406   0.0004044305
   3.1449999894   0.0003357847  -0.0003962711   0.0003357847
   3.1499999894   0.0003105959  -0.0002968894   0.0003105959
   3.1549999894   0.0003220855  -0.0002261241   0.0003220855
   3.1599999894   0.0003598777  -0.0001826259   0.0003598777
   3.1649999894   0.0004120968  -0.0001625853   0.0004120968
   3.1699999894   0.0004671121  -0.0001608990   0.0004671121
   3.1749999893   0.0005147566  -0.0001721648   0.0005147566
   3.1799999893   0.0005470252  -0.0001913818   0.0005470252
   3.1849999893   0.0005583841  -0.0002143301   0.0005583841
   3.1899999893   0.0005458687  -0.0002376846   0.0005458687
   3.1949999893   0.0005091047  -0.0002589561   0.0005091047
   3.1999999893   0.0004502929  -0.0002763598   0.0004502929
   3.2049999892   0.0003740888  -0.0002886762   0.0003740888
   3.2099999892   0.0002872302  -0.0002951233   0.0002872302
   3.2149999892   0.0001977697  -0.0002952247   0.0001977697
   3.2199999892   0.0001138414  -0.0002886340   0.0001138414
   3.2249999892   0.0000420475  -0.0002748970   0.0000420475
   3.2299999892  -0.0000142880  -0.0002531665  -0.0000142880
   3.2349999891  -0.0000566083  -0.0002219364  -0.0000566083
   3.2399999891  -0.0000919194  -0.0001788981  -0.0000919194
   3.2449999891  -0.0001325310  -0.0001210286  -0.0001325310
   3.2499999891  -0.0001945746  -0.0000449834  -0.0001945746
   3.2549999891  -0.0002954156   0.0000522062  -0.0002954156
   3.2599999891  -0.0004503724   0.0001722356  -0.0004503724
   3.2649999890  -0.0006693957   0.0003146197  -0.0006693957
   3.2699999890  -0.0009544566   0.0004760291  -0.0009544566
   3.2749999890  -0.0012983117   0.0006501136  -0.0012983117
   3.2799999890  -0.0016850480   0.0008279758  -0.0016850480
   3.2849999890  -0.0020924181   0.0009993189  -0.0020924181
   3.2899999890  -0.0024955414   0.0011541106  -0.0024955414
   3.2949999889  -0.0028711869   0.0012844417  -0.0028711869
   3.2999999889  -0.0032016614   0.0013861503  -0.0032016614
   3.3049999889  -0.0034773693   0.0014597720  -0.0034773693
   3.3099999889  -0.0036973976   0.0015104815  -0.0036973976
   3.3149999889  -0.0038679444   0.0015468992  -0.0038679444
   3.3199999889  -0.0039989517   0.0015789019  -0.0039989517
   3.3249999888  -0.0040997780   0.0016148460  -0.0040997780
   3.3299999888  -0.0041750339   0.0016588074  -0.0041750339
   3.3349999888  -0.0042217062   0.0017085085  -0.0042217062
   3.3399999888  -0.0042284137   0.0017545160  -0.0042284137
   3.3449999888  -0.0041771116   0.0017810454  -0.0041771116
   3.3499999888  -0.0040469338   0.0017683663  -0.0040469338
   3.3549999887  -0.0038192853   0.0016964212  -0.0038192853
   3.3599999887  -0.0034829279   0.0015489634  -0.0034829279
   3.3649999887  -0.0030377481   0.0013173436  -0.0030377481
   3.3699999887  -0.0024961886   0.0010031025  -0.0024961886
   3.3749999887  -0.0018818909   0.0006187464  -0.0018818909
   3.3799999886  -0.0012258121   0.0001864622  -0.0012258121
   3.3849999886  -0.0005607397  -0.0002650252  -0.0005607397
   3.3899999886   0.0000844271  -0.0007048337   0.0000844271
   3.3949999886   0.0006891735  -0.0011046436   0.0006891735
   3.3999999886   0.0012434851  -0.0014427816   0.0012434851
   3.4049999886   0.0017470492  -0.0017068451   0.0017470492
   3.4099999885   0.0022057903  -0.0018943856   0.0022057903
   3.4149999885   0.0026267368  -0.0020116224   0.0026267368
   3.4199999885   0.0030127049  -0.0020706097   0.0030127049
   3.4249999885   0.0033583960  -0.0020856179   0.0033583960
   3.4299999885   0.0036491610  -0.0020696369   0.0036491610
   3.4349999885   0.0038629962  -0.0020318231   0.0038629962
   3.4399999884   0.0039754425  -0.0019764261   0.0039754425
   3.4449999884   0.0039662296  -0.0019033218   0.0039662296
   3.4499999884   0.0038259420  -0.0018098474   0.0038259420
   3.4549999884   0.0035608665  -0.0016933076   0.0035608665
   3.4599999884   0.0031945573  -0.0015533692   0.0031945573
   3.4649999884   0.0027654348  -0.0013936327   0.0027654348
   3.4699999883   0.0023207399  -0.0012219290   0.0023207399
   3.4749999883   0.0019081194  -0.0010492715   0.0019081194
   3.4799999883   0.0015667762  -0.0008877819   0.0015667762
   3.4849999883   0.0013202928  -0.0007481993   0.0013202928
   3.4899999883   0.0011728683  -0.0006376920   0.0011728683
   3.4949999883   0.0011098848  -0.0005585946   0.0011098848
   3.4999999882   0.0011026466  -0.0005084140   0.0011026466
   3.5049999882   0.0011160945  -0.0004810762   0.0011160945
   3.5099999882   0.0011175601  -0.0004690189   0.0011175601
   3.5149999882   0.0010843891  -0.0004654909   0.0010843891
   3.5199999882   0.0010085907  -0.0004663629   0.0010085907
   3.5249999882   0.0008974760  -0.0004709047   0.0008974760
   3.5299999881   0.0007703110  -0.0004812984   0.0007703110
   3.5349999881   0.0006520497  -0.0005010493   0.0006520497
   3.5399999881   0.0005659430  -0.0005328010   0.0005659430
   3.5449999881   0.0005270536  -0.0005762651   0.0005270536
   3.5499999881   0.0005383828  -0.0006269683   0.0005383828
   3.5549999881   0.0005905315  -0.0006762991   0.0005905315
   3.5599999880   0.0006648066  -0.0007129613   0.0006648066
   3.5649999880   0.0007387175  -0.0007255183   0.0007387175
   3.5699999880   0.0007921748  -0.0007053618   0.0007921748
   3.5749999880   0.0008125620  -0.0006492707   0.0008125620
   3.5799999880   0.0007972490  -0.0005607904   0.0007972490
   3.5849999880   0.0007529239  -0.0004499568   0.0007529239
   3.5899999879   0.0006920934  -0.0003313306   0.0006920934
   3.5949999879   0.0006279687  -0.0002207792   0.0006279687
   3.5999999879   0.0005694353  -0.0001318139   0.0005694353
   3.6049999879   0.0005177776  -0.0000724403   0.0005177776
   3.6099999879   0.0004662792  -0.0000433803   0.0004662792
   3.6149999879   0.0004029208  -0.0000381702   0.0004029208
   3.6199999878   0.0003154027  -0.0000451462   0.0003154027
   3.6249999878   0.0001969374  -0.0000508138   0.0001969374
   3.6299999878   0.0000509202  -0.0000437079   0.0000509202
   3.6349999878  -0.0001071820  -0.0000177025  -0.0001071820
   3.6399999878  -0.0002516389   0.0000261433  -0.0002516389
   3.6449999878  -0.0003518177   0.0000797331  -0.0003518177
   3.6499999877  -0.0003798742   0.0001300714  -0.0003798742
   3.6549999877  -0.0003187784   0.0001628496  -0.0003187784
   3.6599999877  -0.0001684309   0.0001665367  -0.0001684309
   3.6649999877   0.0000519892   0.0001358790   0.0000519892
   3.6699999877   0.0003063853   0.0000738586   0.0003063853
   3.6749999877   0.0005485329  -0.0000084467   0.0005485329
   3.6799999876   0.0007318214  -0.0000941110   0.0007318214
   3.6849999876   0.0008196381  -0.0001641750   0.0008196381
   3.6899999876   0.0007938367  -0.0002020818   0.0007938367
   3.6949999876   0.0006591535  -0.0001976296   0.0006591535
   3.6999999876   0.0004424251  -0.0001494690   0.0004424251
   3.7049999876   0.0001867477  -0.0000655471   0.0001867477
   3.7099999875  -0.0000580214   0.0000385710  -0.0000580214
   3.7149999875  -0.0002461292   0.0001430566  -0.0002461292
   3.7199999875  -0.0003455692   0.0002280016  -0.0003455692
   3.7249999875  -0.0003442745   0.0002774329  -0.0003442745
   3.7299999875  -0.0002515506   0.0002822502  -0.0002515506
   3.7349999875  -0.0000946509   0.0002415069  -0.0000946509
   3.7399999874   0.0000884141   0.0001618942   0.0000884141
   3.7449999874   0.0002578927   0.0000557326   0.0002578927
   3.7499999874   0.0003808763  -0.0000618987   0.0003808763
   3.7549999874   0.0004374761  -0.0001761372   0.0004374761
   3.7599999874   0.0004233804  -0.0002747363   0.0004233804
   3.7649999874   0.0003485911  -0.0003494624   0.0003485911
   3.7699999873   0.0002331183  -0.0003963916   0.0002331183
   3.7749999873   0.0001010919  -0.0004153192   0.0001010919
   3.7799999873  -0.0000250266  -0.0004086914  -0.0000250266
   3.7849999873  -0.0001286955  -0.0003805139  -0.0001286955
   3.7899999873  -0.0002011928  -0.0003355787  -0.0002011928
   3.7949999873  -0.0002411169  -0.0002791394  -0.0002411169
   3.7999999872  -0.0002521367  -0.0002169383  -0.0002521367
   3.8049999872  -0.0002400510  -0.0001553215  -0.0002400510
   3.8099999872  -0.0002102652  -0.0001011318  -0.0002102652
   3.8149999872  -0.0001664772  -0.0000611611  -0.0001664772
   3.8199999872  -0.0001108337  -0.0000411316  -0.0001108337
   3.8249999872  -0.0000452425  -0.0000444027  -0.0000452425
   3.8299999871   0.0000268953  -0.0000707744   0.0000268953
   3.8349999871   0.0000994068  -0.0001158211   0.0000994068
   3.8399999871   0.0001632210  -0.0001711065   0.0001632210
   3.8449999871   0.0002076682  -0.0002254117   0.0002076682
   3.8499999871   0.0002229490  -0.0002668281   0.0002229490
   3.8549999871   0.0002030638  -0.0002852869   0.0002030638
   3.8599999870   0.0001482603  -0.0002749265   0.0001482603
   3.8649999870   0.0000661273  -0.0002356804   0.0000661273
   3.8699999870  -0.0000291848  -0.0001736229  -0.0000291848
   3.8749999870  -0.0001196037  -0.0000999047  -0.0001196037
   3.8799999870  -0.0001870675  -0.0000284636  -0.0001870675
   3.8849999870  -0.0002177786   0.0000269833  -0.0002177786
   3.8899999869  -0.0002056651   0.0000559627  -0.0002056651
   3.8949999869  -0.0001541099   0.0000535610  -0.0001541099
   3.8999999869  -0.0000754424   0.0000214762  -0.0000754424
   3.9049999869   0.0000117381  -0.0000324415   0.0000117381
   3.9099999869   0.0000867761  -0.0000960358   0.0000867761
   3.9149999869   0.0001316891  -0.0001556211   0.0001316891
   3.9199999868   0.0001352725  -0.0001990161   0.0001352725
   3.9249999868   0.0000956073  -0.0002181228   0.0000956073
   3.9299999868   0.0000204128  -0.0002104727   0.0000204128
   3.9349999868  -0.0000747816  -0.0001794364  -0.0000747816
   3.9399999868  -0.0001701541  -0.0001331256  -0.0001701541
   3.9449999868  -0.0002459360  -0.0000823223  -0.0002459360
   3.9499999867  -0.0002865779  -0.0000379770  -0.0002865779
   3.9549999867  -0.0002838318  -0.0000088749  -0.0002838318
   3.9599999867  -0.0002381457   0.0000000193  -0.0002381457
   3.9649999867  -0.0001581798  -0.0000117663  -0.0001581798
   3.9699999867  -0.0000586756  -0.0000405647  -0.0000586756
   3.9749999867   0.0000427679  -0.0000797536   0.0000427679
   3.9799999866   0.0001292736  -0.0001214025   0.0001292736
   3.9849999866   0.0001878867  -0.0001579543   0.0001878867
   3.9899999866   0.0002118023  -0.0001835686   0.0002118023
   3.9949999866   0.0002012747  -0.0001948838   0.0002012747
   3.9999999866   0.0001631428  -0.0001911294   0.0001631428
   4.0049999866   0.0001091669  -0.0001736860   0.0001091669
   4.0099999865   0.0000535680  -0.0001452999   0.0000535680
   4.0149999865   0.0000102666  -0.0001092056   0.0000102666
   4.0199999865  -0.0000096676  -0.0000683792  -0.0000096676
   4.0249999865   0.0000000847  -0.0000250703   0.0000000847
   4.0299999865   0.0000401487   0.0000193445   0.0000401487
   4.0349999864   0.0001055906   0.0000642293   0.0001055906
   4.0399999864   0.0001870629   0.0001093873   0.0001870629
   4.0449999864   0.0002727075   0.0001547140   0.0002727075
   4.0499999864   0.0003504276   0.0001999152   0.0003504276
   4.0549999864   0.0004100730   0.0002443535   0.0004100730
   4.0599999864   0.0004451057   0.0002870403   0.0004451057
   4.0649999863   0.0004534228   0.0003267430   0.0004534228
   4.0699999863   0.0004372025   0.0003621569   0.0004372025
   4.0749999863   0.0004018582   0.0003920819   0.0004018582
   4.0799999863   0.0003543910   0.0004155594   0.0003543910
   4.0849999863   0.0003015706   0.0004319447   0.0003015706
   4.0899999863   0.0002484048   0.0004409100   0.0002484048
   4.0949999862   0.0001972697   0.0004423927   0.0001972697
   4.0999999862   0.0001478827   0.0004365070   0.0001478827
   4.1049999862   0.0000980624   0.0004234412   0.0000980624
   4.1099999862   0.0000449927   0.0004033543   0.0000449927
   4.1149999862  -0.0000134324   0.0003762812  -0.0000134324
   4.1199999862  -0.0000776217   0.0003420520  -0.0000776217
   4.1249999861  -0.0001459778   0.0003002276  -0.0001459778
   4.1299999861  -0.0002153632   0.0002500566  -0.0002153632
   4.1349999861  -0.0002821810   0.0001904649  -0.0002821810
   4.1399999861  -0.0003436947   0.0001200904  -0.0003436947
   4.1449999861  -0.0003991129   0.0000373782  -0.0003991129
   4.1499999861  -0.0004500143  -0.0000592491  -0.0004500143
   4.1549999860  -0.0004998852  -0.0001711436  -0.0004998852
   4.1599999860  -0.0005528259  -0.0002991179  -0.0005528259
   4.1649999860  -0.0006117660  -0.0004430927  -0.0006117660
   4.1699999860  -0.0006767314  -0.0006017607  -0.0006767314
   4.1749999860  -0.0007437442  -0.0007723307  -0.0007437442
   4.1799999860  -0.0008048005  -0.0009504270  -0.0008048005
   4.1849999859  -0.0008490834  -0.0011302045  -0.0008490834
   4.1899999859  -0.0008652117  -0.0013047128  -0.0008652117
   4.1949999859  -0.0008439990  -0.0014664974  -0.0008439990
   4.1999999859  -0.0007810122  -0.0016083702  -0.0007810122
   4.2049999859  -0.0006782141  -0.0017242353  -0.0006782141
   4.2099999859  -0.0005441921  -0.0018098198  -0.0005441921
   4.2149999858  -0.0003928236  -0.0018631627  -0.0003928236
   4.2199999858  -0.0002406503  -0.0018847435  -0.0002406503
   4.2249999858  -0.0001035763  -0.0018772051  -0.0001035763
   4.2299999858   0.0000062995  -0.0018447068   0.0000062995
   4.2349999858   0.0000829363  -0.0017920326   0.0000829363
   4.2399999858   0.0001271447  -0.0017236425   0.0001271447
   4.2449999857   0.0001457560  -0.0016428739   0.0001457560
   4.2499999857   0.0001494256  -0.0015514751   0.0001494256
   4.2549999857   0.0001496699  -0.0014495746   0.0001496699
   4.2599999857   0.0001559148  -0.0013360892   0.0001559148
   4.2649999857   0.0001732956  -0.0012094660   0.0001732956
   4.2699999857   0.0002017193  -0.0010685745   0.0002017193
   4.2749999856   0.0002363432  -0.0009135272   0.0002363432
   4.2799999856   0.0002692459  -0.0007462328   0.0002692459
   4.2849999856   0.0002917692  -0.0005705529   0.0002917692
   4.2899999856   0.0002968691  -0.0003920375   0.0002968691
   4.2949999856   0.0002808608  -0.0002173171   0.0002808608
   4.2999999856   0.0002441525  -0.0000533050   0.0002441525
   4.3049999855   0.0001908642   0.0000936032   0.0001908642
   4.3099999855   0.0001275400   0.0002181688   0.0001275400
   4.3149999855   0.0000613873   0.0003166869   0.0000613873
   4.3199999855  -0.0000014306   0.0003870867  -0.0000014306
   4.3249999855  -0.0000569863   0.0004288182  -0.0000569863
   4.3299999855  -0.0001039847   0.0004426398  -0.0001039847
   4.3349999854  -0.0001433396   0.0004304196  -0.0001433396
   4.3399999854  -0.0001771394   0.0003950261  -0.0001771394
   4.3449999854  -0.0002073759   0.0003403125  -0.0002073759
   4.3499999854  -0.0002348547   0.0002711252  -0.0002348547
   4.3549999854  -0.0002586272   0.0001932243  -0.0002586272
   4.3599999854  -0.0002761145   0.0001129993  -0.0002761145
   4.3649999853  -0.0002838824   0.0000369186  -0.0002838824
   4.3699999853  -0.0002788326  -0.0000292589  -0.0002788326
   4.3749999853  -0.0002594519  -0.0000813763  -0.0002594519
   4.3799999853  -0.0002267440  -0.0001176597  -0.0002267440
   4.3849999853  -0.0001845434  -0.0001391474  -0.0001845434
   4.3899999853  -0.0001390773  -0.0001495705  -0.0001390773
   4.3949999852  -0.0000978353  -0.0001546105  -0.0000978353
   4.3999999852  -0.0000679919  -0.0001606177  -0.0000679919
   4.4049999852  -0.0000547518  -0.0001730421  -0.0000547518
   4.4099999852  -0.0000600247  -0.0001949415  -0.0000600247
   4.4149999852  -0.0000817758  -0.0002259630  -0.0000817758
   4.4199999852  -0.0001142513  -0.0002621101  -0.0001142513
   4.4249999851  -0.0001490800  -0.0002964343  -0.0001490800
   4.4299999851  -0.0001770440  -0.0003205565  -0.0001770440
   4.4349999851  -0.0001901453  -0.0003266934  -0.0001901453
   4.4399999851  -0.0001834987  -0.0003097063  -0.0001834987
   4.4449999851  -0.0001566025  -0.0002686454  -0.0001566025
   4.4499999851  -0.0001136510  -0.0002073622  -0.0001136510
   4.4549999850  -0.0000627651  -0.0001339800  -0.0000627651
   4.4599999850  -0.0000142619  -0.0000593008  -0.0000142619
   4.4649999850   0.0000216750   0.0000054943   0.0000216750
   4.4699999850   0.0000373972   0.0000512967   0.0000373972
   4.4749999850   0.0000296887   0.0000730606   0.0000296887
   4.4799999850   0.0000006714   0.0000708269   0.0000006714
   4.4849999849  -0.0000425519   0.0000495163  -0.0000425519
   4.4899999849  -0.0000894885   0.0000175440  -0.0000894885
   4.4949999849  -0.0001287414  -0.0000153824  -0.0001287414
   4.4999999849  -0.0001508066  -0.0000407044  -0.0001508066
   4.5049999849  -0.0001504934  -0.0000530603  -0.0001504934
   4.5099999849  -0.0001283438  -0.0000514114  -0.0001283438
   4.5149999848  -0.0000906614  -0.0000389805  -0.0000906614
   4.5199999848  -0.0000481013  -0.0000220604  -0.0000481013
   4.5249999848  -0.0000131460  -0.0000080619  -0.0000131460
   4.5299999848   0.0000029127  -0.0000033743   0.0000029127
   4.5349999848  -0.0000072757  -0.0000116534  -0.0000072757
   4.5399999848  -0.0000453400  -0.0000330142  -0.0000453400
   4.5449999847  -0.0001068343  -0.0000643334  -0.0001068343
   4.5499999847  -0.0001823961  -0.0001005367  -0.0001823961
   4.5549999847  -0.0002601046  -0.0001364486  -0.0002601046
   4.5599999847  -0.0003284132  -0.0001686194  -0.0003284132
   4.5649999847  -0.0003788893  -0.0001965512  -0.0003788893
   4.5699999847  -0.0004080564  -0.0002229305  -0.0004080564
   4.5749999846  -0.0004178890  -0.0002527827  -0.0004178890
   4.5799999846  -0.0004148783  -0.0002918016  -0.0004148783
   4.5849999846  -0.0004079700  -0.0003443704  -0.0004079700
   4.5899999846  -0.0004059648  -0.0004119002  -0.0004059648
   4.5949999846  -0.0004150930  -0.0004920287  -0.0004150930
   4.5999999846  -0.0004373979  -0.0005789668  -0.0004373979
   4.6049999845  -0.0004703206  -0.0006649306  -0.0004703206
   4.6099999845  -0.0005075384  -0.0007422585  -0.0005075384
   4.6149999845  -0.0005407731  -0.0008055854  -0.0005407731
   4.6199999845  -0.0005620408  -0.0008534114  -0.0005620408
   4.6249999845  -0.0005657248  -0.0008885650  -0.0005657248
   4.6299999845  -0.0005499322  -0.0009173815  -0.0005499322
   4.6349999844  -0.0005168145  -0.0009477975  -0.0005168145
   4.6399999844  -0.0004718217  -0.0009868895  -0.0004718217
   4.6449999844  -0.0004221440  -0.0010385579  -0.0004221440
   4.6499999844  -0.0003747945  -0.0011020309  -0.0003747945
   4.6549999844  -0.0003348566  -0.0011716318  -0.0003348566
   4.6599999844  -0.0003043512  -0.0012379036  -0.0003043512
   4.6649999843  -0.0002819912  -0.0012897994  -0.0002819912
   4.6699999843  -0.0002638525  -0.0013173580  -0.0002638525
   4.6749999843  -0.0002447448  -0.0013141536  -0.0002447448
   4.6799999843  -0.0002198956  -0.0012788819  -0.0002198956
   4.6849999843  -0.0001864925  -0.0012156888  -0.0001864925
   4.6899999843  -0.0001446747  -0.0011331878  -0.0001446747
   4.6949999842  -0.0000977206  -0.0010424564  -0.0000977206
   4.6999999842  -0.0000513848  -0.0009545451  -0.0000513848
   4.7049999842  -0.0000125578  -0.0008781342  -0.0000125578
   4.7099999842   0.0000124093  -0.0008178922   0.0000124093
   4.7149999842   0.0000192872  -0.0007738883   0.0000192872
   4.7199999841   0.0000070532  -0.0007421240   0.0000070532
   4.7249999841  -0.0000218023  -0.0007159777  -0.0000218023
   4.7299999841  -0.0000618391  -0.0006881538  -0.0000618391
   4.7349999841  -0.0001059718  -0.0006526440  -0.0001059718
   4.7399999841  -0.0001472024  -0.0006062483  -0.0001472024
   4.7449999841  -0.0001803518  -0.0005493412  -0.0001803518
   4.7499999840  -0.0002033513  -0.0004857683  -0.0002033513
   4.7549999840  -0.0002177563  -0.0004219580  -0.0002177563
   4.7599999840  -0.0002283263  -0.0003654981  -0.0002283263
   4.7649999840  -0.0002417526  -0.0003235184  -0.0002417526
   4.7699999840  -0.0002648323  -0.0003012333  -0.0002648323
   4.7749999840  -0.0003025415  -0.0003009391  -0.0003025415
   4.7799999839  -0.0003565077  -0.0003216431  -0.0003565077
   4.7849999839  -0.0004242962  -0.0003593646  -0.0004242962
   4.7899999839  -0.0004997329  -0.0004080077  -0.0004997329
   4.7949999839  -0.0005742227  -0.0004605958  -0.0005742227
   4.7999999839  -0.0006387596  -0.0005105961  -0.0006387596
   4.8049999839  -0.0006861262  -0.0005530554  -0.0006861262
   4.8099999838  -0.0007127108  -0.0005853174  -0.0007127108
   4.8149999838  -0.0007194493  -0.0006071940  -0.0007194493
   4.8199999838  -0.0007116167  -0.0006205823  -0.0007116167
   4.8249999838  -0.0006974930  -0.0006286471  -0.0006974930
   4.8299999838  -0.0006862359  -0.0006347860  -0.0006862359
   4.8349999838  -0.0006855155  -0.0006416400  -0.0006855155
   4.8399999837  -0.0006995429  -0.0006503957  -0.0006995429
   4.8449999837  -0.0007280264  -0.0006605457  -0.0007280264
   4.8499999837  -0.0007663405  -0.0006701528  -0.0007663405
   4.8549999837  -0.0008068551  -0.0006765274  -0.0008068551
   4.8599999837  -0.0008410532  -0.0006771167  -0.0008410532
   4.8649999837  -0.0008618406  -0.0006703502  -0.0008618406
   4.8699999836  -0.0008654010  -0.0006562004  -0.0008654010
   4.8749999836  -0.0008520859  -0.0006363043  -0.0008520859
   4.8799999836  -0.0008261048  -0.0006136221  -0.0008261048
   4.8849999836  -0.0007941309  -0.0005917455  -0.0007941309
   4.8899999836  -0.0007632444  -0.0005740709  -0.0007632444
   4.8949999836  -0.0007388213  -0.0005630911  -0.0007388213
   4.8999999835  -0.0007229766  -0.0005600128  -0.0007229766
   4.9049999835  -0.0007140026  -0.0005648044  -0.0007140026
   4.9099999835  -0.0007069406  -0.0005766339  -0.0007069406
   4.9149999835  -0.0006950944  -0.0005945325  -0.0006950944
   4.9199999835  -0.0006720226  -0.0006180426  -0.0006720226
   4.9249999835  -0.0006334176  -0.0006476117  -0.0006334176
   4.9299999834  -0.0005783235  -0.0006845772  -0.0005783235
   4.9349999834  -0.0005093541  -0.0007307157  -0.0005093541
   4.9399999834  -0.0004318701  -0.0007874784  -0.0004318701
   4.9449999834  -0.0003523865  -0.0008551402  -0.0003523865
   4.9499999834  -0.0002767051  -0.0009321306  -0.0002767051
   4.9549999834  -0.0002083405  -0.0010147687  -0.0002083405
   4.9599999833  -0.0001477181  -0.0010975121  -0.0001477181
   4.9649999833  -0.0000923826  -0.0011736791  -0.0000923826
   4.9699999833  -0.0000381500  -0.0012364634  -0.0000381500
   4.9749999833   0.0000191530  -0.0012799734   0.0000191530
   4.9799999833   0.0000819039  -0.0013000169   0.0000819039
   4.9849999833   0.0001494138  -0.0012944234   0.0001494138
   4.9899999832   0.0002175854  -0.0012628311   0.0002175854
   4.9949999832   0.0002796380  -0.0012060142   0.0002796380
   4.9999999832   0.0003277088  -0.0011249633   0.0003277088
   5.0049999832   0.0003548705  -0.0010200007   0.0003548705
   5.0099999832   0.0003569637  -0.0008902026   0.0003569637
   5.0149999832   0.0003336870  -0.0007333156   0.0003336870
   5.0199999831   0.0002886038  -0.0005462116   0.0002886038
   5.0249999831   0.0002280513  -0.0003257739   0.0002280513
   5.0299999831   0.0001592740  -0.0000699792   0.0001592740
   5.0349999831   0.0000883492   0.0002211138   0.0000883492
   5.0399999831   0.0000185401   0.0005447384   0.0000185401
   5.0449999831  -0.0000504139   0.0008953243  -0.0000504139
   5.0499999830  -0.0001218484   0.0012649585  -0.0001218484
   5.0549999830  -0.0002007082   0.0016442770  -0.0002007082
   5.0599999830  -0.0002915227   0.0020235576  -0.0002915227
   5.0649999830  -0.0003964573   0.0023937444  -0.0003964573
   5.0699999830  -0.0005140526   0.0027471806  -0.0005140526
   5.0749999830  -0.0006390458   0.0030779270  -0.0006390458
   5.0799999829  -0.0007633312   0.0033816834  -0.0007633312
   5.0849999829  -0.0008777636   0.0036554394  -0.0008777636
   5.0899999829  -0.0009742541   0.0038970496  -0.0009742541
   5.0949999829  -0.0010475299   0.0041049157  -0.0010475299
   5.0999999829  -0.0010960511   0.0042778894  -0.0010960511
   5.1049999829  -0.0011218538   0.0044154045  -0.0011218538
   5.1099999828  -0.0011294247   0.0045177490  -0.0011294247
   5.1149999828  -0.0011240065   0.0045863333  -0.0011240065
   5.1199999828  -0.0011098876   0.0046238206  -0.0011098876
   5.1249999828  -0.0010892019   0.0046340445  -0.0010892019
   5.1299999828  -0.0010615767   0.0046217351  -0.0010615767
   5.1349999828  -0.0010246757   0.0045921521  -0.0010246757
   5.1399999827  -0.0009753990   0.0045507636  -0.0009753990
   5.1449999827  -0.0009113044   0.0045030806  -0.0009113044
   5.1499999827  -0.0008317651   0.0044546857  -0.0008317651
   5.1549999827  -0.0007384889   0.0044113886  -0.0007384889
   5.1599999827  -0.0006352487   0.0043793671  -0.0006352487
   5.1649999827  -0.0005269349   0.0043651204  -0.0005269349
   5.1699999826  -0.0004182552   0.0043751116  -0.0004182552
   5.1749999826  -0.0003125112   0.0044150805  -0.0003125112
   5.1799999826  -0.0002108385   0.0044891407  -0.0002108385
   5.1849999826  -0.0001121387   0.0045988882  -0.0001121387
   5.1899999826  -0.0000136986   0.0047427949  -0.0000136986
   5.1949999826   0.0000877264   0.0049161161   0.0000877264
   5.1999999825   0.0001947324   0.0051114186   0.0001947324
   5.2049999825   0.0003083793   0.0053196538   0.0003083793
   5.2099999825   0.0004278770   0.0055315344   0.0004278770
   5.2149999825   0.0005509363   0.0057388629   0.0005509363
   5.2199999825   0.0006746512   0.0059354536   0.0006746512
   5.2249999825   0.0007966037   0.0061173982   0.0007966037
   5.2299999824   0.0009158126   0.0062826190   0.0009158126
   5.2349999824   0.0010331938   0.0064298745   0.0010331938
   5.2399999824   0.0011513648   0.0065575671   0.0011513648
   5.2449999824   0.0012738378   0.0066627767   0.0012738378
   5.2499999824   0.0014038503   0.0067408883   0.0014038503
   5.2549999824   0.0015432018   0.0067859954   0.0015432018
   5.2599999823   0.0016914676   0.0067920009   0.0016914676
   5.2649999823   0.0018458445   0.0067540909   0.0018458445
   5.2699999823   0.0020016830   0.0066700964   0.0020016830
   5.2749999823   0.0021535528   0.0065412618   0.0021535528
   5.2799999823   0.0022965264   0.0063721017   0.0022965264
   5.2849999823   0.0024273134   0.0061693162   0.0024273134
   5.2899999822   0.0025449407   0.0059400490   0.0025449407
   5.2949999822   0.0026508266   0.0056900144   0.0026508266
   5.2999999822   0.0027482879   0.0054220853   0.0027482879
   5.3049999822   0.0028416788   0.0051358068   0.0028416788
   5.3099999822   0.0029354445   0.0048279983   0.0029354445
   5.3149999822   0.0030333583   0.0044942409   0.0030333583
   5.3199999821   0.0031381114   0.0041307332   0.0031381114
   5.3249999821   0.0032512904   0.0037358648   0.0032512904
   5.3299999821   0.0033736492   0.0033109457   0.0033736492
   5.3349999821   0.0035055095   0.0028598293   0.0035055095
   5.3399999821   0.0036471205   0.0023875669   0.0036471205
   5.3449999821   0.0037988564   0.0018985937   0.0037988564
   5.3499999820   0.0039612157   0.0013951335   0.0039612157
   5.3549999820   0.0041346508   0.0008764505   0.0041346508
   5.3599999820   0.0043192997   0.0003392804   0.0043192997
   5.3649999820   0.0045146876  -0.0002206484   0.0045146876
   5.3699999820   0.0047194424  -0.0008064940   0.0047194424
   5.3749999820   0.0049310403  -0.0014183018   0.0049310403
   5.3799999819   0.0051455860  -0.0020518225   0.0051455860
   5.3849999819   0.0053576411  -0.0026985666   0.0053576411
   5.3899999819   0.0055601427  -0.0033470933   0.0055601427
   5.3949999819   0.0057444717  -0.0039851118   0.0057444717
   5.3999999819   0.0059007278  -0.0046017091   0.0059007278
   5.4049999818   0.0060182352  -0.0051890051   0.0060182352
   5.4099999818   0.0060862456  -0.0057427565   0.0060862456
   5.4149999818   0.0060947494  -0.0062618191   0.0060947494
   5.4199999818   0.0060352677  -0.0067467656   0.0060352677
   5.4249999818   0.0059014999  -0.0071982176   0.0059014999
   5.4299999818   0.0056897397  -0.0076155019   0.0056897397
   5.4349999817   0.0053990330  -0.0079960691   0.0053990330
   5.4399999817   0.0050311098  -0.0083358071   0.0050311098
   5.4449999817   0.0045901617  -0.0086300589   0.0045901617
   5.4499999817   0.0040825415  -0.0088749297   0.0040825415
   5.4549999817   0.0035164460  -0.0090684143   0.0035164460
   5.4599999817   0.0029016130  -0.0092109885   0.0029016130
   5.4649999816   0.0022490449  -0.0093055316   0.0022490449
   5.4699999816   0.0015707638  -0.0093566771   0.0015707638
   5.4749999816   0.0008796091  -0.0093698574   0.0008796091
   5.4799999816   0.0001890876  -0.0093503490   0.0001890876
   5.4849999816  -0.0004867249  -0.0093025652  -0.0004867249
   5.4899999816  -0.0011332708  -0.0092297113  -0.0011332708
   5.4949999815  -0.0017356673  -0.0091337824  -0.0017356673
   5.4999999815  -0.0022790415  -0.0090157963  -0.0022790415
   5.5049999815  -0.0027491403  -0.0088761295  -0.0027491403
   5.5099999815  -0.0031332443  -0.0087148492  -0.0031332443
   5.5149999815  -0.0034213096  -0.0085319862  -0.0034213096
   5.5199999815  -0.0036071432  -0.0083277367  -0.0036071432
   5.5249999814  -0.0036893470  -0.0081025959  -0.0036893470
   5.5299999814  -0.0036717621  -0.0078574297  -0.0036717621
   5.5349999814  -0.0035632467  -0.0075934796  -0.0035632467
   5.5399999814  -0.0033767817  -0.0073123013  -0.0033767817
   5.5449999814  -0.0031280891  -0.0070156532  -0.0031280891
   5.5499999814  -0.0028340855  -0.0067053753  -0.0028340855
   5.5549999813  -0.0025115349  -0.0063833038  -0.0025115349
   5.5599999813  -0.0021761886  -0.0060512580  -0.0021761886
   5.5649999813  -0.0018425265  -0.0057110954  -0.0018425265
   5.5699999813  -0.0015240055  -0.0053647889  -0.0015240055
   5.5749999813  -0.0012335468  -0.0050144554  -0.0012335468
   5.5799999813  -0.0009839200  -0.0046622764  -0.0009839200
   5.5849999812  -0.0007877257  -0.0043102981  -0.0007877257
   5.5899999812  -0.0006568272  -0.0039601681  -0.0006568272
   5.5949999812  -0.0006012828  -0.0036129125  -0.0006012828
   5.5999999812  -0.0006280063  -0.0032688670  -0.0006280063
   5.6049999812  -0.0007394878  -0.0029278238  -0.0007394878
   5.6099999812  -0.0009329070  -0.0025893688  -0.0009329070
   5.6149999811  -0.0011998691  -0.0022532943  -0.0011998691
   5.6199999811  -0.0015268432  -0.0019199242  -0.0015268432
   5.6249999811  -0.0018962176  -0.0015902110  -0.0018962176
   5.6299999811  -0.0022877637  -0.0012655549  -0.0022877637
   5.6349999811  -0.0026802434  -0.0009474134  -0.0026802434
   5.6399999811  -0.0030529053  -0.0006368735  -0.0030529053
   5.6449999810  -0.0033866816  -0.0003343885  -0.0033866816
   5.6499999810  -0.0036649884  -0.0000398235  -0.0036649884
   5.6549999810  -0.0038741359   0.0002471667  -0.0038741359
   5.6599999810  -0.0040034318   0.0005265540  -0.0040034318
   5.6649999810  -0.0040451191   0.0007973677  -0.0040451191
   5.6699999810  -0.0039943037   0.0010573738  -0.0039943037
   5.6749999809  -0.0038490067   0.0013031480  -0.0038490067
   5.6799999809  -0.0036104121   0.0015305357  -0.0036104121
   5.6849999809  -0.0032832955   0.0017353419  -0.0032832955
   5.6899999809  -0.0028765220   0.0019139992  -0.0028765220
   5.6949999809  -0.0024034269   0.0020639772  -0.0024034269
   5.6999999809  -0.0018818654   0.0021838002  -0.0018818654
   5.7049999808  -0.0013337508   0.0022727031  -0.0013337508
   5.7099999808  -0.0007840045   0.0023301029  -0.0007840045
   5.7149999808  -0.0002589757   0.0023551374  -0.0002589757
   5.7199999808   0.0002154725   0.0023464965   0.0002154725
   5.7249999808   0.0006159214   0.0023026505   0.0006159214
   5.7299999808   0.0009230959   0.0022224206   0.0009230959
   5.7349999807   0.0011230673   0.0021056956   0.0011230673
   5.7399999807   0.0012078523   0.0019540321   0.0012078523
   5.7449999807   0.0011754437   0.0017709066   0.0011754437
   5.7499999807   0.0010294261   0.0015615030   0.0010294261
   5.7549999807   0.0007783787   0.0013320772   0.0007783787
   5.7599999807   0.0004352422   0.0010890809   0.0004352422
   5.7649999806   0.0000167463   0.0008383116   0.0000167463
   5.7699999806  -0.0004571032   0.0005843503  -0.0004571032
   5.7749999806  -0.0009635601   0.0003304644  -0.0009635601
   5.7799999806  -0.0014778048   0.0000790107  -0.0014778048
   5.7849999806  -0.0019738315  -0.0001677774  -0.0019738315
   5.7899999806  -0.0024255802  -0.0004068613  -0.0024255802
   5.7949999805  -0.0028082675  -0.0006336270  -0.0028082675
   5.7999999805  -0.0030998148  -0.0008415479  -0.0030998148
   5.8049999805  -0.0032822465  -0.0010224497  -0.0032822465
   5.8099999805  -0.0033429301  -0.0011673782  -0.0033429301
   5.8149999805  -0.0032755543  -0.0012678904  -0.0032755543
   5.8199999805  -0.0030807595  -0.0013174381  -0.0030807595
   5.8249999804  -0.0027663565  -0.0013124566  -0.0027663565
   5.8299999804  -0.0023470881  -0.0012528227  -0.0023470881
   5.8349999804  -0.0018439124  -0.0011415194  -0.0018439124
   5.8399999804  -0.0012828304  -0.0009835848  -0.0012828304
   5.8449999804  -0.0006933336  -0.0007846664  -0.0006933336
   5.8499999804  -0.0001066062  -0.0005496522  -0.0001066062
   5.8549999803   0.0004463418  -0.0002818534   0.0004463418
   5.8599999803   0.0009364344   0.0000169519   0.0009364344
   5.8649999803   0.0013380370   0.0003455986   0.0013380370
   5.8699999803   0.0016301369   0.0007020380   0.0016301369
   5.8749999803   0.0017971985   0.0010818006   0.0017971985
   5.8799999803   0.0018297438   0.0014770025   0.0018297438
   5.8849999802   0.0017247277   0.0018763210   0.0017247277
   5.8899999802   0.0014857440   0.0022660424   0.0014857440
   5.8949999802   0.0011230431   0.0026319081   0.0011230431
   5.8999999802   0.0006532942   0.0029612008   0.0006532942
   5.9049999802   0.0000990016   0.0032444216   0.0000990016
   5.9099999802  -0.0005124827   0.0034760562  -0.0005124827
   5.9149999801  -0.0011503424   0.0036542540  -0.0011503424
   5.9199999801  -0.0017819841   0.0037796363  -0.0017819841
   5.9249999801  -0.0023748722   0.0038537450  -0.0023748722
   5.9299999801  -0.0028983333   0.0038777459  -0.0028983333
   5.9349999801  -0.0033251816   0.0038518626  -0.0033251816
   5.9399999801  -0.0036330792   0.0037757058  -0.0036330792
   5.9449999800  -0.0038056151   0.0036493019  -0.0038056151
   5.9499999800  -0.0038331254   0.0034743516  -0.0038331254
   5.9549999800  -0.0037132750   0.0032551800  -0.0037132750
   5.9599999800  -0.0034513774   0.0029989732  -0.0034513774
   5.9649999800  -0.0030603752   0.0027151921  -0.0030603752
   5.9699999800  -0.0025603686   0.0024143699  -0.0025603686
   5.9749999799  -0.0019775972   0.0021067200  -0.0019775972
   5.9799999799  -0.0013428605   0.0018010205  -0.0013428605
   5.9849999799  -0.0006894729   0.0015041003  -0.0006894729
   5.9899999799  -0.0000509720   0.0012209961  -0.0000509720
   5.9949999799   0.0005411314   0.0009555927   0.0005411314
