   0.0000000000   0.0000000000   0.0000000000   0.0000000000
   0.0050000000   0.0000000000   0.0000000000   0.0000000000
   0.0100000000   0.0000000000   0.0000000000   0.0000000000
   0.0149999999   0.0000000000   0.0000000000   0.0000000000
   0.0199999999   0.0000000000   0.0000000000   0.0000000000
   0.0249999999   0.0000000000   0.0000000000   0.0000000000
   0.0299999999   0.0000000000   0.0000000000   0.0000000000
   0.0349999999   0.0000000000   0.0000000000   0.0000000000
   0.0399999999   0.0000000000   0.0000000000   0.0000000000
   0.0449999998   0.0000000000   0.0000000000   0.0000000000
   0.0499999998   0.0000000000   0.0000000000   0.0000000000
   0.0549999998   0.0000000000   0.0000000000   0.0000000000
   0.0599999998   0.0000000000   0.0000000000   0.0000000000
   0.0649999998   0.0000000000   0.0000000000   0.0000000000
   0.0699999998   0.0000000000   0.0000000000   0.0000000000
   0.0749999997  -0.0000000000   0.0000000000  -0.0000000000
   0.0799999997  -0.0000000000   0.0000000000  -0.0000000000
   0.0849999997  -0.0000000000   0.0000000000  -0.0000000000
   0.0899999997  -0.0000000000   0.0000000000  -0.0000000000
   0.0949999997  -0.0000000000   0.0000000000  -0.0000000000
   0.0999999997  -0.0000000000   0.0000000000  -0.0000000000
   0.1049999996  -0.0000000000   0.0000000000  -0.0000000000
   0.1099999996  -0.0000000000   0.0000000000  -0.0000000000
   0.1149999996  -0.0000000000   0.0000000000  -0.0000000000
   0.1199999996   0.0000000000   0.0000000000   0.0000000000
   0.1249999996   0.0000000000  -0.0000000000   0.0000000000
   0.1299999996   0.0000000000  -0.0000000000   0.0000000000
   0.1349999995   0.0000000000  -0.0000000000   0.0000000000
   0.1399999995   0.0000000000  -0.0000000000   0.0000000000
   0.1449999995   0.0000000000  -0.0000000000   0.0000000000
   0.1499999995   0.0000000000  -0.0000000000   0.0000000000
   0.1549999995   0.0000000000  -0.0000000000   0.0000000000
   0.1599999995   0.0000000000  -0.0000000000   0.0000000000
   0.1649999994   0.0000000000  -0.0000000000   0.0000000000
   0.1699999994   0.0000000000  -0.0000000000   0.0000000000
   0.1749999994   0.0000000000  -0.0000000000   0.0000000000
   0.1799999994   0.0000000000  -0.0000000000   0.0000000000
   0.1849999994   0.0000000000  -0.0000000000   0.0000000000
   0.1899999994   0.0000000000  -0.0000000000   0.0000000000
   0.1949999993   0.0000000000  -0.0000000000   0.0000000000
   0.1999999993   0.0000000000  -0.0000000000   0.0000000000
   0.2049999993   0.0000000000  -0.0000000000   0.0000000000
   0.2099999993   0.0000000000  -0.0000000000   0.0000000000
   0.2149999993   0.0000000000  -0.0000000000   0.0000000000
   0.2199999993   0.0000000000  -0.0000000000   0.0000000000
   0.2249999992   0.0000000000  -0.0000000000   0.0000000000
   0.2299999992   0.0000000000  -0.0000000000   0.0000000000
   0.2349999992   0.0000000000  -0.0000000000   0.0000000000
   0.2399999992   0.0000000000  -0.0000000000   0.0000000000
   0.2449999992   0.0000000000  -0.0000000000   0.0000000000
   0.2499999992   0.0000000000  -0.0000000000   0.0000000000
   0.2549999991   0.0000000000  -0.0000000000   0.0000000000
   0.2599999991   0.0000000000  -0.0000000000   0.0000000000
   0.2649999991   0.0000000000  -0.0000000000   0.0000000000
   0.2699999991   0.0000000000  -0.0000000000   0.0000000000
   0.2749999991   0.0000000000  -0.0000000000   0.0000000000
   0.2799999991   0.0000000000  -0.0000000000   0.0000000000
   0.2849999990   0.0000000000  -0.0000000000   0.0000000000
   0.2899999990   0.0000000000  -0.0000000000   0.0000000000
   0.2949999990   0.0000000000  -0.0000000000   0.0000000000
   0.2999999990   0.0000000000  -0.0000000000   0.0000000000
   0.3049999990   0.0000000000  -0.0000000000   0.0000000000
   0.3099999990   0.0000000000  -0.0000000000   0.0000000000
   0.3149999989   0.0000000000  -0.0000000000   0.0000000000
   0.3199999989   0.0000000000  -0.0000000000   0.0000000000
   0.3249999989   0.0000000000  -0.0000000000   0.0000000000
   0.3299999989   0.0000000000  -0.0000000000   0.0000000000
   0.3349999989   0.0000000000  -0.0000000000   0.0000000000
   0.3399999989   0.0000000000  -0.0000000000   0.0000000000
   0.3449999988   0.0000000000  -0.0000000000   0.0000000000
   0.3499999988   0.0000000000  -0.0000000000   0.0000000000
   0.3549999988   0.0000000000  -0.0000000000   0.0000000000
   0.3599999988   0.0000000000  -0.0000000000   0.0000000000
   0.3649999988   0.0000000000  -0.0000000000   0.0000000000
   0.3699999988   0.0000000000  -0.0000000000   0.0000000000
   0.3749999987   0.0000000000  -0.0000000000   0.0000000000
   0.3799999987   0.0000000000   0.0000000000   0.0000000000
   0.3849999987   0.0000000000   0.0000000000   0.0000000000
   0.3899999987  -0.0000000000   0.0000000000  -0.0000000000
   0.3949999987  -0.0000000000   0.0000000000  -0.0000000000
   0.3999999987  -0.0000000000   0.0000000000  -0.0000000000
   0.4049999986  -0.0000000000   0.0000000000  -0.0000000000
   0.4099999986  -0.0000000000   0.0000000000  -0.0000000000
   0.4149999986  -0.0000000000   0.0000000000  -0.0000000000
   0.4199999986  -0.0000000000   0.0000000000  -0.0000000000
   0.4249999986  -0.0000000000   0.0000000000  -0.0000000000
   0.4299999986  -0.0000000000   0.0000000000  -0.0000000000
   0.4349999985  -0.0000000000   0.0000000000  -0.0000000000
   0.4399999985  -0.0000000000   0.0000000000  -0.0000000000
   0.4449999985  -0.0000000000   0.0000000000  -0.0000000000
   0.4499999985  -0.0000000000   0.0000000000  -0.0000000000
   0.4549999985  -0.0000000000   0.0000000000  -0.0000000000
   0.4599999985  -0.0000000000   0.0000000000  -0.0000000000
   0.4649999984  -0.0000000000   0.0000000000  -0.0000000000
   0.4699999984  -0.0000000000   0.0000000000  -0.0000000000
   0.4749999984  -0.0000000000   0.0000000000  -0.0000000000
   0.4799999984  -0.0000000000   0.0000000000  -0.0000000000
   0.4849999984  -0.0000000000   0.0000000000  -0.0000000000
   0.4899999984  -0.0000000000   0.0000000000  -0.0000000000
   0.4949999983  -0.0000000000   0.0000000000  -0.0000000000
   0.4999999983  -0.0000000000   0.0000000000  -0.0000000000
   0.5049999983  -0.0000000000   0.0000000000  -0.0000000000
   0.5099999983  -0.0000000000   0.0000000000  -0.0000000000
   0.5149999983  -0.0000000000   0.0000000000  -0.0000000000
   0.5199999983  -0.0000000000   0.0000000000  -0.0000000000
   0.5249999982  -0.0000000000   0.0000000000  -0.0000000000
   0.5299999982  -0.0000000000   0.0000000000  -0.0000000000
   0.5349999982  -0.0000000000   0.0000000000  -0.0000000000
   0.5399999982  -0.0000000000   0.0000000000  -0.0000000000
   0.5449999982  -0.0000000000   0.0000000000  -0.0000000000
   0.5499999982  -0.0000000000   0.0000000000  -0.0000000000
   0.5549999981  -0.0000000000   0.0000000000  -0.0000000000
   0.5599999981  -0.0000000000   0.0000000000  -0.0000000000
   0.5649999981  -0.0000000000   0.0000000000  -0.0000000000
   0.5699999981   0.0000000000   0.0000000000   0.0000000000
   0.5749999981   0.0000000000   0.0000000000   0.0000000000
   0.5799999981   0.0000000000   0.0000000000   0.0000000000
   0.5849999980   0.0000000000   0.0000000000   0.0000000000
   0.5899999980   0.0000000000   0.0000000000   0.0000000000
   0.5949999980   0.0000000000   0.0000000000   0.0000000000
   0.5999999980   0.0000000000   0.0000000000   0.0000000000
   0.6049999980   0.0000000000   0.0000000000   0.0000000000
   0.6099999980   0.0000000000   0.0000000000   0.0000000000
   0.6149999979   0.0000000000   0.0000000000   0.0000000000
   0.6199999979   0.0000000000   0.0000000000   0.0000000000
   0.6249999979   0.0000000000  -0.0000000000   0.0000000000
   0.6299999979   0.0000000000  -0.0000000000   0.0000000000
   0.6349999979   0.0000000000  -0.0000000000   0.0000000000
   0.6399999979   0.0000000000  -0.0000000000   0.0000000000
   0.6449999978  -0.0000000000  -0.0000000000  -0.0000000000
   0.6499999978  -0.0000000000  -0.0000000000  -0.0000000000
   0.6549999978  -0.0000000000  -0.0000000000  -0.0000000000
   0.6599999978  -0.0000000000  -0.0000000000  -0.0000000000
   0.6649999978  -0.0000000000  -0.0000000000  -0.0000000000
   0.6699999978  -0.0000000000  -0.0000000000  -0.0000000000
   0.6749999977  -0.0000000000  -0.0000000000  -0.0000000000
   0.6799999977  -0.0000000000  -0.0000000000  -0.0000000000
   0.6849999977  -0.0000000000  -0.0000000000  -0.0000000000
   0.6899999977  -0.0000000000   0.0000000000  -0.0000000000
   0.6949999977   0.0000000000   0.0000000000   0.0000000000
   0.6999999976   0.0000000000   0.0000000000   0.0000000000
   0.7049999976   0.0000000000   0.0000000000   0.0000000000
   0.7099999976   0.0000000000   0.0000000000   0.0000000000
   0.7149999976   0.0000000000   0.0000000000   0.0000000000
   0.7199999976   0.0000000000   0.0000000000   0.0000000000
   0.7249999976   0.0000000000   0.0000000000   0.0000000000
   0.7299999975   0.0000000000   0.0000000000   0.0000000000
   0.7349999975   0.0000000000   0.0000000000   0.0000000000
   0.7399999975   0.0000000000   0.0000000000   0.0000000000
   0.7449999975   0.0000000000   0.0000000000   0.0000000000
   0.7499999975   0.0000000000   0.0000000000   0.0000000000
   0.7549999975   0.0000000000   0.0000000000   0.0000000000
   0.7599999974   0.0000000000   0.0000000000   0.0000000000
   0.7649999974   0.0000000000   0.0000000000   0.0000000000
   0.7699999974   0.0000000000   0.0000000000   0.0000000000
   0.7749999974   0.0000000000   0.0000000000   0.0000000000
   0.7799999974   0.0000000000   0.0000000000   0.0000000000
   0.7849999974   0.0000000000   0.0000000000   0.0000000000
   0.7899999973   0.0000000000   0.0000000000   0.0000000000
   0.7949999973   0.0000000000   0.0000000000   0.0000000000
   0.7999999973   0.0000000000   0.0000000000   0.0000000000
   0.8049999973   0.0000000000   0.0000000000   0.0000000000
   0.8099999973   0.0000000000   0.0000000000   0.0000000000
   0.8149999973   0.0000000000   0.0000000000   0.0000000000
   0.8199999972   0.0000000000   0.0000000000   0.0000000000
   0.8249999972   0.0000000000   0.0000000000   0.0000000000
   0.8299999972   0.0000000000   0.0000000000   0.0000000000
   0.8349999972   0.0000000000   0.0000000000   0.0000000000
   0.8399999972   0.0000000000   0.0000000000   0.0000000000
   0.8449999972   0.0000000000   0.0000000000   0.0000000000
   0.8499999971   0.0000000000   0.0000000000   0.0000000000
   0.8549999971   0.0000000000   0.0000000000   0.0000000000
   0.8599999971   0.0000000000   0.0000000000   0.0000000000
   0.8649999971   0.0000000000   0.0000000000   0.0000000000
   0.8699999971   0.0000000000   0.0000000000   0.0000000000
   0.8749999971   0.0000000000   0.0000000000   0.0000000000
   0.8799999970   0.0000000000   0.0000000000   0.0000000000
   0.8849999970   0.0000000000   0.0000000000   0.0000000000
   0.8899999970   0.0000000000   0.0000000000   0.0000000000
   0.8949999970   0.0000000000   0.0000000000   0.0000000000
   0.8999999970   0.0000000000   0.0000000000   0.0000000000
   0.9049999970   0.0000000000   0.0000000000   0.0000000000
   0.9099999969   0.0000000000   0.0000000000   0.0000000000
   0.9149999969   0.0000000000   0.0000000000   0.0000000000
   0.9199999969   0.0000000000   0.0000000000   0.0000000000
   0.9249999969   0.0000000000   0.0000000000   0.0000000000
   0.9299999969   0.0000000000   0.0000000000   0.0000000000
   0.9349999969   0.0000000000   0.0000000000   0.0000000000
   0.9399999968   0.0000000000   0.0000000000   0.0000000000
   0.9449999968   0.0000000000   0.0000000000   0.0000000000
   0.9499999968   0.0000000000   0.0000000000   0.0000000000
   0.9549999968   0.0000000000   0.0000000000   0.0000000000
   0.9599999968   0.0000000000   0.0000000000   0.0000000000
   0.9649999968   0.0000000000   0.0000000000   0.0000000000
   0.9699999967   0.0000000000   0.0000000000   0.0000000000
   0.9749999967   0.0000000000   0.0000000000   0.0000000000
   0.9799999967   0.0000000000   0.0000000000   0.0000000000
   0.9849999967   0.0000000000   0.0000000000   0.0000000000
   0.9899999967   0.0000000000   0.0000000000   0.0000000000
   0.9949999967   0.0000000000   0.0000000000   0.0000000000
   0.9999999966  -0.0000000000   0.0000000000   0.0000000000
   1.0049999966  -0.0000000000  -0.0000000000  -0.0000000000
   1.0099999966  -0.0000000000  -0.0000000000  -0.0000000000
   1.0149999966  -0.0000000000  -0.0000000000  -0.0000000000
   1.0199999966  -0.0000000000  -0.0000000000  -0.0000000000
   1.0249999966  -0.0000000000  -0.0000000000  -0.0000000000
   1.0299999965  -0.0000000000  -0.0000000000  -0.0000000000
   1.0349999965  -0.0000000000  -0.0000000000  -0.0000000000
   1.0399999965  -0.0000000000  -0.0000000000  -0.0000000000
   1.0449999965  -0.0000000000  -0.0000000000  -0.0000000000
   1.0499999965  -0.0000000000  -0.0000000000  -0.0000000000
   1.0549999965  -0.0000000000  -0.0000000000  -0.0000000000
   1.0599999964  -0.0000000000  -0.0000000000  -0.0000000000
   1.0649999964  -0.0000000000  -0.0000000000  -0.0000000000
   1.0699999964  -0.0000000000  -0.0000000000  -0.0000000000
   1.0749999964   0.0000000000  -0.0000000000  -0.0000000000
   1.0799999964   0.0000000000   0.0000000000   0.0000000000
   1.0849999964   0.0000000000   0.0000000000   0.0000000000
   1.0899999963   0.0000000000   0.0000000000   0.0000000000
   1.0949999963   0.0000000000   0.0000000000   0.0000000000
   1.0999999963   0.0000000000   0.0000000000   0.0000000000
   1.1049999963   0.0000000000   0.0000000000   0.0000000000
   1.1099999963   0.0000000000   0.0000000000   0.0000000000
   1.1149999963   0.0000000000   0.0000000000   0.0000000000
   1.1199999962   0.0000000000   0.0000000000   0.0000000000
   1.1249999962   0.0000000000   0.0000000000   0.0000000000
   1.1299999962   0.0000000000   0.0000000000   0.0000000000
   1.1349999962  -0.0000000000   0.0000000000   0.0000000000
   1.1399999962  -0.0000000000  -0.0000000000  -0.0000000000
   1.1449999962  -0.0000000000  -0.0000000000  -0.0000000000
   1.1499999961  -0.0000000000  -0.0000000000  -0.0000000000
   1.1549999961  -0.0000000000  -0.0000000000  -0.0000000000
   1.1599999961  -0.0000000000  -0.0000000000  -0.0000000000
   1.1649999961  -0.0000000000  -0.0000000000  -0.0000000000
   1.1699999961  -0.0000000000  -0.0000000000  -0.0000000000
   1.1749999961  -0.0000000000  -0.0000000000  -0.0000000000
   1.1799999960  -0.0000000000  -0.0000000000  -0.0000000000
   1.1849999960  -0.0000000000  -0.0000000000  -0.0000000000
   1.1899999960  -0.0000000000  -0.0000000000  -0.0000000000
   1.1949999960   0.0000000000   0.0000000000   0.0000000000
   1.1999999960   0.0000000000   0.0000000000   0.0000000000
   1.2049999960   0.0000000000   0.0000000000   0.0000000000
   1.2099999959   0.0000000000   0.0000000000   0.0000000000
   1.2149999959   0.0000000000   0.0000000000   0.0000000000
   1.2199999959   0.0000000000   0.0000000000   0.0000000000
   1.2249999959   0.0000000000   0.0000000000   0.0000000000
   1.2299999959   0.0000000000   0.0000000000   0.0000000000
   1.2349999959   0.0000000000   0.0000000000   0.0000000000
   1.2399999958   0.0000000000   0.0000000000   0.0000000000
   1.2449999958  -0.0000000000   0.0000000000   0.0000000000
   1.2499999958  -0.0000000000  -0.0000000000  -0.0000000000
   1.2549999958  -0.0000000000  -0.0000000000  -0.0000000000
   1.2599999958  -0.0000000000  -0.0000000000  -0.0000000000
   1.2649999958  -0.0000000000  -0.0000000000  -0.0000000000
   1.2699999957  -0.0000000000  -0.0000000000  -0.0000000000
   1.2749999957  -0.0000000000  -0.0000000000  -0.0000000000
   1.2799999957  -0.0000000000  -0.0000000000  -0.0000000000
   1.2849999957  -0.0000000000  -0.0000000000  -0.0000000000
   1.2899999957   0.0000000000  -0.0000000000  -0.0000000000
   1.2949999957   0.0000000000   0.0000000000   0.0000000000
   1.2999999956   0.0000000000   0.0000000000   0.0000000000
   1.3049999956   0.0000000000   0.0000000000   0.0000000000
   1.3099999956   0.0000000000   0.0000000000   0.0000000000
   1.3149999956   0.0000000000   0.0000000000   0.0000000000
   1.3199999956   0.0000000000   0.0000000000   0.0000000000
   1.3249999956   0.0000000000   0.0000000000   0.0000000000
   1.3299999955   0.0000000000   0.0000000000   0.0000000000
   1.3349999955   0.0000000000   0.0000000000   0.0000000000
   1.3399999955  -0.0000000000   0.0000000000  -0.0000000000
   1.3449999955  -0.0000000000  -0.0000000000  -0.0000000000
   1.3499999955  -0.0000000000  -0.0000000000  -0.0000000000
   1.3549999954  -0.0000000000  -0.0000000000  -0.0000000000
   1.3599999954  -0.0000000000  -0.0000000000  -0.0000000000
   1.3649999954  -0.0000000000  -0.0000000000  -0.0000000000
   1.3699999954  -0.0000000000  -0.0000000000  -0.0000000000
   1.3749999954  -0.0000000000  -0.0000000000  -0.0000000000
   1.3799999954   0.0000000000  -0.0000000000  -0.0000000000
   1.3849999953   0.0000000000   0.0000000000   0.0000000000
   1.3899999953   0.0000000000   0.0000000000   0.0000000000
   1.3949999953   0.0000000000   0.0000000000   0.0000000000
   1.3999999953   0.0000000000   0.0000000000   0.0000000000
   1.4049999953   0.0000000000   0.0000000000   0.0000000000
   1.4099999953   0.0000000000   0.0000000000   0.0000000000
   1.4149999952   0.0000000000   0.0000000000   0.0000000000
   1.4199999952  -0.0000000000   0.0000000000   0.0000000000
   1.4249999952  -0.0000000000   0.0000000000  -0.0000000000
   1.4299999952  -0.0000000000  -0.0000000000  -0.0000000000
   1.4349999952  -0.0000000000  -0.0000000000  -0.0000000000
   1.4399999952  -0.0000000000  -0.0000000000  -0.0000000000
   1.4449999951  -0.0000000000  -0.0000000000  -0.0000000000
   1.4499999951  -0.0000000000  -0.0000000000  -0.0000000000
   1.4549999951  -0.0000000000  -0.0000000000  -0.0000000000
   1.4599999951   0.0000000000  -0.0000000000  -0.0000000000
   1.4649999951   0.0000000000   0.0000000000   0.0000000000
   1.4699999951   0.0000000000   0.0000000000   0.0000000000
   1.4749999950   0.0000000000   0.0000000000   0.0000000000
   1.4799999950   0.0000000000   0.0000000000   0.0000000000
   1.4849999950   0.0000000000   0.0000000000   0.0000000000
   1.4899999950   0.0000000000   0.0000000000   0.0000000000
   1.4949999950   0.0000000000   0.0000000000   0.0000000000
   1.4999999950  -0.0000000000   0.0000000000   0.0000000000
   1.5049999949  -0.0000000000  -0.0000000000  -0.0000000000
   1.5099999949  -0.0000000000  -0.0000000000  -0.0000000000
   1.5149999949  -0.0000000000  -0.0000000000  -0.0000000001
   1.5199999949  -0.0000000000  -0.0000000000  -0.0000000001
   1.5249999949  -0.0000000000  -0.0000000000  -0.0000000001
   1.5299999949  -0.0000000000  -0.0000000000  -0.0000000000
   1.5349999948   0.0000000000  -0.0000000000  -0.0000000000
   1.5399999948   0.0000000000  -0.0000000000   0.0000000000
   1.5449999948   0.0000000000   0.0000000000   0.0000000000
   1.5499999948   0.0000000000   0.0000000000   0.0000000001
   1.5549999948   0.0000000000   0.0000000000   0.0000000001
   1.5599999948   0.0000000000   0.0000000000   0.0000000001
   1.5649999947   0.0000000000   0.0000000000   0.0000000000
   1.5699999947  -0.0000000000   0.0000000000   0.0000000000
   1.5749999947  -0.0000000000   0.0000000000  -0.0000000000
   1.5799999947  -0.0000000000  -0.0000000000  -0.0000000000
   1.5849999947  -0.0000000000  -0.0000000000  -0.0000000000
   1.5899999947  -0.0000000000  -0.0000000000  -0.0000000001
   1.5949999946  -0.0000000000  -0.0000000000  -0.0000000001
   1.5999999946  -0.0000000000  -0.0000000000  -0.0000000000
   1.6049999946  -0.0000000000  -0.0000000000  -0.0000000000
   1.6099999946   0.0000000000  -0.0000000000  -0.0000000000
   1.6149999946   0.0000000000   0.0000000000   0.0000000000
   1.6199999946   0.0000000000   0.0000000000   0.0000000000
   1.6249999945   0.0000000000   0.0000000000   0.0000000000
   1.6299999945   0.0000000000   0.0000000000   0.0000000000
   1.6349999945   0.0000000000   0.0000000000   0.0000000000
   1.6399999945   0.0000000000   0.0000000000   0.0000000000
   1.6449999945   0.0000000000  -0.0000000000  -0.0000000000
   1.6499999945   0.0000000001  -0.0000000000  -0.0000000000
   1.6549999944   0.0000000001  -0.0000000000  -0.0000000000
   1.6599999944   0.0000000001  -0.0000000000  -0.0000000000
   1.6649999944   0.0000000001  -0.0000000000  -0.0000000000
   1.6699999944   0.0000000001  -0.0000000000  -0.0000000000
   1.6749999944   0.0000000000  -0.0000000000  -0.0000000000
   1.6799999944  -0.0000000001   0.0000000000   0.0000000000
   1.6849999943  -0.0000000003   0.0000000001   0.0000000001
   1.6899999943  -0.0000000005   0.0000000001   0.0000000002
   1.6949999943  -0.0000000006   0.0000000002   0.0000000003
   1.6999999943  -0.0000000008   0.0000000003   0.0000000004
   1.7049999943  -0.0000000009   0.0000000003   0.0000000005
   1.7099999943  -0.0000000009   0.0000000004   0.0000000005
   1.7149999942  -0.0000000008   0.0000000004   0.0000000005
   1.7199999942  -0.0000000005   0.0000000004   0.0000000004
   1.7249999942  -0.0000000000   0.0000000002   0.0000000001
   1.7299999942   0.0000000007  -0.0000000001  -0.0000000004
   1.7349999942   0.0000000015  -0.0000000004  -0.0000000010
   1.7399999942   0.0000000025  -0.0000000009  -0.0000000017
   1.7449999941   0.0000000036  -0.0000000015  -0.0000000024
   1.7499999941   0.0000000045  -0.0000000020  -0.0000000030
   1.7549999941   0.0000000052  -0.0000000025  -0.0000000034
   1.7599999941   0.0000000054  -0.0000000027  -0.0000000034
   1.7649999941   0.0000000050  -0.0000000026  -0.0000000029
   1.7699999941   0.0000000039  -0.0000000022  -0.0000000018
   1.7749999940   0.0000000018  -0.0000000013  -0.0000000001
   1.7799999940  -0.0000000011   0.0000000001   0.0000000022
   1.7849999940  -0.0000000048   0.0000000019   0.0000000048
   1.7899999940  -0.0000000089   0.0000000039   0.0000000075
   1.7949999940  -0.0000000130   0.0000000059   0.0000000099
   1.7999999940  -0.0000000165   0.0000000077   0.0000000115
   1.8049999939  -0.0000000187   0.0000000089   0.0000000121
   1.8099999939  -0.0000000191   0.0000000093   0.0000000112
   1.8149999939  -0.0000000171   0.0000000087   0.0000000087
   1.8199999939  -0.0000000125   0.0000000068   0.0000000046
   1.8249999939  -0.0000000055   0.0000000037  -0.0000000008
   1.8299999939   0.0000000036  -0.0000000004  -0.0000000071
   1.8349999938   0.0000000137  -0.0000000052  -0.0000000136
   1.8399999938   0.0000000237  -0.0000000101  -0.0000000194
   1.8449999938   0.0000000321  -0.0000000146  -0.0000000236
   1.8499999938   0.0000000375  -0.0000000180  -0.0000000255
   1.8549999938   0.0000000388  -0.0000000196  -0.0000000243
   1.8599999938   0.0000000352  -0.0000000190  -0.0000000199
   1.8649999937   0.0000000266  -0.0000000160  -0.0000000125
   1.8699999937   0.0000000138  -0.0000000106  -0.0000000027
   1.8749999937  -0.0000000018  -0.0000000034   0.0000000084
   1.8799999937  -0.0000000183   0.0000000049   0.0000000192
   1.8849999937  -0.0000000331   0.0000000132   0.0000000281
   1.8899999937  -0.0000000440   0.0000000204   0.0000000336
   1.8949999936  -0.0000000490   0.0000000252   0.0000000346
   1.8999999936  -0.0000000471   0.0000000268   0.0000000306
   1.9049999936  -0.0000000381   0.0000000248   0.0000000218
   1.9099999936  -0.0000000230   0.0000000192   0.0000000093
   1.9149999936  -0.0000000042   0.0000000106  -0.0000000050
   1.9199999936   0.0000000156   0.0000000004  -0.0000000188
   1.9249999935   0.0000000329  -0.0000000100  -0.0000000297
   1.9299999935   0.0000000447  -0.0000000189  -0.0000000356
   1.9349999935   0.0000000486  -0.0000000246  -0.0000000351
   1.9399999935   0.0000000436  -0.0000000261  -0.0000000279
   1.9449999935   0.0000000302  -0.0000000230  -0.0000000151
   1.9499999935   0.0000000104  -0.0000000156   0.0000000014
   1.9549999934  -0.0000000123  -0.0000000052   0.0000000184
   1.9599999934  -0.0000000339   0.0000000063   0.0000000327
   1.9649999934  -0.0000000502   0.0000000168   0.0000000413
   1.9699999934  -0.0000000577   0.0000000243   0.0000000420
   1.9749999934  -0.0000000544   0.0000000270   0.0000000342
   1.9799999934  -0.0000000403   0.0000000244   0.0000000189
   1.9849999933  -0.0000000173   0.0000000165  -0.0000000014
   1.9899999933   0.0000000107   0.0000000048  -0.0000000229
   1.9949999933   0.0000000387  -0.0000000086  -0.0000000415
   1.9999999933   0.0000000616  -0.0000000213  -0.0000000533
   2.0049999933   0.0000000746  -0.0000000306  -0.0000000557
   2.0099999933   0.0000000749  -0.0000000347  -0.0000000477
   2.0149999932   0.0000000620  -0.0000000325  -0.0000000307
   2.0199999932   0.0000000378  -0.0000000243  -0.0000000076
   2.0249999932   0.0000000065  -0.0000000114   0.0000000171
   2.0299999932  -0.0000000263   0.0000000036   0.0000000387
   2.0349999932  -0.0000000546   0.0000000182   0.0000000529
   2.0399999931  -0.0000000732   0.0000000296   0.0000000570
   2.0449999931  -0.0000000787   0.0000000357   0.0000000505
   2.0499999931  -0.0000000704   0.0000000356   0.0000000351
   2.0549999931  -0.0000000503   0.0000000296   0.0000000142
   2.0599999931  -0.0000000227   0.0000000191  -0.0000000075
   2.0649999931   0.0000000068   0.0000000064  -0.0000000254
   2.0699999930   0.0000000325  -0.0000000061  -0.0000000361
   2.0749999930   0.0000000496  -0.0000000160  -0.0000000380
   2.0799999930   0.0000000557  -0.0000000218  -0.0000000316
   2.0849999930   0.0000000508  -0.0000000232  -0.0000000195
   2.0899999930   0.0000000373  -0.0000000206  -0.0000000055
   2.0949999930   0.0000000195  -0.0000000156   0.0000000063
   2.0999999929   0.0000000021  -0.0000000097   0.0000000127
   2.1049999929  -0.0000000110  -0.0000000046   0.0000000125
   2.1099999929  -0.0000000175  -0.0000000012   0.0000000066
   2.1149999929  -0.0000000172   0.0000000002  -0.0000000024
   2.1199999929  -0.0000000123   0.0000000005  -0.0000000106
   2.1249999929  -0.0000000061   0.0000000006  -0.0000000141
   2.1299999928  -0.0000000022   0.0000000020  -0.0000000107
   2.1349999928  -0.0000000030   0.0000000053  -0.0000000002
   2.1399999928  -0.0000000091   0.0000000104   0.0000000151
   2.1449999928  -0.0000000185   0.0000000162   0.0000000305
   2.1499999928  -0.0000000273   0.0000000210   0.0000000408
   2.1549999928  -0.0000000311   0.0000000226   0.0000000412
   2.1599999927  -0.0000000261   0.0000000193   0.0000000294
   2.1649999927  -0.0000000108   0.0000000105   0.0000000064
   2.1699999927   0.0000000130  -0.0000000029  -0.0000000234
   2.1749999927   0.0000000403  -0.0000000184  -0.0000000524
   2.1799999927   0.0000000636  -0.0000000324  -0.0000000724
   2.1849999927   0.0000000753  -0.0000000410  -0.0000000762
   2.1899999926   0.0000000694  -0.0000000410  -0.0000000601
   2.1949999926   0.0000000440  -0.0000000311  -0.0000000256
   2.1999999926   0.0000000026  -0.0000000123   0.0000000206
   2.2049999926  -0.0000000464   0.0000000118   0.0000000678
   2.2099999926  -0.0000000909   0.0000000358   0.0000001034
   2.2149999926  -0.0000001186   0.0000000537   0.0000001166
   2.2199999925  -0.0000001197   0.0000000601   0.0000001011
   2.2249999925  -0.0000000906   0.0000000523   0.0000000579
   2.2299999925  -0.0000000354   0.0000000308  -0.0000000047
   2.2349999925   0.0000000344  -0.0000000000  -0.0000000721
   2.2399999925   0.0000001017  -0.0000000331  -0.0000001270
   2.2449999925   0.0000001485  -0.0000000601  -0.0000001539
   2.2499999924   0.0000001605  -0.0000000735  -0.0000001433
   2.2549999924   0.0000001315  -0.0000000687  -0.0000000949
   2.2599999924   0.0000000659  -0.0000000457  -0.0000000187
   2.2649999924  -0.0000000213  -0.0000000094   0.0000000671
   2.2699999924  -0.0000001076   0.0000000312   0.0000001404
   2.2749999924  -0.0000001689   0.0000000651   0.0000001806
   2.2799999923  -0.0000001853   0.0000000821   0.0000001751
   2.2849999923  -0.0000001480   0.0000000758   0.0000001230
   2.2899999923  -0.0000000622   0.0000000456   0.0000000363
   2.2949999923   0.0000000521  -0.0000000023  -0.0000000626
   2.2999999923   0.0000001649  -0.0000000559  -0.0000001464
   2.3049999923   0.0000002425  -0.0000001001  -0.0000001914
   2.3099999922   0.0000002566  -0.0000001201  -0.0000001847
   2.3149999922   0.0000001923  -0.0000001054  -0.0000001294
   2.3199999922   0.0000000533  -0.0000000531  -0.0000000457
   2.3249999922  -0.0000001371   0.0000000308   0.0000000342
   2.3299999922  -0.0000003395   0.0000001316   0.0000000754
   2.3349999922  -0.0000005061   0.0000002280   0.0000000522
   2.3399999921  -0.0000005902   0.0000002963  -0.0000000389
   2.3449999921  -0.0000005551   0.0000003139  -0.0000001716
   2.3499999921  -0.0000003806   0.0000002636  -0.0000002885
   2.3549999921  -0.0000000656   0.0000001354  -0.0000003091
   2.3599999921   0.0000003724  -0.0000000716  -0.0000001469
   2.3649999921   0.0000009001  -0.0000003492   0.0000002650
   2.3699999920   0.0000014702  -0.0000006793   0.0000009467
   2.3749999920   0.0000020201  -0.0000010321   0.0000018441
   2.3799999920   0.0000024659  -0.0000013627   0.0000028111
   2.3849999920   0.0000026935  -0.0000016055   0.0000036044
   2.3899999920   0.0000025502  -0.0000016705   0.0000038966
   2.3949999920   0.0000018437  -0.0000014407   0.0000033100
   2.3999999919   0.0000003563  -0.0000007792   0.0000014727
   2.4049999919  -0.0000021183   0.0000004538  -0.0000019056
   2.4099999919  -0.0000057121   0.0000023684  -0.0000069404
   2.4149999919  -0.0000103941   0.0000049974  -0.0000134688
   2.4199999919  -0.0000158670   0.0000082368  -0.0000209467
   2.4249999919  -0.0000214654   0.0000117814  -0.0000283599
   2.4299999918  -0.0000260803   0.0000150698  -0.0000341713
   2.4349999918  -0.0000281413   0.0000172534  -0.0000363272
   2.4399999918  -0.0000256861   0.0000172101  -0.0000323548
   2.4449999918  -0.0000165428   0.0000136191  -0.0000195788
   2.4499999918   0.0000013560   0.0000051134   0.0000045164
   2.4549999918   0.0000295293  -0.0000094832   0.0000417649
   2.4599999917   0.0000683892  -0.0000308375   0.0000926439
   2.4649999917   0.0001166085  -0.0000587230   0.0001554786
   2.4699999917   0.0001704752  -0.0000915985   0.0002255899
   2.4749999917   0.0002233122  -0.0001261971   0.0002944866
   2.4799999917   0.0002650570  -0.0001571788   0.0003492264
   2.4849999917   0.0002820965  -0.0001769133   0.0003720901
   2.4899999916   0.0002574513  -0.0001754578   0.0003407146
   2.4949999916   0.0001713814  -0.0001407915   0.0002288045
   2.4999999916   0.0000024556  -0.0000593497   0.0000075011
   2.5049999916  -0.0002709174   0.0000831203  -0.0003525846
   2.5099999916  -0.0006685542   0.0003003972  -0.0008787497
   2.5149999916  -0.0012062761   0.0006043691  -0.0015931557
   2.5199999915  -0.0018935798   0.0010034614  -0.0025096181
   2.5249999915  -0.0027314273   0.0015010429  -0.0036305540
   2.5299999915  -0.0037104148   0.0020939806  -0.0049444490
   2.5349999915  -0.0048095847   0.0027715295  -0.0064242067
   2.5399999915  -0.0059961176   0.0035147366  -0.0080266929
   2.5449999915  -0.0072260741   0.0042965181  -0.0096936945
   2.5499999914  -0.0084462623   0.0050825089  -0.0113543795
   2.5549999914  -0.0095971815   0.0058327154  -0.0129291842
   2.5599999914  -0.0106168597   0.0065039089  -0.0143348812
   2.5649999914  -0.0114452755   0.0070526050  -0.0154904280
   2.5699999914  -0.0120289552   0.0074383852  -0.0163230661
   2.5749999914  -0.0123252745   0.0076272502  -0.0167740728
   2.5799999913  -0.0123060003   0.0075946620  -0.0168035620
   2.5849999913  -0.0119596631   0.0073279371  -0.0163938005
   2.5899999913  -0.0112924780   0.0068277024  -0.0155506511
   2.5949999913  -0.0103276934   0.0061082228  -0.0143029548
   2.5999999913  -0.0091034411   0.0051965250  -0.0126998992
   2.6049999913  -0.0076693448   0.0041303876  -0.0108066700
   2.6099999912  -0.0060823026   0.0029554006  -0.0086988927
   2.6149999912  -0.0044019588   0.0017214130  -0.0064565295
   2.6199999912  -0.0026864090   0.0004787617  -0.0041579648
   2.6249999912  -0.0009886296  -0.0007253012  -0.0018749750
   2.6299999912   0.0006459967  -0.0018496002   0.0003308561
   2.6349999912   0.0021808660  -0.0028611482   0.0024099428
   2.6399999911   0.0035880614  -0.0037362094   0.0043246689
   2.6449999911   0.0048471911  -0.0044602925   0.0060477625
   2.6499999911   0.0059435306  -0.0050272039   0.0075595721
   2.6549999911   0.0068659366  -0.0054374186   0.0088449153
   2.6599999911   0.0076050219  -0.0056961104   0.0098902374
   2.6649999911   0.0081520120  -0.0058112148   0.0106817500
   2.6699999910   0.0084985641  -0.0057918619   0.0112050257
   2.6749999910   0.0086376361  -0.0056474327   0.0114462420
   2.6799999910   0.0085652760  -0.0053873587   0.0113949286
   2.6849999910   0.0082830077  -0.0050216355   0.0110477494
   2.6899999910   0.0078003316  -0.0045618718   0.0104125939
   2.6949999909   0.0071367929  -0.0040225791   0.0095121176
   2.6999999909   0.0063230879  -0.0034223397   0.0083858889
   2.7049999909   0.0054007964  -0.0027844875   0.0070904679
   2.7099999909   0.0044205266  -0.0021370049   0.0056970522
   2.7149999909   0.0034385122  -0.0015114582   0.0042867144
   2.7199999909   0.0025119623  -0.0009409683   0.0029436656
   2.7249999908   0.0016937042  -0.0004573881   0.0017473476
   2.7299999908   0.0010268207  -0.0000880271   0.0007643979
   2.7349999908   0.0005400459   0.0001476174   0.0000416255
   2.7399999908   0.0002446249   0.0002406135  -0.0003989608
   2.7449999908   0.0001331668   0.0001943542  -0.0005622935
   2.7499999908   0.0001807513   0.0000249587  -0.0004791699
   2.7549999907   0.0003482236  -0.0002398670  -0.0002020388
   2.7599999907   0.0005872822  -0.0005634692   0.0002018115
   2.7649999907   0.0008466848  -0.0009041166   0.0006587441
   2.7699999907   0.0010787149  -0.0012196327   0.0010977778
   2.7749999907   0.0012449995  -0.0014721896   0.0014588759
   2.7799999907   0.0013208594  -0.0016326153   0.0016994065
   2.7849999906   0.0012975928  -0.0016836249   0.0017979515
   2.7899999906   0.0011824135  -0.0016215283   0.0017550433
   2.7949999906   0.0009961224  -0.0014561866   0.0015908730
   2.7999999906   0.0007689393  -0.0012092426   0.0013404518
   2.8049999906   0.0005351965  -0.0009108985   0.0010470708
   2.8099999906   0.0003277495  -0.0005957213   0.0007551148
   2.8149999905   0.0001729752  -0.0002980815   0.0005033384
   2.8199999905   0.0000871036  -0.0000478701   0.0003195820
   2.8249999905   0.0000743793   0.0001329350   0.0002176350
   2.8299999905   0.0001272411   0.0002324229   0.0001965744
   2.8349999905   0.0002283658   0.0002494112   0.0002425010
   2.8399999905   0.0003541381   0.0001926278   0.0003322102
   2.8449999904   0.0004788939   0.0000786438   0.0004380507
   2.8499999904   0.0005792006  -0.0000710447   0.0005330698
   2.8549999904   0.0006374731  -0.0002332958   0.0005955537
   2.8599999904   0.0006443743  -0.0003864567   0.0006122261
   2.8649999904   0.0005996825  -0.0005129213   0.0005796439
   2.8699999904   0.0005115759  -0.0006008006   0.0005036733
   2.8749999903   0.0003945471  -0.0006445648   0.0003972727
   2.8799999903   0.0002663718  -0.0006446866   0.0002770982
   2.8849999903   0.0001446813  -0.0006064632   0.0001596321
   2.8899999903   0.0000437237  -0.0005383034   0.0000575781
   2.8949999903  -0.0000281682  -0.0004498136  -0.0000228205
   2.8999999903  -0.0000700231  -0.0003500102  -0.0000830908
   2.9049999902  -0.0000884079  -0.0002459243  -0.0001322963
   2.9099999902  -0.0000963593  -0.0001417686  -0.0001853835
   2.9149999902  -0.0001112870  -0.0000387275  -0.0002604845
   2.9199999902  -0.0001522159   0.0000646808  -0.0003757265
   2.9249999902  -0.0002368166   0.0001718059  -0.0005461505
   2.9299999902  -0.0003786834   0.0002868200  -0.0007812839
   2.9349999901  -0.0005852621   0.0004136334  -0.0010837499
   2.9399999901  -0.0008567089   0.0005549543  -0.0014490755
   2.9449999901  -0.0011858099   0.0007116296  -0.0018666214
   2.9499999901  -0.0015589220   0.0008823357  -0.0023213517
   2.9549999901  -0.0019577457   0.0010636198  -0.0027960278
   2.9599999901  -0.0023616201   0.0012502327  -0.0032733660
   2.9649999900  -0.0027499700   0.0014356521  -0.0037377524
   2.9699999900  -0.0031045277   0.0016126831  -0.0041762376
   2.9749999900  -0.0034110115   0.0017740269  -0.0045787102
   2.9799999900  -0.0036600435   0.0019127423  -0.0049373344
   2.9849999900  -0.0038472264   0.0020225623  -0.0052454913
   2.9899999900  -0.0039724395   0.0020980719  -0.0054965597
   2.9949999899  -0.0040385403   0.0021347864  -0.0056828933
   2.9999999899  -0.0040497499   0.0021291896  -0.0057952960
   3.0049999899  -0.0040100383   0.0020787895  -0.0058231807
   3.0099999899  -0.0039218127   0.0019822318  -0.0057554425
   3.0149999899  -0.0037851449   0.0018394787  -0.0055819230
   3.0199999899  -0.0035976719   0.0016520285  -0.0052952090
   3.0249999898  -0.0033551781   0.0014231155  -0.0048924302
   3.0299999898  -0.0030527490   0.0011578189  -0.0043767041
   3.0349999898  -0.0026862879   0.0008630075  -0.0037579288
   3.0399999898  -0.0022541228   0.0005470725  -0.0030527297
   3.0449999898  -0.0017584209   0.0002194376  -0.0022835138
   3.0499999898  -0.0012061568  -0.0001101135  -0.0014767336
   3.0549999897  -0.0006094533  -0.0004322096  -0.0006606002
   3.0599999897   0.0000147888  -0.0007386469   0.0001374202
   3.0649999897   0.0006459447  -0.0010229993   0.0008929607
   3.0699999897   0.0012612791  -0.0012809705   0.0015866172
   3.0749999897   0.0018379085  -0.0015104170   0.0022050682
   3.0799999897   0.0023548586  -0.0017110279   0.0027413246
   3.0849999896   0.0027949470  -0.0018837155   0.0031941302
   3.0899999896   0.0031462517  -0.0020298310   0.0035666730
   3.0949999896   0.0034029807  -0.0021503599   0.0038648732
   3.0999999896   0.0035656438  -0.0022452687   0.0040955719
   3.1049999896   0.0036405204  -0.0023131486   0.0042649393
   3.1099999896   0.0036385121  -0.0023512568   0.0043773644
   3.1149999895   0.0035735500  -0.0023559767   0.0044349811
   3.1199999895   0.0034607842  -0.0023236369   0.0044378630
   3.1249999895   0.0033148091  -0.0022515527   0.0043847910
   3.1299999895   0.0031481649  -0.0021390946   0.0042743970
   3.1349999895   0.0029703120  -0.0019885713   0.0041064302
   3.1399999895   0.0027871972  -0.0018057275   0.0038828817
   3.1449999894   0.0026014373  -0.0015997183   0.0036087440
   3.1499999894   0.0024130449  -0.0013825019   0.0032922639
   3.1549999894   0.0022205367  -0.0011676992   0.0029446443
   3.1599999894   0.0020222021  -0.0009690653   0.0025792547
   3.1649999894   0.0018172881  -0.0007987938   0.0022104931
   3.1699999894   0.0016068786  -0.0006659243   0.0018524961
   3.1749999893   0.0013943078  -0.0005751149   0.0015179066
   3.1799999893   0.0011850365  -0.0005259992   0.0012168847
   3.1849999893   0.0009860275  -0.0005132577   0.0009564935
   3.1899999893   0.0008047525  -0.0005274214   0.0007405169
   3.1949999893   0.0006480329  -0.0005563045   0.0005696883
   3.1999999893   0.0005209504  -0.0005868571   0.0004422407
   3.2049999892   0.0004260405  -0.0006071521   0.0003546424
   3.2099999892   0.0003629273  -0.0006081918   0.0003023610
   3.2149999892   0.0003284591  -0.0005852403   0.0002805100
   3.2199999892   0.0003173062  -0.0005384635   0.0002842726
   3.2249999892   0.0003228847  -0.0004727641   0.0003090540
   3.2299999892   0.0003384116  -0.0003968371   0.0003503814
   3.2349999891   0.0003578775  -0.0003215973   0.0004036362
   3.2399999891   0.0003767511  -0.0002582405   0.0004637458
   3.2449999891   0.0003923005  -0.0002162641   0.0005249822
   3.2499999891   0.0004035040  -0.0002017834   0.0005809953
   3.2549999891   0.0004106187  -0.0002164294   0.0006251599
   3.2599999891   0.0004145435  -0.0002570180   0.0006512338
   3.2649999890   0.0004161512  -0.0003160456   0.0006542425
   3.2699999890   0.0004157578  -0.0003829233   0.0006314217
   3.2749999890   0.0004128507  -0.0004457317   0.0005830022
   3.2799999890   0.0004061259  -0.0004931881   0.0005126180
   3.2849999890   0.0003938074  -0.0005164826   0.0004271672
   3.2899999890   0.0003741532  -0.0005106665   0.0003360512
   3.2949999889   0.0003460115  -0.0004753588   0.0002498504
   3.2999999889   0.0003092871  -0.0004146663   0.0001786237
   3.3049999889   0.0002652027  -0.0003363509   0.0001301302
   3.3099999889   0.0002162914  -0.0002504184   0.0001083212
   3.3149999889   0.0001661177  -0.0001673949   0.0001124327
   3.3199999889   0.0001187788  -0.0000966102   0.0001369111
   3.3249999888   0.0000782805  -0.0000447867   0.0001722510
   3.3299999888   0.0000478983  -0.0000151666   0.0002066408
   3.3349999888   0.0000296313  -0.0000072968   0.0002281342
   3.3399999888   0.0000238382  -0.0000174657   0.0002269493
   3.3449999888   0.0000291121  -0.0000396651   0.0001974455
   3.3499999888   0.0000424190  -0.0000668671   0.0001393860
   3.3549999887   0.0000594907  -0.0000923600   0.0000582215
   3.3599999887   0.0000754313  -0.0001109015  -0.0000356764
   3.3649999887   0.0000854668  -0.0001194998  -0.0001286966
   3.3699999887   0.0000857398  -0.0001177168  -0.0002062752
   3.3749999887   0.0000740304  -0.0001074848  -0.0002553630
   3.3799999886   0.0000502729  -0.0000925147  -0.0002666285
   3.3849999886   0.0000167480  -0.0000774341  -0.0002360141
   3.3899999886  -0.0000221349  -0.0000668289  -0.0001653978
   3.3949999886  -0.0000604885  -0.0000643568  -0.0000622869
   3.3999999886  -0.0000919710  -0.0000720718   0.0000613573
   3.4049999886  -0.0001110294  -0.0000900535   0.0001909265
   3.4099999885  -0.0001141358  -0.0001163798   0.0003112854
   3.4149999885  -0.0001007511  -0.0001474263   0.0004088639
   3.4199999885  -0.0000737686  -0.0001784379   0.0004734252
   3.4249999885  -0.0000392713  -0.0002042781   0.0004992879
   3.4299999885  -0.0000055720  -0.0002202491   0.0004858782
   3.4349999885   0.0000183365  -0.0002228614   0.0004375845
   3.4399999884   0.0000246401  -0.0002104432   0.0003629712
   3.4449999884   0.0000084903  -0.0001834935   0.0002734744
   3.4499999884  -0.0000306807  -0.0001447169   0.0001817488
   3.4549999884  -0.0000886451  -0.0000987206   0.0000998760
   3.4599999884  -0.0001568316  -0.0000514063   0.0000376567
   3.4649999884  -0.0002237076  -0.0000091414   0.0000012202
   3.4699999883  -0.0002768397   0.0000221647  -0.0000078452
   3.4749999883  -0.0003052264   0.0000379260   0.0000073139
   3.4799999883  -0.0003014218   0.0000355440   0.0000393596
   3.4849999883  -0.0002630150   0.0000147533   0.0000779945
   3.4899999883  -0.0001931673  -0.0000224041   0.0001117050
   3.4949999883  -0.0001001172  -0.0000719604   0.0001297339
   3.4999999882   0.0000042184  -0.0001286734   0.0001239369
   3.5049999882   0.0001062373  -0.0001868144   0.0000901787
   3.5099999882   0.0001928335  -0.0002409384   0.0000290054
   3.5149999882   0.0002533609  -0.0002865045  -0.0000545336
   3.5199999882   0.0002810642  -0.0003202619  -0.0001518628
   3.5249999882   0.0002738062  -0.0003403824  -0.0002524394
   3.5299999881   0.0002340813  -0.0003463866  -0.0003455568
   3.5349999881   0.0001684283  -0.0003389482  -0.0004220145
   3.5399999881   0.0000864264  -0.0003196744  -0.0004753316
   3.5449999881  -0.0000005383  -0.0002909326  -0.0005023096
   3.5499999881  -0.0000805872  -0.0002557445  -0.0005029224
   3.5549999881  -0.0001426516  -0.0002177141  -0.0004796803
   3.5599999880  -0.0001777082  -0.0001809138  -0.0004367247
   3.5649999880  -0.0001798918  -0.0001496486  -0.0003789459
   3.5699999880  -0.0001473964  -0.0001280456  -0.0003113530
   3.5749999880  -0.0000830233  -0.0001194815  -0.0002388018
   3.5799999880   0.0000057961  -0.0001259362  -0.0001660343
   3.5849999880   0.0001076525  -0.0001474230  -0.0000978593
   3.5899999879   0.0002085456  -0.0001816697  -0.0000392478
   3.5949999879   0.0002939099  -0.0002242003   0.0000048495
   3.5999999879   0.0003510013  -0.0002688815   0.0000300412
   3.6049999879   0.0003712103  -0.0003088873   0.0000333156
   3.6099999879   0.0003518001  -0.0003379123   0.0000139191
   3.6149999879   0.0002966156  -0.0003513774  -0.0000260078
   3.6199999878   0.0002154992  -0.0003473448  -0.0000813227
   3.6249999878   0.0001224316  -0.0003269059  -0.0001444656
   3.6299999878   0.0000327284  -0.0002939232  -0.0002067059
   3.6349999878  -0.0000401138  -0.0002541632  -0.0002598163
   3.6399999878  -0.0000872016  -0.0002140142  -0.0002977768
   3.6449999878  -0.0001059919  -0.0001790963  -0.0003180611
   3.6499999877  -0.0001005632  -0.0001531044  -0.0003221327
   3.6549999877  -0.0000803290  -0.0001371700  -0.0003149706
   3.6599999877  -0.0000574995  -0.0001298958  -0.0003037053
   3.6649999877  -0.0000439201  -0.0001280377  -0.0002956939
   3.6699999877  -0.0000480694  -0.0001276402  -0.0002965315
   3.6749999877  -0.0000729607  -0.0001253088  -0.0003085304
   3.6799999876  -0.0001154435  -0.0001192714  -0.0003300771
   3.6849999876  -0.0001670390  -0.0001099426  -0.0003560422
   3.6899999876  -0.0002160452  -0.0000998442  -0.0003791286
   3.6949999876  -0.0002503369  -0.0000929139  -0.0003917837
   3.6999999876  -0.0002601395  -0.0000934005  -0.0003881501
   3.7049999876  -0.0002401085  -0.0001046539  -0.0003655296
   3.7099999875  -0.0001902752  -0.0001281370  -0.0003249833
   3.7149999875  -0.0001157464  -0.0001629185  -0.0002709501
   3.7199999875  -0.0000253754  -0.0002057661  -0.0002100428
   3.7249999875   0.0000701461  -0.0002517942  -0.0001494111
   3.7299999875   0.0001602438  -0.0002954735  -0.0000951606
   3.7349999875   0.0002360169  -0.0003317283  -0.0000512666
   3.7399999874   0.0002911459  -0.0003568410  -0.0000192405
   3.7449999874   0.0003221496  -0.0003689610   0.0000014462
   3.7499999874   0.0003281791  -0.0003681396   0.0000124182
   3.7549999874   0.0003106290  -0.0003559500   0.0000153244
   3.7599999874   0.0002728022  -0.0003348573   0.0000110470
   3.7649999874   0.0002197243  -0.0003075508  -0.0000005200
   3.7699999873   0.0001580271  -0.0002764290  -0.0000200561
   3.7749999873   0.0000956937  -0.0002433487  -0.0000479374
   3.7799999873   0.0000414339  -0.0002096463  -0.0000832561
   3.7849999873   0.0000035666  -0.0001763444  -0.0001231571
   3.7899999873  -0.0000115084  -0.0001444030  -0.0001628236
   3.7949999873  -0.0000009361  -0.0001148775  -0.0001962401
   3.7999999872   0.0000333464  -0.0000888995  -0.0002175906
   3.8049999872   0.0000842412  -0.0000674819  -0.0002229180
   3.8099999872   0.0001403386  -0.0000512322  -0.0002115401
   3.8149999872   0.0001880161  -0.0000401058  -0.0001867464
   3.8199999872   0.0002144409  -0.0000333336  -0.0001554797
   3.8249999872   0.0002107980  -0.0000296018  -0.0001269938
   3.8299999871   0.0001748942  -0.0000274750  -0.0001107810
   3.8349999871   0.0001123556  -0.0000259600  -0.0001142961
   3.8399999871   0.0000359383  -0.0000250425  -0.0001410872
   3.8449999871  -0.0000370509  -0.0000260154  -0.0001898524
   3.8499999871  -0.0000887044  -0.0000314598  -0.0002546981
   3.8549999871  -0.0001049054  -0.0000448364  -0.0003265460
   3.8599999870  -0.0000790450  -0.0000697540  -0.0003953191
   3.8649999870  -0.0000140743  -0.0001090854  -0.0004523240
   3.8699999870   0.0000777074  -0.0001641502  -0.0004921982
   3.8749999870   0.0001771463  -0.0002341849  -0.0005139201
   3.8799999870   0.0002624344  -0.0003162462  -0.0005206483
   3.8849999870   0.0003139885  -0.0004055905  -0.0005184842
   3.8899999869   0.0003188010  -0.0004964511  -0.0005145443
   3.8949999869   0.0002732028  -0.0005830383  -0.0005149041
   3.8999999869   0.0001834032  -0.0006605403  -0.0005229828
   3.9049999869   0.0000637596  -0.0007259102  -0.0005387896
   3.9099999869  -0.0000666863  -0.0007782872  -0.0005591834
   3.9149999869  -0.0001884584  -0.0008189891  -0.0005790055
   3.9199999868  -0.0002855908  -0.0008511124  -0.0005927013
   3.9249999868  -0.0003483410  -0.0008788483  -0.0005959290
   3.9299999868  -0.0003741500  -0.0009066620  -0.0005866855
   3.9349999868  -0.0003668427  -0.0009384818  -0.0005656476
   3.9399999868  -0.0003345379  -0.0009770132  -0.0005356774
   3.9449999868  -0.0002870288  -0.0010232505  -0.0005006895
   3.9499999867  -0.0002334441  -0.0010762159  -0.0004642657
   3.9549999867  -0.0001807898  -0.0011329324  -0.0004284627
   3.9599999867  -0.0001336102  -0.0011886265  -0.0003931874
   3.9649999867  -0.0000945990  -0.0012371545  -0.0003563359
   3.9699999867  -0.0000656809  -0.0012716442  -0.0003146548
   3.9749999867  -0.0000489699  -0.0012853249  -0.0002650708
   3.9799999866  -0.0000471100  -0.0012724822  -0.0002060891
   3.9849999866  -0.0000627830  -0.0012294302  -0.0001388382
   3.9899999866  -0.0000975246  -0.0011553447  -0.0000674337
   3.9949999866  -0.0001502917  -0.0010527864   0.0000014837
   3.9999999866  -0.0002163793  -0.0009277538   0.0000599529
   4.0049999866  -0.0002872231  -0.0007891767   0.0001003579
   4.0099999865  -0.0003513743  -0.0006478582   0.0001171429
   4.0149999865  -0.0003965624  -0.0005149996   0.0001081474
   4.0199999865  -0.0004123961  -0.0004005489   0.0000752198
   4.0249999865  -0.0003930013  -0.0003116830   0.0000239471
   4.0299999865  -0.0003388503  -0.0002517338  -0.0000374508
   4.0349999864  -0.0002572096  -0.0002197939  -0.0000998084
   4.0399999864  -0.0001609877  -0.0002111055  -0.0001548925
   4.0449999864  -0.0000661880  -0.0002181666  -0.0001970394
   4.0499999864   0.0000114445  -0.0002323308  -0.0002241778
   4.0549999864   0.0000597738  -0.0002455628  -0.0002380171
   4.0599999864   0.0000728044  -0.0002519767  -0.0002433822
   4.0649999863   0.0000517913  -0.0002488356  -0.0002468747
   4.0699999863   0.0000046974  -0.0002368177  -0.0002552031
   4.0749999863  -0.0000558176  -0.0002195247  -0.0002735885
   4.0799999863  -0.0001153327  -0.0002023849  -0.0003046265
   4.0849999863  -0.0001607886  -0.0001912336  -0.0003478588
   4.0899999863  -0.0001830605  -0.0001909161  -0.0004001204
   4.0949999862  -0.0001784402  -0.0002042329  -0.0004565285
   4.0999999862  -0.0001488014  -0.0002314448  -0.0005118119
   4.1049999862  -0.0001005669  -0.0002704055  -0.0005616015
   4.1099999862  -0.0000428755  -0.0003172301  -0.0006033204
   4.1149999862   0.0000145093  -0.0003672840  -0.0006364387
   4.1199999862   0.0000630268  -0.0004162131  -0.0006620456
   4.1249999861   0.0000965140  -0.0004607498  -0.0006819001
   4.1299999861   0.0001116336  -0.0004991149  -0.0006972815
   4.1349999861   0.0001076311  -0.0005309598  -0.0007080347
   4.1399999861   0.0000856856  -0.0005569295  -0.0007121564
   4.1449999861   0.0000481716  -0.0005780256  -0.0007061148
   4.1499999861  -0.0000019087  -0.0005949984  -0.0006858742
   4.1549999860  -0.0000611962  -0.0006079714  -0.0006483662
   4.1599999860  -0.0001259866  -0.0006164176  -0.0005929866
   4.1649999860  -0.0001921428  -0.0006194888  -0.0005226491
   4.1699999860  -0.0002551149  -0.0006165827  -0.0004440138
   4.1749999860  -0.0003102266  -0.0006079452  -0.0003667203
   4.1799999860  -0.0003532679  -0.0005950879  -0.0003017265
   4.1849999859  -0.0003812865  -0.0005808384  -0.0002591191
   4.1899999859  -0.0003933453  -0.0005689524  -0.0002459377
   4.1949999859  -0.0003909690  -0.0005633395  -0.0002645831
   4.1999999859  -0.0003780496  -0.0005670861  -0.0003122563
   4.2049999859  -0.0003601184  -0.0005815359  -0.0003816165
   4.2099999859  -0.0003430790  -0.0006056989  -0.0004625264
   4.2149999858  -0.0003316763  -0.0006361954  -0.0005444655
   4.2199999858  -0.0003280907  -0.0006678116  -0.0006190038
   4.2249999858  -0.0003310586  -0.0006945820  -0.0006817102
   4.2299999858  -0.0003358111  -0.0007111669  -0.0007330190
   4.2349999858  -0.0003349257  -0.0007141919  -0.0007778518
   4.2399999858  -0.0003199474  -0.0007032065  -0.0008241236
   4.2449999857  -0.0002834231  -0.0006809917  -0.0008805473
   4.2499999857  -0.0002208713  -0.0006530965  -0.0009543152
   4.2549999857  -0.0001322104  -0.0006266765  -0.0010492407
   4.2599999857  -0.0000223013  -0.0006088872  -0.0011647796
   4.2649999857   0.0000995127  -0.0006052066  -0.0012960829
   4.2699999857   0.0002207260  -0.0006180980  -0.0014349368
   4.2749999856   0.0003274851  -0.0006463492  -0.0015712060
   4.2799999856   0.0004064089  -0.0006852654  -0.0016942918
   4.2849999856   0.0004459414  -0.0007276873  -0.0017941604
   4.2899999856   0.0004369041  -0.0007655994  -0.0018616805
   4.2949999856   0.0003721533  -0.0007919477  -0.0018882646
   4.2999999856   0.0002455034  -0.0008022331  -0.0018650540
   4.3049999855   0.0000502907  -0.0007955069  -0.0017820483
   4.3099999855  -0.0002219468  -0.0007745429  -0.0016276044
   4.3149999855  -0.0005822252  -0.0007451703  -0.0013886123
   4.3199999855  -0.0010440168  -0.0007149545  -0.0010514333
   4.3249999855  -0.0016222355  -0.0006915685  -0.0006034376
   4.3299999855  -0.0023314885  -0.0006812536  -0.0000347732
   4.3349999854  -0.0031839592  -0.0006877280   0.0006600881
   4.3399999854  -0.0041873630  -0.0007117620   0.0014814292
   4.3449999854  -0.0053433694  -0.0007514571   0.0024242067
   4.3499999854  -0.0066467350  -0.0008030817   0.0034787780
   4.3549999854  -0.0080851867  -0.0008621827   0.0046321520
   4.3599999854  -0.0096398987  -0.0009246486   0.0058693226
   4.3649999853  -0.0112862871  -0.0009874404   0.0071742129
   4.3699999853  -0.0129948167  -0.0010488305   0.0085298799
   4.3749999853  -0.0147315980  -0.0011081437   0.0099178608
   4.3799999853  -0.0164587001  -0.0011651413   0.0113168183
   4.3849999853  -0.0181342743  -0.0012192806   0.0127008849
   4.3899999853  -0.0197127057  -0.0012691004   0.0140382414
   4.3949999852  -0.0211450599  -0.0013119230   0.0152904530
   4.3999999852  -0.0223800351  -0.0013439517   0.0164129386
   4.4049999852  -0.0233655054  -0.0013607096   0.0173566895
   4.4099999852  -0.0240505755  -0.0013576650   0.0180710782
   4.4149999852  -0.0243879270  -0.0013308339   0.0185073512
   4.4199999852  -0.0243361640  -0.0012771725   0.0186222693
   4.4249999851  -0.0238618791  -0.0011946475   0.0183813536
   4.4299999851  -0.0229412651  -0.0010819877   0.0177613131
   4.4349999851  -0.0215612329  -0.0009382237   0.0167514342
   4.4399999851  -0.0197201402  -0.0007622008   0.0153539307
   4.4449999851  -0.0174283038  -0.0005522578   0.0135834467
   4.4499999851  -0.0147084674  -0.0003062190   0.0114660078
   4.4549999850  -0.0115962934  -0.0000217491   0.0090377356
   4.4599999850  -0.0081408073   0.0003029908   0.0063435708
   4.4649999850  -0.0044045728   0.0006685455   0.0034361326
   4.4699999850  -0.0004632941   0.0010734363   0.0003747188
   4.4749999850   0.0035954509   0.0015136991  -0.0027756494
   4.4799999850   0.0076745196   0.0019828266  -0.0059452808
   4.4849999849   0.0116705418   0.0024721458  -0.0090611010
   4.4899999849   0.0154780491   0.0029715540  -0.0120482627
   4.4949999849   0.0189939941   0.0034704501  -0.0148320991
   4.4999999849   0.0221221809   0.0039586597  -0.0173403756
   4.5049999849   0.0247771757   0.0044271714  -0.0195057459
   4.5099999849   0.0268874176   0.0048685648  -0.0212682922
   4.5149999848   0.0283974544   0.0052771067  -0.0225780222
   4.5199999848   0.0292694194   0.0056485776  -0.0233971975
   4.5249999848   0.0294839793   0.0059799561  -0.0237023664
   4.5299999848   0.0290409887   0.0062691046  -0.0234859770
   4.5349999848   0.0279599733   0.0065145715  -0.0227574353
   4.5399999848   0.0262803946   0.0067155619  -0.0215434816
   4.5449999847   0.0240614705   0.0068720571  -0.0198877715
   4.5499999847   0.0213812231   0.0069850037  -0.0178495913
   4.5549999847   0.0183344378   0.0070564679  -0.0155017031
   4.5599999847   0.0150293611   0.0070896643  -0.0129273914
   4.5649999847   0.0115831993   0.0070888155  -0.0102168680
   4.5699999847   0.0081167408   0.0070588651  -0.0074632614
   4.5749999846   0.0047486342   0.0070051133  -0.0047584553
   4.5799999846   0.0015899390   0.0069328797  -0.0021890556
   4.5849999846  -0.0012604962   0.0068472800   0.0001672650
   4.5899999846  -0.0037194697   0.0067531619   0.0022448398
   4.5949999846  -0.0057215897   0.0066551825   0.0039923615
   4.5999999846  -0.0072203409   0.0065579501   0.0053744381
   4.6049999845  -0.0081884067   0.0064661221   0.0063723389
   4.6099999845  -0.0086176348   0.0063843538   0.0069839586
   4.6149999845  -0.0085189250   0.0063170395   0.0072230681
   4.6199999845  -0.0079221030   0.0062678540   0.0071179464
   4.6249999845  -0.0068756028   0.0062391744   0.0067095080
   4.6299999845  -0.0054455913   0.0062315150   0.0060490514
   4.6349999844  -0.0037141167   0.0062431206   0.0051957598
   4.6399999844  -0.0017759564   0.0062698351   0.0042140725
   4.6449999844   0.0002659171   0.0063052986   0.0031710254
   4.6499999844   0.0023060255   0.0063414486   0.0021336257
   4.6549999844   0.0042427027   0.0063692266   0.0011662927
   4.6599999844   0.0059843198   0.0063793545   0.0003283715
   4.6649999843   0.0074546607   0.0063630368  -0.0003282783
   4.6699999843   0.0085968273   0.0063124866  -0.0007615951
   4.6749999843   0.0093753272   0.0062212288  -0.0009414596
   4.6799999843   0.0097763302   0.0060842029  -0.0008515392
   4.6849999843   0.0098063861   0.0058977349  -0.0004906449
   4.6899999843   0.0094900922   0.0056594666   0.0001266220
   4.6949999842   0.0088672466   0.0053683168   0.0009701465
   4.6999999842   0.0079899198   0.0050245080   0.0019956520
   4.7049999842   0.0069196690   0.0046296426   0.0031471741
   4.7099999842   0.0057248868   0.0041867715   0.0043605556
   4.7149999842   0.0044780926   0.0037003805   0.0055677198
   4.7199999841   0.0032529061   0.0031762323   0.0067013480
   4.7249999841   0.0021205134   0.0026210370   0.0076995136
   4.7299999841   0.0011456225   0.0020419746   0.0085098145
   4.7349999841   0.0003821540   0.0014461401   0.0090926064
   4.7399999841  -0.0001308611   0.0008400062   0.0094230611
   4.7449999841  -0.0003725675   0.0002290060   0.0094919316
   4.7499999840  -0.0003421590  -0.0003826887   0.0093050723
   4.7549999840  -0.0000589076  -0.0009921587   0.0088819072
   4.7599999840   0.0004397952  -0.0015975110   0.0082531353
   4.7649999840   0.0011021874  -0.0021974944   0.0074580032
   4.7699999840   0.0018671659  -0.0027910412   0.0065414523
   4.7749999840   0.0026698788  -0.0033768353   0.0055513808
   4.7799999839   0.0034471164  -0.0039529962   0.0045361689
   4.7849999839   0.0041418452  -0.0045169437   0.0035425191
   4.7899999839   0.0047064720  -0.0050654755   0.0026135970
   4.7949999839   0.0051047264  -0.0055950434   0.0017874179
   4.7999999839   0.0053123297  -0.0061021722   0.0010954346
   4.8049999839   0.0053168166  -0.0065839266   0.0005613143
   4.8099999838   0.0051169282  -0.0070383069   0.0001999462
   4.8149999838   0.0047219301  -0.0074644577   0.0000167625
   4.8199999838   0.0041510292  -0.0078626003   0.0000074778
   4.8249999838   0.0034328562  -0.0082336617   0.0001583382
   4.8299999838   0.0026048063  -0.0085786513   0.0004469246
   4.8349999838   0.0017119363  -0.0088979133   0.0008434930
   4.8399999837   0.0008051514  -0.0091904428   0.0013127658
   4.8449999837  -0.0000614550  -0.0094534616   0.0018160406
   4.8499999837  -0.0008340430  -0.0096824053   0.0023134576
   4.8549999837  -0.0014629742  -0.0098713778   0.0027662793
   4.8599999837  -0.0019068330  -0.0100140033   0.0031390594
   4.8649999837  -0.0021360239  -0.0101044894   0.0034016136
   4.8699999836  -0.0021354877  -0.0101386461   0.0035307268
   4.8749999836  -0.0019062126  -0.0101146006   0.0035115318
   4.8799999836  -0.0014654001  -0.0100330322   0.0033384764
   4.8849999836  -0.0008453343  -0.0098968819   0.0030157752
   4.8899999836  -0.0000911552  -0.0097106457   0.0025572270
   4.8949999836   0.0007421830  -0.0094794793   0.0019853056
   4.8999999835   0.0015934700  -0.0092083901   0.0013294928
   4.9049999835   0.0023990511  -0.0089017519   0.0006239257
   4.9099999835   0.0030966971  -0.0085632602  -0.0000954503
   4.9149999835   0.0036293819  -0.0081962917  -0.0007939254
   4.9199999835   0.0039488475  -0.0078044931  -0.0014409078
   4.9249999835   0.0040188154  -0.0073923465  -0.0020122912
   4.9299999834   0.0038176653  -0.0069654698  -0.0024920316
   4.9349999834   0.0033403508  -0.0065305066  -0.0028727857
   4.9399999834   0.0025993067  -0.0060945998  -0.0031556215
   4.9449999834   0.0016241249  -0.0056645904  -0.0033489459
   4.9499999834   0.0004598757  -0.0052461701  -0.0034668903
   4.9549999834  -0.0008359032  -0.0048432339  -0.0035274205
   4.9599999833  -0.0021973378  -0.0044576093  -0.0035504078
   4.9649999833  -0.0035550748  -0.0040892174  -0.0035558297
   4.9699999833  -0.0048413362  -0.0037365940  -0.0035621882
   4.9749999833  -0.0059945904  -0.0033976006  -0.0035851769
   4.9799999833  -0.0069633147  -0.0030701263  -0.0036365983
   4.9849999833  -0.0077084857  -0.0027526135  -0.0037235411
   4.9899999832  -0.0082046656  -0.0024443217  -0.0038478489
   4.9949999832  -0.0084398086  -0.0021453338  -0.0040059325
   4.9999999832  -0.0084141304  -0.0018563793  -0.0041889781
   5.0049999832  -0.0081385016  -0.0015785749  -0.0043835723
   5.0099999832  -0.0076328217  -0.0013131676  -0.0045727176
   5.0149999832  -0.0069246916  -0.0010613270  -0.0047371545
   5.0199999831  -0.0060484825  -0.0008239930  -0.0048568643
   5.0249999831  -0.0050446484  -0.0006017671  -0.0049126129
   5.0299999831  -0.0039589452  -0.0003948391  -0.0048874079
   5.0349999831  -0.0028411502  -0.0002029622  -0.0047677770
   5.0399999831  -0.0017429702  -0.0000255103  -0.0045448204
   5.0449999831  -0.0007150558   0.0001383579  -0.0042150133
   5.0499999830   0.0001966537   0.0002894321  -0.0037807560
   5.0549999830   0.0009547402   0.0004281335  -0.0032506555
   5.0599999830   0.0015335785   0.0005542485  -0.0026395161
   5.0649999830   0.0019213875   0.0006668232  -0.0019680005
   5.0699999830   0.0021205813   0.0007643005  -0.0012619297
   5.0749999830   0.0021462972   0.0008449075  -0.0005512090
   5.0799999829   0.0020233908   0.0009072102   0.0001316012
   5.0849999829   0.0017825333   0.0009506811   0.0007530168
   5.0899999829   0.0014562202   0.0009761005   0.0012805794
   5.0949999829   0.0010754529   0.0009856543   0.0016849178
   5.0999999829   0.0006675974   0.0009826851   0.0019418014
   5.1049999829   0.0002555359   0.0009711686   0.0020340472
   5.1099999828  -0.0001421528   0.0009550800   0.0019531295
   5.1149999828  -0.0005105201   0.0009378470   0.0017003264
   5.1199999828  -0.0008376691   0.0009220476   0.0012872345
   5.1249999828  -0.0011147016   0.0009094124   0.0007355150
   5.1299999828  -0.0013363014   0.0009010752   0.0000757932
   5.1349999828  -0.0015017067   0.0008979242  -0.0006542620
   5.1399999827  -0.0016155558   0.0009008806  -0.0014125295
   5.1449999827  -0.0016880156   0.0009109744  -0.0021554371
   5.1499999827  -0.0017337536   0.0009291876  -0.0028410297
   5.1549999827  -0.0017696508   0.0009561422  -0.0034317594
   5.1599999827  -0.0018115644   0.0009917875  -0.0038967062
   5.1649999827  -0.0018708030   0.0010352481  -0.0042130666
   5.1699999826  -0.0019511495   0.0010849363  -0.0043668854
   5.1749999826  -0.0020472035   0.0011389244  -0.0043531354
   5.1799999826  -0.0021445204   0.0011954661  -0.0041753239
   5.1849999826  -0.0022215960   0.0012534921  -0.0038448064
   5.1899999826  -0.0022532970   0.0013129060  -0.0033799370
   5.1949999826  -0.0022150067   0.0013745735  -0.0028050986
   5.1999999825  -0.0020866271   0.0014400063  -0.0021495812
   5.2049999825  -0.0018556712   0.0015108393  -0.0014462432
   5.2099999825  -0.0015189663   0.0015882626  -0.0007299145
   5.2149999825  -0.0010828529   0.0016725659  -0.0000355646
   5.2199999825  -0.0005621271   0.0017628984   0.0006036514
   5.2249999825   0.0000217939   0.0018572676   0.0011582910
   5.2299999824   0.0006429252   0.0019527289   0.0016042648
   5.2349999824   0.0012725255   0.0020456816   0.0019240503
   5.2399999824   0.0018804180   0.0021321947   0.0021073853
   5.2449999824   0.0024358299   0.0022083227   0.0021514391
   5.2499999824   0.0029079780   0.0022704080   0.0020605328
   5.2549999824   0.0032667431   0.0023153827   0.0018455210
   5.2599999823   0.0034837570   0.0023410656   0.0015229373
   5.2649999823   0.0035340873   0.0023464112   0.0011139720
   5.2699999823   0.0033984869   0.0023316295   0.0006433069
   5.2749999823   0.0030659442   0.0022980953   0.0001378072
   5.2799999823   0.0025360969   0.0022480070  -0.0003749209
   5.2849999823   0.0018210099   0.0021838384  -0.0008680635
   5.2899999822   0.0009458794   0.0021077230  -0.0013171243
   5.2949999822  -0.0000515879   0.0020209688  -0.0017013092
   5.2999999822  -0.0011231294   0.0019238942  -0.0020046213
   5.3049999822  -0.0022129719   0.0018160947  -0.0022165497
   5.3099999822  -0.0032615468   0.0016971026  -0.0023322947
   5.3149999822  -0.0042093897   0.0015672566  -0.0023525417
   5.3199999821  -0.0050007893   0.0014284939  -0.0022828615
   5.3249999821  -0.0055869047   0.0012847740  -0.0021328496
   5.3299999821  -0.0059282492   0.0011419422  -0.0019151222
   5.3349999821  -0.0059965934   0.0010070171  -0.0016442705
   5.3399999821  -0.0057764056   0.0008870789  -0.0013358465
   5.3449999821  -0.0052659225   0.0007880738  -0.0010054355
   5.3499999820  -0.0044778364   0.0007138801  -0.0006678613
   5.3549999820  -0.0034394606   0.0006658903  -0.0003365723
   5.3599999820  -0.0021921547   0.0006431862  -0.0000232552
   5.3649999820  -0.0007897992   0.0006431819   0.0002622920
   5.3699999820   0.0007037824   0.0006624607   0.0005120338
   5.3749999820   0.0022183742   0.0006974910   0.0007193765
   5.3799999819   0.0036816161   0.0007449878   0.0008787634
   5.3849999819   0.0050235319   0.0008018519   0.0009853252
   5.3899999819   0.0061808679   0.0008648046   0.0010347163
   5.3949999819   0.0071008296   0.0009299666   0.0010232157
   5.3999999819   0.0077439355   0.0009926517   0.0009480895
   5.4049999818   0.0080858592   0.0010475520   0.0008081257
   5.4099999818   0.0081182609   0.0010893256   0.0006041955
   5.4149999818   0.0078486745   0.0011134210   0.0003396804
   5.4199999818   0.0072995311   0.0011168606   0.0000206518
   5.4249999818   0.0065063845   0.0010987082  -0.0003442320
   5.4299999818   0.0055154061   0.0010600527  -0.0007440533
   5.4349999817   0.0043802610   0.0010035132  -0.0011660679
   5.4399999817   0.0031585615   0.0009324453  -0.0015961078
   5.4449999817   0.0019081956   0.0008501256  -0.0020188640
   5.4499999817   0.0006838843   0.0007591845  -0.0024180404
   5.4549999817  -0.0004656893   0.0006614521  -0.0027764614
   5.4599999817  -0.0014999473   0.0005582153  -0.0030762778
   5.4649999816  -0.0023876200   0.0004507353  -0.0032994213
   5.4699999816  -0.0031072054   0.0003407926  -0.0034284060
   5.4749999816  -0.0036469301   0.0002310342  -0.0034474784
   5.4799999816  -0.0040044739   0.0001249960  -0.0033440078
   5.4849999816  -0.0041866267   0.0000268000  -0.0031099284
   5.4899999816  -0.0042088800  -0.0000593586  -0.0027430088
   5.4949999815  -0.0040947847  -0.0001297673  -0.0022477508
   5.4999999815  -0.0038748179  -0.0001816464  -0.0016357881
   5.5049999815  -0.0035845289  -0.0002134115  -0.0009257441
   5.5099999815  -0.0032618935  -0.0002247520  -0.0001425871
   5.5149999815  -0.0029440395  -0.0002165793   0.0006834320
   5.5199999815  -0.0026637365  -0.0001909093   0.0015181560
   5.5249999814  -0.0024461897  -0.0001507110   0.0023251217
   5.5299999814  -0.0023066761  -0.0000997061   0.0030673126
   5.5349999814  -0.0022494221  -0.0000420846   0.0037089996
   5.5399999814  -0.0022678677   0.0000178857   0.0042176065
   5.5449999814  -0.0023461888   0.0000763260   0.0045655156
   5.5499999814  -0.0024617151   0.0001301984   0.0047317145
   5.5549999813  -0.0025877696   0.0001776189   0.0047031758
   5.5599999813  -0.0026964605   0.0002179286   0.0044758727
   5.5649999813  -0.0027610779   0.0002514869   0.0040553537
   5.5699999813  -0.0027579245   0.0002792533   0.0034568331
   5.5749999813  -0.0026675857   0.0003023001   0.0027047771
   5.5799999813  -0.0024757703   0.0003214279   0.0018319833
   5.5849999812  -0.0021739045   0.0003370073   0.0008781666
   5.5899999812  -0.0017596319   0.0003490729  -0.0001119241
   5.5949999812  -0.0012372874   0.0003575856  -0.0010907968
   5.5999999812  -0.0006183012   0.0003627093  -0.0020108111
   5.6049999812   0.0000786100   0.0003649488  -0.0028269144
   5.6099999812   0.0008276661   0.0003650716  -0.0034993078
   5.6149999811   0.0015968547   0.0003638502  -0.0039958116
   5.6199999811   0.0023494940   0.0003617562  -0.0042937178
   5.6249999811   0.0030465125   0.0003587752  -0.0043809836
   5.6299999811   0.0036492715   0.0003544587  -0.0042567057
   5.6349999811   0.0041225995   0.0003482180  -0.0039309059
   5.6399999811   0.0044376111   0.0003397382  -0.0034237257
   5.6449999810   0.0045738801   0.0003293160  -0.0027641492
   5.6499999810   0.0045206411   0.0003179359  -0.0019883668
   5.6549999810   0.0042768907   0.0003070030  -0.0011378586
   5.6599999810   0.0038505064   0.0002978022  -0.0002572513
   5.6649999810   0.0032567127   0.0002908905   0.0006079978
   5.6699999810   0.0025163555   0.0002856791   0.0014140075
   5.6749999809   0.0016544274   0.0002804142   0.0021208415
   5.6799999809   0.0006991414   0.0002726119   0.0026946692
   5.6849999809  -0.0003184002   0.0002598250   0.0031095383
   5.6899999809  -0.0013641516   0.0002404798   0.0033486106
   5.6949999809  -0.0024010822   0.0002144779   0.0034047785
   5.6999999809  -0.0033895931   0.0001833418   0.0032806601
   5.7049999808  -0.0042887188   0.0001498448   0.0029880397
   5.7099999808  -0.0050581994   0.0001172553   0.0025468538
   5.7149999808  -0.0056612131   0.0000884588   0.0019838190
   5.7199999808  -0.0060673121   0.0000652501   0.0013307777
   5.7249999808  -0.0062549868   0.0000480085   0.0006228150
   5.7299999808  -0.0062133374   0.0000358183  -0.0001037918
   5.7349999807  -0.0059425400   0.0000269354  -0.0008136890
   5.7399999807  -0.0054530954   0.0000193951  -0.0014744727
   5.7449999807  -0.0047641434   0.0000115422  -0.0020584220
   5.7499999807  -0.0039013288   0.0000023264  -0.0025437397
   5.7549999807  -0.0028947523  -0.0000086730  -0.0029151591
   5.7599999807  -0.0017774267  -0.0000214281  -0.0031638921
   5.7649999806  -0.0005844226  -0.0000357170  -0.0032870248
   5.7699999806   0.0006473837  -0.0000513274  -0.0032865752
   5.7749999806   0.0018792785  -0.0000681343  -0.0031684679
   5.7799999806   0.0030708188  -0.0000860499  -0.0029416411
   5.7849999806   0.0041804652  -0.0001048979  -0.0026173928
   5.7899999806   0.0051669531  -0.0001242832  -0.0022089442
   5.7949999805   0.0059913710  -0.0001435138  -0.0017310914
   5.7999999805   0.0066196786  -0.0001615989  -0.0011997836
   5.8049999805   0.0070252438  -0.0001773181  -0.0006315054
   5.8099999805   0.0071909524  -0.0001893425  -0.0000424479
   5.8149999805   0.0071105482  -0.0001963926   0.0005524264
   5.8199999805   0.0067890576  -0.0001974245   0.0011402334
   5.8249999804   0.0062423691  -0.0001918313   0.0017107165
   5.8299999804   0.0054962003  -0.0001796332   0.0022563373
   5.8349999804   0.0045847513  -0.0001616066   0.0027718608
   5.8399999804   0.0035492850  -0.0001392954   0.0032535194
   5.8449999804   0.0024367390  -0.0001148642   0.0036979452
   5.8499999804   0.0012983119  -0.0000908010   0.0041011159
   5.8549999803   0.0001878504  -0.0000695382   0.0044575486
   5.8599999803  -0.0008401548  -0.0000531069   0.0047599172
   5.8649999803  -0.0017330686  -0.0000429465   0.0049991756
   5.8699999803  -0.0024430464  -0.0000399424   0.0051651714
   5.8749999803  -0.0029301596  -0.0000446758   0.0052476497
   5.8799999803  -0.0031653435  -0.0000577763   0.0052374832
   5.8849999802  -0.0031327671  -0.0000802032   0.0051279318
   5.8899999802  -0.0028313113  -0.0001132918   0.0049157324
   5.8949999802  -0.0022750034  -0.0001584772   0.0046018513
   5.8999999802  -0.0014924378  -0.0002167330   0.0041917935
   5.9049999802  -0.0005253565  -0.0002878830   0.0036954501
   5.9099999802   0.0005733833  -0.0003700108   0.0031265546
   5.9149999801   0.0017422527  -0.0004591803   0.0025018938
   5.9199999801   0.0029137897  -0.0005495813   0.0018404480
   5.9249999801   0.0040176006  -0.0006340774   0.0011626072
   5.9299999801   0.0049836305  -0.0007050058   0.0004895361
   5.9349999801   0.0057456809  -0.0007550096  -0.0001573446
   5.9399999801   0.0062450628  -0.0007776997  -0.0007568787
   5.9449999800   0.0064341727  -0.0007680320  -0.0012888533
   5.9499999800   0.0062797031  -0.0007224096  -0.0017349508
   5.9549999800   0.0057651944  -0.0006386213  -0.0020799871
   5.9599999800   0.0048926958  -0.0005157715  -0.0023133131
   5.9649999800   0.0036834126  -0.0003543284  -0.0024301347
   5.9699999800   0.0021773271  -0.0001563317  -0.0024324554
   5.9749999799   0.0004318521   0.0000742990  -0.0023293791
   5.9799999799  -0.0014803994   0.0003314880  -0.0021366340
   5.9849999799  -0.0034746669   0.0006069062  -0.0018753405
   5.9899999799  -0.0054578737   0.0008901543  -0.0015702085
   5.9949999799  -0.0073331771   0.0011692488  -0.0012474535
