   0.0000000000   0.0000000000   0.0000000000   0.0000000000
   0.0050000000   0.0000000000   0.0000000000   0.0000000000
   0.0100000000   0.0000000000   0.0000000000   0.0000000000
   0.0149999999   0.0000000000   0.0000000000   0.0000000000
   0.0199999999   0.0000000000   0.0000000000   0.0000000000
   0.0249999999   0.0000000000   0.0000000000   0.0000000000
   0.0299999999   0.0000000000   0.0000000000   0.0000000000
   0.0349999999   0.0000000000   0.0000000000   0.0000000000
   0.0399999999   0.0000000000   0.0000000000   0.0000000000
   0.0449999998   0.0000000000   0.0000000000   0.0000000000
   0.0499999998   0.0000000000   0.0000000000   0.0000000000
   0.0549999998   0.0000000000   0.0000000000   0.0000000000
   0.0599999998   0.0000000000   0.0000000000   0.0000000000
   0.0649999998   0.0000000000   0.0000000000   0.0000000000
   0.0699999998   0.0000000000   0.0000000000   0.0000000000
   0.0749999997  -0.0000000000   0.0000000000  -0.0000000000
   0.0799999997  -0.0000000000   0.0000000000  -0.0000000000
   0.0849999997  -0.0000000000   0.0000000000  -0.0000000000
   0.0899999997  -0.0000000000   0.0000000000  -0.0000000000
   0.0949999997  -0.0000000000   0.0000000000  -0.0000000000
   0.0999999997  -0.0000000000   0.0000000000  -0.0000000000
   0.1049999996  -0.0000000000   0.0000000000  -0.0000000000
   0.1099999996  -0.0000000000   0.0000000000  -0.0000000000
   0.1149999996  -0.0000000000   0.0000000000  -0.0000000000
   0.1199999996  -0.0000000000  -0.0000000000  -0.0000000000
   0.1249999996   0.0000000000  -0.0000000000   0.0000000000
   0.1299999996   0.0000000000  -0.0000000000   0.0000000000
   0.1349999995   0.0000000000  -0.0000000000   0.0000000000
   0.1399999995   0.0000000000  -0.0000000000   0.0000000000
   0.1449999995   0.0000000000  -0.0000000000   0.0000000000
   0.1499999995   0.0000000000  -0.0000000000   0.0000000000
   0.1549999995   0.0000000000   0.0000000000   0.0000000000
   0.1599999995  -0.0000000000   0.0000000000  -0.0000000000
   0.1649999994  -0.0000000000   0.0000000000  -0.0000000000
   0.1699999994  -0.0000000000   0.0000000000  -0.0000000000
   0.1749999994  -0.0000000000   0.0000000000  -0.0000000000
   0.1799999994  -0.0000000000   0.0000000000  -0.0000000000
   0.1849999994  -0.0000000000   0.0000000000  -0.0000000000
   0.1899999994  -0.0000000000   0.0000000000  -0.0000000000
   0.1949999993  -0.0000000000  -0.0000000000  -0.0000000000
   0.1999999993   0.0000000000  -0.0000000000   0.0000000000
   0.2049999993   0.0000000000  -0.0000000000   0.0000000000
   0.2099999993   0.0000000000  -0.0000000000   0.0000000000
   0.2149999993   0.0000000000  -0.0000000000   0.0000000000
   0.2199999993   0.0000000000  -0.0000000000   0.0000000000
   0.2249999992   0.0000000000  -0.0000000000   0.0000000000
   0.2299999992   0.0000000000  -0.0000000000   0.0000000000
   0.2349999992   0.0000000000   0.0000000000   0.0000000000
   0.2399999992  -0.0000000000   0.0000000000  -0.0000000000
   0.2449999992  -0.0000000000   0.0000000000  -0.0000000000
   0.2499999992  -0.0000000000   0.0000000000  -0.0000000000
   0.2549999991  -0.0000000000   0.0000000000  -0.0000000000
   0.2599999991  -0.0000000000   0.0000000000  -0.0000000000
   0.2649999991  -0.0000000000   0.0000000000  -0.0000000000
   0.2699999991  -0.0000000000   0.0000000000  -0.0000000000
   0.2749999991  -0.0000000000  -0.0000000000  -0.0000000000
   0.2799999991   0.0000000000  -0.0000000000   0.0000000000
   0.2849999990   0.0000000000  -0.0000000000   0.0000000000
   0.2899999990   0.0000000000  -0.0000000000   0.0000000000
   0.2949999990   0.0000000000  -0.0000000000   0.0000000000
   0.2999999990   0.0000000000  -0.0000000000   0.0000000000
   0.3049999990   0.0000000000  -0.0000000000   0.0000000000
   0.3099999990   0.0000000000  -0.0000000000   0.0000000000
   0.3149999989   0.0000000000   0.0000000000   0.0000000000
   0.3199999989  -0.0000000000   0.0000000000  -0.0000000000
   0.3249999989  -0.0000000000   0.0000000000  -0.0000000000
   0.3299999989  -0.0000000000   0.0000000000  -0.0000000000
   0.3349999989  -0.0000000000   0.0000000000  -0.0000000000
   0.3399999989  -0.0000000000   0.0000000000  -0.0000000000
   0.3449999988  -0.0000000000  -0.0000000000  -0.0000000000
   0.3499999988   0.0000000000  -0.0000000000   0.0000000000
   0.3549999988   0.0000000000  -0.0000000000   0.0000000000
   0.3599999988   0.0000000000  -0.0000000000   0.0000000000
   0.3649999988   0.0000000000  -0.0000000000   0.0000000000
   0.3699999988  -0.0000000000   0.0000000000   0.0000000000
   0.3749999987  -0.0000000000   0.0000000000  -0.0000000000
   0.3799999987  -0.0000000000   0.0000000000  -0.0000000000
   0.3849999987  -0.0000000000   0.0000000000  -0.0000000000
   0.3899999987  -0.0000000000  -0.0000000000  -0.0000000000
   0.3949999987   0.0000000000  -0.0000000000   0.0000000000
   0.3999999987   0.0000000000  -0.0000000000   0.0000000000
   0.4049999986   0.0000000000  -0.0000000000   0.0000000000
   0.4099999986   0.0000000000  -0.0000000000   0.0000000000
   0.4149999986  -0.0000000000   0.0000000000  -0.0000000000
   0.4199999986  -0.0000000000   0.0000000000  -0.0000000000
   0.4249999986  -0.0000000000   0.0000000000  -0.0000000000
   0.4299999986  -0.0000000000   0.0000000000  -0.0000000000
   0.4349999985   0.0000000000  -0.0000000000   0.0000000000
   0.4399999985   0.0000000000  -0.0000000000   0.0000000000
   0.4449999985   0.0000000000  -0.0000000000   0.0000000000
   0.4499999985   0.0000000000  -0.0000000000   0.0000000000
   0.4549999985  -0.0000000000   0.0000000000  -0.0000000000
   0.4599999985  -0.0000000000   0.0000000000  -0.0000000000
   0.4649999984  -0.0000000000   0.0000000000  -0.0000000000
   0.4699999984  -0.0000000000   0.0000000000  -0.0000000000
   0.4749999984   0.0000000000  -0.0000000000   0.0000000000
   0.4799999984   0.0000000000  -0.0000000000   0.0000000000
   0.4849999984   0.0000000000  -0.0000000000   0.0000000000
   0.4899999984   0.0000000000  -0.0000000000   0.0000000000
   0.4949999983   0.0000000000   0.0000000000  -0.0000000000
   0.4999999983   0.0000000000   0.0000000000  -0.0000000000
   0.5049999983  -0.0000000000   0.0000000000  -0.0000000000
   0.5099999983  -0.0000000000  -0.0000000000  -0.0000000000
   0.5149999983  -0.0000000000  -0.0000000000   0.0000000000
   0.5199999983  -0.0000000000  -0.0000000000   0.0000000000
   0.5249999982  -0.0000000000  -0.0000000000   0.0000000000
   0.5299999982   0.0000000000   0.0000000000  -0.0000000000
   0.5349999982   0.0000000000   0.0000000000  -0.0000000000
   0.5399999982   0.0000000000   0.0000000000  -0.0000000000
   0.5449999982   0.0000000000   0.0000000000  -0.0000000000
   0.5499999982  -0.0000000000  -0.0000000000   0.0000000000
   0.5549999981  -0.0000000000  -0.0000000000   0.0000000000
   0.5599999981  -0.0000000000  -0.0000000000   0.0000000000
   0.5649999981  -0.0000000000  -0.0000000000   0.0000000000
   0.5699999981   0.0000000000   0.0000000000  -0.0000000000
   0.5749999981   0.0000000000   0.0000000000  -0.0000000000
   0.5799999981   0.0000000000   0.0000000000  -0.0000000000
   0.5849999980   0.0000000000   0.0000000000  -0.0000000000
   0.5899999980   0.0000000000  -0.0000000000  -0.0000000000
   0.5949999980  -0.0000000000  -0.0000000000   0.0000000000
   0.5999999980  -0.0000000000  -0.0000000000   0.0000000000
   0.6049999980  -0.0000000000  -0.0000000000   0.0000000000
   0.6099999980  -0.0000000000   0.0000000000   0.0000000000
   0.6149999979   0.0000000000   0.0000000000  -0.0000000000
   0.6199999979   0.0000000000   0.0000000000  -0.0000000000
   0.6249999979   0.0000000000  -0.0000000000  -0.0000000000
   0.6299999979   0.0000000000  -0.0000000000  -0.0000000000
   0.6349999979  -0.0000000000  -0.0000000000   0.0000000000
   0.6399999979  -0.0000000000  -0.0000000000   0.0000000000
   0.6449999978  -0.0000000000   0.0000000000   0.0000000000
   0.6499999978  -0.0000000000   0.0000000000   0.0000000000
   0.6549999978  -0.0000000000   0.0000000000   0.0000000000
   0.6599999978  -0.0000000000   0.0000000000  -0.0000000000
   0.6649999978  -0.0000000000  -0.0000000000  -0.0000000000
   0.6699999978   0.0000000000  -0.0000000000  -0.0000000000
   0.6749999977   0.0000000000  -0.0000000000  -0.0000000000
   0.6799999977   0.0000000000  -0.0000000000  -0.0000000000
   0.6849999977   0.0000000000  -0.0000000000  -0.0000000000
   0.6899999977  -0.0000000000   0.0000000000   0.0000000000
   0.6949999977  -0.0000000000   0.0000000000   0.0000000000
   0.6999999976  -0.0000000000   0.0000000000   0.0000000000
   0.7049999976  -0.0000000000   0.0000000000   0.0000000000
   0.7099999976  -0.0000000000  -0.0000000000   0.0000000000
   0.7149999976   0.0000000000  -0.0000000000  -0.0000000000
   0.7199999976   0.0000000000  -0.0000000000  -0.0000000000
   0.7249999976   0.0000000000  -0.0000000000  -0.0000000000
   0.7299999975   0.0000000000   0.0000000000  -0.0000000000
   0.7349999975  -0.0000000000   0.0000000000   0.0000000000
   0.7399999975  -0.0000000000   0.0000000000   0.0000000000
   0.7449999975  -0.0000000000   0.0000000000   0.0000000000
   0.7499999975  -0.0000000000  -0.0000000000   0.0000000000
   0.7549999975   0.0000000000  -0.0000000000  -0.0000000000
   0.7599999974   0.0000000000  -0.0000000000  -0.0000000000
   0.7649999974   0.0000000000  -0.0000000000  -0.0000000000
   0.7699999974   0.0000000000  -0.0000000000  -0.0000000000
   0.7749999974   0.0000000000   0.0000000000  -0.0000000000
   0.7799999974  -0.0000000000   0.0000000000   0.0000000000
   0.7849999974  -0.0000000000   0.0000000000   0.0000000000
   0.7899999973  -0.0000000000   0.0000000000   0.0000000000
   0.7949999973  -0.0000000000   0.0000000000   0.0000000000
   0.7999999973   0.0000000000  -0.0000000000  -0.0000000000
   0.8049999973   0.0000000000  -0.0000000000  -0.0000000000
   0.8099999973   0.0000000000  -0.0000000000  -0.0000000000
   0.8149999973   0.0000000000  -0.0000000000  -0.0000000000
   0.8199999972  -0.0000000000   0.0000000000   0.0000000000
   0.8249999972  -0.0000000000   0.0000000000   0.0000000000
   0.8299999972  -0.0000000000   0.0000000000   0.0000000000
   0.8349999972  -0.0000000000   0.0000000000   0.0000000000
   0.8399999972  -0.0000000000   0.0000000000   0.0000000000
   0.8449999972   0.0000000000  -0.0000000000  -0.0000000000
   0.8499999971   0.0000000000  -0.0000000000  -0.0000000000
   0.8549999971   0.0000000000  -0.0000000000  -0.0000000000
   0.8599999971   0.0000000000  -0.0000000000  -0.0000000000
   0.8649999971  -0.0000000000   0.0000000000   0.0000000000
   0.8699999971  -0.0000000000   0.0000000000   0.0000000000
   0.8749999971  -0.0000000000   0.0000000000   0.0000000000
   0.8799999970  -0.0000000000   0.0000000000   0.0000000000
   0.8849999970  -0.0000000000   0.0000000000   0.0000000000
   0.8899999970   0.0000000000  -0.0000000000  -0.0000000000
   0.8949999970   0.0000000000  -0.0000000000  -0.0000000000
   0.8999999970   0.0000000000  -0.0000000000  -0.0000000000
   0.9049999970   0.0000000000  -0.0000000000  -0.0000000000
   0.9099999969  -0.0000000000   0.0000000000   0.0000000000
   0.9149999969  -0.0000000000   0.0000000000   0.0000000000
   0.9199999969  -0.0000000000   0.0000000000   0.0000000000
   0.9249999969  -0.0000000000   0.0000000000   0.0000000000
   0.9299999969  -0.0000000000   0.0000000000   0.0000000000
   0.9349999969   0.0000000000  -0.0000000000  -0.0000000000
   0.9399999968   0.0000000000  -0.0000000000  -0.0000000000
   0.9449999968   0.0000000000  -0.0000000000  -0.0000000000
   0.9499999968   0.0000000000  -0.0000000000  -0.0000000000
   0.9549999968   0.0000000000   0.0000000000   0.0000000000
   0.9599999968  -0.0000000000   0.0000000000   0.0000000000
   0.9649999968  -0.0000000000   0.0000000000   0.0000000000
   0.9699999967  -0.0000000000   0.0000000000   0.0000000000
   0.9749999967  -0.0000000000   0.0000000000   0.0000000000
   0.9799999967   0.0000000000  -0.0000000000  -0.0000000000
   0.9849999967   0.0000000000  -0.0000000000  -0.0000000000
   0.9899999967   0.0000000000  -0.0000000000  -0.0000000000
   0.9949999967   0.0000000000  -0.0000000000  -0.0000000000
   0.9999999966   0.0000000000   0.0000000000   0.0000000000
   1.0049999966  -0.0000000000   0.0000000000   0.0000000000
   1.0099999966  -0.0000000000   0.0000000000   0.0000000000
   1.0149999966  -0.0000000000   0.0000000000   0.0000000000
   1.0199999966  -0.0000000000   0.0000000000   0.0000000000
   1.0249999966   0.0000000000  -0.0000000000  -0.0000000000
   1.0299999965   0.0000000000  -0.0000000000  -0.0000000000
   1.0349999965   0.0000000000  -0.0000000000  -0.0000000000
   1.0399999965   0.0000000000  -0.0000000000  -0.0000000000
   1.0449999965   0.0000000000  -0.0000000000   0.0000000000
   1.0499999965  -0.0000000000   0.0000000000   0.0000000000
   1.0549999965  -0.0000000000   0.0000000000   0.0000000000
   1.0599999964  -0.0000000000   0.0000000000   0.0000000000
   1.0649999964  -0.0000000000   0.0000000000   0.0000000000
   1.0699999964   0.0000000000  -0.0000000000  -0.0000000000
   1.0749999964   0.0000000000  -0.0000000000  -0.0000000000
   1.0799999964   0.0000000000  -0.0000000000  -0.0000000000
   1.0849999964   0.0000000000  -0.0000000000  -0.0000000000
   1.0899999963   0.0000000000  -0.0000000000  -0.0000000000
   1.0949999963  -0.0000000000   0.0000000000   0.0000000000
   1.0999999963  -0.0000000000   0.0000000000   0.0000000000
   1.1049999963  -0.0000000000   0.0000000000   0.0000000000
   1.1099999963  -0.0000000000   0.0000000000   0.0000000000
   1.1149999963  -0.0000000000   0.0000000000  -0.0000000000
   1.1199999962   0.0000000000  -0.0000000000  -0.0000000000
   1.1249999962   0.0000000000  -0.0000000000  -0.0000000000
   1.1299999962   0.0000000000  -0.0000000000  -0.0000000000
   1.1349999962   0.0000000000  -0.0000000000  -0.0000000000
   1.1399999962  -0.0000000000   0.0000000000   0.0000000000
   1.1449999962  -0.0000000000   0.0000000000   0.0000000000
   1.1499999961  -0.0000000000   0.0000000000   0.0000000000
   1.1549999961  -0.0000000000   0.0000000000   0.0000000000
   1.1599999961  -0.0000000000   0.0000000000   0.0000000000
   1.1649999961   0.0000000000  -0.0000000000  -0.0000000000
   1.1699999961   0.0000000000  -0.0000000000  -0.0000000000
   1.1749999961   0.0000000000  -0.0000000000  -0.0000000000
   1.1799999960   0.0000000000  -0.0000000000  -0.0000000000
   1.1849999960   0.0000000000   0.0000000000   0.0000000000
   1.1899999960  -0.0000000000   0.0000000000   0.0000000000
   1.1949999960  -0.0000000000   0.0000000000   0.0000000000
   1.1999999960  -0.0000000000   0.0000000000   0.0000000000
   1.2049999960  -0.0000000000   0.0000000000   0.0000000000
   1.2099999959   0.0000000000  -0.0000000000  -0.0000000000
   1.2149999959   0.0000000000  -0.0000000000  -0.0000000000
   1.2199999959   0.0000000000  -0.0000000000  -0.0000000000
   1.2249999959   0.0000000000  -0.0000000000  -0.0000000000
   1.2299999959   0.0000000000  -0.0000000000  -0.0000000000
   1.2349999959  -0.0000000000   0.0000000000   0.0000000000
   1.2399999958  -0.0000000000   0.0000000000   0.0000000000
   1.2449999958  -0.0000000000   0.0000000000   0.0000000000
   1.2499999958  -0.0000000000   0.0000000000   0.0000000000
   1.2549999958  -0.0000000000   0.0000000000  -0.0000000000
   1.2599999958   0.0000000000  -0.0000000000  -0.0000000000
   1.2649999958   0.0000000000  -0.0000000000  -0.0000000000
   1.2699999957   0.0000000000  -0.0000000000  -0.0000000000
   1.2749999957   0.0000000000  -0.0000000000  -0.0000000000
   1.2799999957   0.0000000000   0.0000000000   0.0000000000
   1.2849999957  -0.0000000000   0.0000000000   0.0000000000
   1.2899999957  -0.0000000000   0.0000000000   0.0000000000
   1.2949999957  -0.0000000000   0.0000000000   0.0000000000
   1.2999999956  -0.0000000000   0.0000000000   0.0000000000
   1.3049999956   0.0000000000  -0.0000000000  -0.0000000000
   1.3099999956   0.0000000000  -0.0000000000  -0.0000000000
   1.3149999956   0.0000000000  -0.0000000000  -0.0000000000
   1.3199999956   0.0000000000  -0.0000000000  -0.0000000000
   1.3249999956   0.0000000000  -0.0000000000   0.0000000000
   1.3299999955  -0.0000000000   0.0000000000   0.0000000000
   1.3349999955  -0.0000000000   0.0000000000   0.0000000000
   1.3399999955  -0.0000000000   0.0000000000   0.0000000000
   1.3449999955  -0.0000000000   0.0000000000   0.0000000000
   1.3499999955  -0.0000000000   0.0000000000  -0.0000000000
   1.3549999954   0.0000000000  -0.0000000000  -0.0000000000
   1.3599999954   0.0000000000  -0.0000000000  -0.0000000000
   1.3649999954   0.0000000000  -0.0000000000  -0.0000000000
   1.3699999954   0.0000000000  -0.0000000000  -0.0000000000
   1.3749999954  -0.0000000000   0.0000000000   0.0000000000
   1.3799999954  -0.0000000000   0.0000000000   0.0000000000
   1.3849999953  -0.0000000000   0.0000000000   0.0000000000
   1.3899999953  -0.0000000000   0.0000000000   0.0000000000
   1.3949999953  -0.0000000000   0.0000000000   0.0000000000
   1.3999999953   0.0000000000  -0.0000000000   0.0000000000
   1.4049999953   0.0000000000  -0.0000000000   0.0000000000
   1.4099999953   0.0000000000  -0.0000000000   0.0000000000
   1.4149999952   0.0000000000  -0.0000000000  -0.0000000000
   1.4199999952  -0.0000000000   0.0000000000  -0.0000000000
   1.4249999952  -0.0000000000   0.0000000000  -0.0000000000
   1.4299999952  -0.0000000000   0.0000000000  -0.0000000000
   1.4349999952  -0.0000000000   0.0000000000   0.0000000000
   1.4399999952   0.0000000000  -0.0000000000   0.0000000000
   1.4449999951   0.0000000000  -0.0000000000   0.0000000000
   1.4499999951   0.0000000000  -0.0000000000   0.0000000000
   1.4549999951   0.0000000000  -0.0000000000   0.0000000000
   1.4599999951  -0.0000000000   0.0000000000  -0.0000000000
   1.4649999951  -0.0000000000   0.0000000000  -0.0000000000
   1.4699999951  -0.0000000000   0.0000000000  -0.0000000000
   1.4749999950  -0.0000000000   0.0000000000  -0.0000000000
   1.4799999950   0.0000000000  -0.0000000000   0.0000000000
   1.4849999950   0.0000000000  -0.0000000000   0.0000000000
   1.4899999950   0.0000000000  -0.0000000000   0.0000000000
   1.4949999950   0.0000000000  -0.0000000000   0.0000000000
   1.4999999950  -0.0000000000  -0.0000000000  -0.0000000000
   1.5049999949  -0.0000000000   0.0000000000  -0.0000000000
   1.5099999949  -0.0000000000   0.0000000000  -0.0000000000
   1.5149999949  -0.0000000000   0.0000000000  -0.0000000000
   1.5199999949  -0.0000000000   0.0000000000  -0.0000000000
   1.5249999949   0.0000000000  -0.0000000000   0.0000000000
   1.5299999949   0.0000000000  -0.0000000000   0.0000000000
   1.5349999948   0.0000000000  -0.0000000000   0.0000000000
   1.5399999948   0.0000000000  -0.0000000000   0.0000000000
   1.5449999948  -0.0000000000   0.0000000000  -0.0000000000
   1.5499999948  -0.0000000000   0.0000000000  -0.0000000000
   1.5549999948  -0.0000000000   0.0000000000  -0.0000000000
   1.5599999948  -0.0000000000   0.0000000000  -0.0000000000
   1.5649999947   0.0000000000   0.0000000000   0.0000000000
   1.5699999947   0.0000000000  -0.0000000000   0.0000000000
   1.5749999947   0.0000000000  -0.0000000000   0.0000000000
   1.5799999947   0.0000000000  -0.0000000000   0.0000000000
   1.5849999947   0.0000000000  -0.0000000000   0.0000000000
   1.5899999947  -0.0000000000   0.0000000000  -0.0000000000
   1.5949999946  -0.0000000000   0.0000000000  -0.0000000000
   1.5999999946  -0.0000000000   0.0000000000  -0.0000000000
   1.6049999946  -0.0000000000   0.0000000000  -0.0000000000
   1.6099999946   0.0000000000  -0.0000000000   0.0000000000
   1.6149999946   0.0000000000  -0.0000000000   0.0000000000
   1.6199999946   0.0000000000  -0.0000000000   0.0000000000
   1.6249999945   0.0000000000  -0.0000000000   0.0000000000
   1.6299999945   0.0000000000  -0.0000000000   0.0000000000
   1.6349999945  -0.0000000000   0.0000000000  -0.0000000000
   1.6399999945  -0.0000000000   0.0000000000  -0.0000000000
   1.6449999945  -0.0000000000   0.0000000000  -0.0000000000
   1.6499999945  -0.0000000000   0.0000000000  -0.0000000000
   1.6549999944   0.0000000000  -0.0000000000   0.0000000000
   1.6599999944   0.0000000000  -0.0000000000   0.0000000000
   1.6649999944   0.0000000000  -0.0000000000   0.0000000000
   1.6699999944   0.0000000000  -0.0000000000   0.0000000000
   1.6749999944   0.0000000000  -0.0000000000   0.0000000000
   1.6799999944  -0.0000000000   0.0000000000  -0.0000000000
   1.6849999943  -0.0000000000   0.0000000000  -0.0000000000
   1.6899999943  -0.0000000000   0.0000000000  -0.0000000000
   1.6949999943  -0.0000000000   0.0000000000  -0.0000000000
   1.6999999943   0.0000000000  -0.0000000000   0.0000000000
   1.7049999943   0.0000000000  -0.0000000000   0.0000000000
   1.7099999943   0.0000000000  -0.0000000000   0.0000000000
   1.7149999942   0.0000000000  -0.0000000000   0.0000000000
   1.7199999942   0.0000000000  -0.0000000000   0.0000000000
   1.7249999942  -0.0000000000   0.0000000000  -0.0000000000
   1.7299999942  -0.0000000000   0.0000000000  -0.0000000000
   1.7349999942  -0.0000000000   0.0000000000  -0.0000000000
   1.7399999942  -0.0000000000   0.0000000000  -0.0000000000
   1.7449999941   0.0000000000  -0.0000000000   0.0000000000
   1.7499999941   0.0000000000  -0.0000000000   0.0000000000
   1.7549999941   0.0000000000  -0.0000000000   0.0000000000
   1.7599999941   0.0000000000  -0.0000000000   0.0000000000
   1.7649999941   0.0000000000  -0.0000000000   0.0000000000
   1.7699999941  -0.0000000000   0.0000000000  -0.0000000000
   1.7749999940  -0.0000000000   0.0000000000  -0.0000000000
   1.7799999940  -0.0000000000   0.0000000000  -0.0000000000
   1.7849999940  -0.0000000000   0.0000000000  -0.0000000000
   1.7899999940   0.0000000000   0.0000000000   0.0000000000
   1.7949999940   0.0000000000  -0.0000000000   0.0000000000
   1.7999999940   0.0000000000  -0.0000000000   0.0000000000
   1.8049999939   0.0000000000  -0.0000000000   0.0000000000
   1.8099999939   0.0000000000  -0.0000000000   0.0000000000
   1.8149999939  -0.0000000000   0.0000000000  -0.0000000000
   1.8199999939  -0.0000000000   0.0000000000  -0.0000000000
   1.8249999939  -0.0000000000   0.0000000000  -0.0000000000
   1.8299999939  -0.0000000000   0.0000000000  -0.0000000000
   1.8349999938  -0.0000000000   0.0000000000  -0.0000000000
   1.8399999938   0.0000000000  -0.0000000000   0.0000000000
   1.8449999938   0.0000000000  -0.0000000000   0.0000000000
   1.8499999938   0.0000000000  -0.0000000000   0.0000000000
   1.8549999938   0.0000000000  -0.0000000000   0.0000000000
   1.8599999938  -0.0000000000  -0.0000000000  -0.0000000000
   1.8649999937  -0.0000000000   0.0000000000  -0.0000000000
   1.8699999937  -0.0000000000   0.0000000000  -0.0000000000
   1.8749999937  -0.0000000000   0.0000000000  -0.0000000000
   1.8799999937  -0.0000000000   0.0000000000  -0.0000000000
   1.8849999937   0.0000000000  -0.0000000000   0.0000000000
   1.8899999937   0.0000000000  -0.0000000000   0.0000000000
   1.8949999936   0.0000000000  -0.0000000000   0.0000000000
   1.8999999936   0.0000000000  -0.0000000000   0.0000000000
   1.9049999936   0.0000000000  -0.0000000000   0.0000000000
   1.9099999936  -0.0000000000   0.0000000000  -0.0000000000
   1.9149999936  -0.0000000000   0.0000000000  -0.0000000000
   1.9199999936  -0.0000000000   0.0000000000  -0.0000000000
   1.9249999935  -0.0000000000   0.0000000000  -0.0000000000
   1.9299999935   0.0000000000   0.0000000000  -0.0000000000
   1.9349999935   0.0000000000  -0.0000000000   0.0000000000
   1.9399999935   0.0000000000  -0.0000000000   0.0000000000
   1.9449999935   0.0000000000  -0.0000000000   0.0000000000
   1.9499999935   0.0000000000  -0.0000000000   0.0000000000
   1.9549999934  -0.0000000000  -0.0000000000  -0.0000000000
   1.9599999934  -0.0000000000   0.0000000000  -0.0000000000
   1.9649999934  -0.0000000000   0.0000000000  -0.0000000000
   1.9699999934  -0.0000000000   0.0000000000  -0.0000000000
   1.9749999934  -0.0000000000   0.0000000000  -0.0000000000
   1.9799999934   0.0000000000   0.0000000000   0.0000000000
   1.9849999933   0.0000000001  -0.0000000000   0.0000000001
   1.9899999933   0.0000000001  -0.0000000000   0.0000000001
   1.9949999933   0.0000000001  -0.0000000001   0.0000000001
   1.9999999933   0.0000000001  -0.0000000000   0.0000000001
   2.0049999933  -0.0000000001   0.0000000000  -0.0000000001
   2.0099999933  -0.0000000002   0.0000000001  -0.0000000003
   2.0149999932  -0.0000000003   0.0000000001  -0.0000000004
   2.0199999932  -0.0000000003   0.0000000002  -0.0000000004
   2.0249999932  -0.0000000001   0.0000000001  -0.0000000002
   2.0299999932   0.0000000003  -0.0000000000   0.0000000003
   2.0349999932   0.0000000007  -0.0000000003   0.0000000008
   2.0399999931   0.0000000011  -0.0000000005   0.0000000012
   2.0449999931   0.0000000010  -0.0000000005   0.0000000012
   2.0499999931   0.0000000003  -0.0000000003   0.0000000004
   2.0549999931  -0.0000000009   0.0000000001  -0.0000000009
   2.0599999931  -0.0000000022   0.0000000008  -0.0000000025
   2.0649999931  -0.0000000032   0.0000000014  -0.0000000036
   2.0699999930  -0.0000000029   0.0000000016  -0.0000000034
   2.0749999930  -0.0000000009   0.0000000010  -0.0000000012
   2.0799999930   0.0000000025  -0.0000000004   0.0000000027
   2.0849999930   0.0000000065  -0.0000000023   0.0000000073
   2.0899999930   0.0000000091  -0.0000000040   0.0000000105
   2.0949999930   0.0000000083  -0.0000000046   0.0000000098
   2.0999999929   0.0000000029  -0.0000000030   0.0000000037
   2.1049999929  -0.0000000068   0.0000000009  -0.0000000074
   2.1099999929  -0.0000000179   0.0000000063  -0.0000000203
   2.1149999929  -0.0000000254   0.0000000112  -0.0000000294
   2.1199999929  -0.0000000239   0.0000000130  -0.0000000282
   2.1249999929  -0.0000000096   0.0000000091  -0.0000000123
   2.1299999928   0.0000000163  -0.0000000013   0.0000000174
   2.1349999928   0.0000000466  -0.0000000159   0.0000000530
   2.1399999928   0.0000000685  -0.0000000299   0.0000000795
   2.1449999928   0.0000000673  -0.0000000359   0.0000000798
   2.1499999928   0.0000000331  -0.0000000274   0.0000000417
   2.1549999928  -0.0000000328  -0.0000000018  -0.0000000343
   2.1599999927  -0.0000001132   0.0000000365  -0.0000001289
   2.1649999927  -0.0000001764   0.0000000752  -0.0000002055
   2.1699999927  -0.0000001851   0.0000000960  -0.0000002199
   2.1749999927  -0.0000001114   0.0000000815  -0.0000001380
   2.1799999927   0.0000000463   0.0000000227   0.0000000444
   2.1849999927   0.0000002512  -0.0000000725   0.0000002862
   2.1899999926   0.0000004298  -0.0000001761   0.0000005021
   2.1949999926   0.0000004898  -0.0000002447   0.0000005828
   2.1999999926   0.0000003551  -0.0000002326   0.0000004352
   2.2049999926   0.0000000061  -0.0000001116   0.0000000309
   2.2099999926  -0.0000004895   0.0000001096  -0.0000005554
   2.2149999926  -0.0000009722   0.0000003743  -0.0000011386
   2.2199999925  -0.0000012265   0.0000005844  -0.0000014621
   2.2249999925  -0.0000010529   0.0000006270  -0.0000012826
   2.2299999925  -0.0000003604   0.0000004180  -0.0000004807
   2.2349999925   0.0000007544  -0.0000000517   0.0000008415
   2.2399999925   0.0000019805  -0.0000006837   0.0000023226
   2.2449999925   0.0000028464  -0.0000012749   0.0000034005
   2.2499999924   0.0000028608  -0.0000015642   0.0000034763
   2.2549999924   0.0000017088  -0.0000013206   0.0000021504
   2.2599999924  -0.0000005580  -0.0000004485  -0.0000005435
   2.2649999924  -0.0000034189   0.0000009266  -0.0000040036
   2.2699999924  -0.0000059376   0.0000024329  -0.0000071112
   2.2749999924  -0.0000069998   0.0000035188  -0.0000085078
   2.2799999923  -0.0000056961   0.0000036114  -0.0000070557
   2.2849999923  -0.0000017436   0.0000023349  -0.0000023568
   2.2899999923   0.0000042095  -0.0000002808   0.0000048578
   2.2949999923   0.0000105469  -0.0000036831   0.0000126573
   2.2999999923   0.0000150063  -0.0000068447   0.0000182806
   2.3049999923   0.0000153393  -0.0000085068   0.0000189294
   2.3099999922   0.0000101509  -0.0000075781   0.0000128033
   2.3149999922  -0.0000003435  -0.0000035878   0.0000000558
   2.3199999922  -0.0000139471   0.0000029640  -0.0000167056
   2.3249999922  -0.0000267295   0.0000105111  -0.0000326779
   2.3299999922  -0.0000339599   0.0000166834  -0.0000419793
   2.3349999922  -0.0000315601   0.0000189243  -0.0000394402
   2.3399999921  -0.0000176878   0.0000153311  -0.0000225954
   2.3449999921   0.0000060710   0.0000054815   0.0000067726
   2.3499999921   0.0000344003  -0.0000090453   0.0000421780
   2.3549999921   0.0000591423  -0.0000246989   0.0000734660
   2.3599999921   0.0000713287  -0.0000366537   0.0000893120
   2.3649999921   0.0000639165  -0.0000400836   0.0000806597
   2.3699999920   0.0000344727  -0.0000317170   0.0000441591
   2.3749999920  -0.0000130723  -0.0000112276  -0.0000155181
   2.3799999920  -0.0000683338   0.0000180193  -0.0000854418
   2.3849999920  -0.0001163696   0.0000492196  -0.0001467219
   2.3899999920  -0.0001413134   0.0000734877  -0.0001790698
   2.3949999920  -0.0001309176   0.0000820951  -0.0001665993
   2.3999999919  -0.0000807742   0.0000690618  -0.0001033045
   2.4049999919   0.0000030833   0.0000333873   0.0000034701
   2.4099999919   0.0001041836  -0.0000197857   0.0001328738
   2.4149999919   0.0001985616  -0.0000795618   0.0002542023
   2.4199999919   0.0002601657  -0.0001313361   0.0003337937
   2.4249999919   0.0002675016  -0.0001601287   0.0003436209
   2.4299999918   0.0002098261  -0.0001544542   0.0002694022
   2.4349999918   0.0000911948  -0.0001097482   0.0001160044
   2.4399999918  -0.0000688676  -0.0000304144  -0.0000915140
   2.4449999918  -0.0002384806   0.0000701508  -0.0003118083
   2.4499999918  -0.0003797396   0.0001717108  -0.0004954198
   2.4549999918  -0.0004568661   0.0002511343  -0.0005954172
   2.4599999917  -0.0004443011   0.0002872941  -0.0005780598
   2.4649999917  -0.0003328923   0.0002658374  -0.0004310327
   2.4699999917  -0.0001328296   0.0001827854  -0.0001674470
   2.4749999917   0.0001271859   0.0000462114   0.0001751189
   2.4799999917   0.0004041383  -0.0001242844   0.0005400476
   2.4849999917   0.0006471156  -0.0003000821   0.0008600971
   2.4899999916   0.0008044342  -0.0004474064   0.0010668009
   2.4949999916   0.0008300153  -0.0005317131   0.0010989208
   2.4999999916   0.0006879948  -0.0005217923   0.0009085861
   2.5049999916   0.0003551911  -0.0003930005   0.0004646029
   2.5099999916  -0.0001783219  -0.0001293561  -0.0002467483
   2.5149999916  -0.0009098672   0.0002754466  -0.0012225445
   2.5199999915  -0.0018252702   0.0008178450  -0.0024446485
   2.5249999915  -0.0028998376   0.0014847157  -0.0038809650
   2.5299999915  -0.0040990296   0.0022539512  -0.0054862799
   2.5349999915  -0.0053790579   0.0030952490  -0.0072029984
   2.5399999915  -0.0066879282   0.0039712308  -0.0089624757
   2.5449999915  -0.0079674743   0.0048391038  -0.0106876738
   2.5499999914  -0.0091567005   0.0056530437  -0.0122975672
   2.5549999914  -0.0101963296   0.0063673178  -0.0137131562
   2.5599999914  -0.0110339892   0.0069399309  -0.0148643333
   2.5649999914  -0.0116291204   0.0073363428  -0.0156963840
   2.5699999914  -0.0119565797   0.0075326555  -0.0161747648
   2.5749999914  -0.0120080898   0.0075176691  -0.0162870567
   2.5799999913  -0.0117911360   0.0072933636  -0.0160415734
   2.5849999913  -0.0113254903   0.0068736598  -0.0154628827
   2.5899999913  -0.0106381297   0.0062816720  -0.0145852461
   2.5949999913  -0.0097577274   0.0055459941  -0.0134455114
   2.5999999913  -0.0087100252   0.0046967796  -0.0120771450
   2.6049999913  -0.0075152060   0.0037624189  -0.0105068321
   2.6099999912  -0.0061878937   0.0027674714  -0.0087544419
   2.6149999912  -0.0047397570   0.0017322083  -0.0068363178
   2.6199999912  -0.0031840142   0.0006737271  -0.0047710005
   2.6249999912  -0.0015406232  -0.0003917835  -0.0025858372
   2.6299999912   0.0001592954  -0.0014463415  -0.0003226334
   2.6349999912   0.0018711323  -0.0024678603   0.0019593506
   2.6399999911   0.0035374410  -0.0034289805   0.0041841995
   2.6449999911   0.0050917733  -0.0042975302   0.0062642342
   2.6499999911   0.0064651663  -0.0050387187   0.0081083534
   2.6549999911   0.0075941242  -0.0056187525   0.0096323745
   2.6599999911   0.0084285810  -0.0060092165   0.0107694436
   2.6649999911   0.0089383230  -0.0061913645   0.0114785369
   2.6699999910   0.0091166860  -0.0061594625   0.0117494787
   2.6749999910   0.0089809317  -0.0059225160   0.0116036426
   2.6799999910   0.0085694011  -0.0055040415   0.0110904008
   2.6849999910   0.0079361628  -0.0049399359   0.0102802115
   2.6899999910   0.0071442828  -0.0042748482   0.0092558014
   2.6949999909   0.0062589535  -0.0035576984   0.0081030815
   2.6999999909   0.0053415458  -0.0028370671   0.0069032269
   2.7049999909   0.0044452573  -0.0021570954   0.0057268500
   2.7099999909   0.0036125651  -0.0015543360   0.0046305779
   2.7149999909   0.0028742882  -0.0010557457   0.0036557806
   2.7199999909   0.0022498138  -0.0006777866   0.0028288598
   2.7249999908   0.0017480038  -0.0004264568   0.0021624273
   2.7299999908   0.0013684186  -0.0002980259   0.0016568730
   2.7349999908   0.0011027003  -0.0002802833   0.0013021010
   2.7399999908   0.0009361393  -0.0003541793   0.0010794762
   2.7449999908   0.0008495200  -0.0004957920   0.0009641397
   2.7499999908   0.0008212833  -0.0006785618   0.0009277830
   2.7549999907   0.0008298842  -0.0008756806   0.0009417550
   2.7599999907   0.0008560515  -0.0010624417   0.0009801245
   2.7649999907   0.0008845555  -0.0012182889   0.0010221662
   2.7699999907   0.0009051395  -0.0013282931   0.0010537652
   2.7749999907   0.0009124507  -0.0013838551   0.0010674722
   2.7799999907   0.0009050795  -0.0013825794   0.0010613016
   2.7849999906   0.0008840647  -0.0013274309   0.0010367251
   2.7899999906   0.0008513589  -0.0012254316   0.0009965302
   2.7949999906   0.0008087119  -0.0010862189   0.0009431969
   2.7999999906   0.0007572361  -0.0009207522   0.0008782061
   2.8049999906   0.0006976414  -0.0007403418   0.0008023157
   2.8099999906   0.0006308763  -0.0005560228   0.0007164739
   2.8149999905   0.0005587834  -0.0003781739   0.0006228251
   2.8199999905   0.0004844151  -0.0002162203   0.0005252785
   2.8249999905   0.0004118307  -0.0000782927   0.0004293314
   2.8299999905   0.0003454348   0.0000292040   0.0003411786
   2.8349999905   0.0002891108   0.0001020493   0.0002664411
   2.8399999905   0.0002454791   0.0001385600   0.0002090015
   2.8449999904   0.0002155453   0.0001397008   0.0001703741
   2.8499999904   0.0001988288   0.0001088739   0.0001498048
   2.8549999904   0.0001938617   0.0000514089   0.0001449926
   2.8599999904   0.0001988085  -0.0000261299   0.0001530757
   2.8649999904   0.0002119228  -0.0001166525   0.0001714363
   2.8699999904   0.0002316456  -0.0002131112   0.0001979733
   2.8749999903   0.0002563160  -0.0003088414   0.0002307365
   2.8799999903   0.0002836293  -0.0003976753   0.0002670930
   2.8849999903   0.0003100918  -0.0004739120   0.0003028051
   2.8899999903   0.0003307269  -0.0005322635   0.0003314480
   2.8949999903   0.0003392004  -0.0005678837   0.0003444778
   2.8999999903   0.0003283789  -0.0005765309   0.0003320125
   2.9049999902   0.0002911855  -0.0005548459   0.0002841250
   2.9099999902   0.0002215117  -0.0005006665   0.0001922559
   2.9149999902   0.0001149326  -0.0004132789   0.0000503176
   2.9199999902  -0.0000309527  -0.0002935200  -0.0001448137
   2.9249999902  -0.0002165907  -0.0001436918  -0.0003934790
   2.9299999902  -0.0004408457   0.0000326848  -0.0006938985
   2.9349999901  -0.0007014548   0.0002312063  -0.0010429451
   2.9399999901  -0.0009953340   0.0004469111  -0.0014366421
   2.9449999901  -0.0013185787   0.0006745092  -0.0018701378
   2.9499999901  -0.0016661491   0.0009084750  -0.0023371639
   2.9549999901  -0.0020313912   0.0011430198  -0.0028292326
   2.9599999901  -0.0024056452   0.0013720136  -0.0033349821
   2.9649999900  -0.0027781947   0.0015889515  -0.0038400594
   2.9699999900  -0.0031366973   0.0017870464  -0.0043277398
   2.9749999900  -0.0034680551   0.0019594829  -0.0047801995
   2.9799999900  -0.0037595103   0.0020998036  -0.0051801013
   2.9849999900  -0.0039996524   0.0022023422  -0.0055120262
   2.9899999900  -0.0041790662   0.0022625949  -0.0057633589
   2.9949999899  -0.0042904992   0.0022774418  -0.0059244651
   2.9999999899  -0.0043286353   0.0022451839  -0.0059883031
   3.0049999899  -0.0042897250   0.0021654340  -0.0059498368
   3.0099999899  -0.0041713680   0.0020389506  -0.0058056812
   3.0149999899  -0.0039726471   0.0018675139  -0.0055542650
   3.0199999899  -0.0036946146   0.0016539116  -0.0051965191
   3.0249999898  -0.0033409324   0.0014020332  -0.0047368124
   3.0299999898  -0.0029183507   0.0011170028  -0.0041836920
   3.0349999898  -0.0024367456   0.0008052426  -0.0035500232
   3.0399999898  -0.0019086008   0.0004743715  -0.0028523456
   3.0449999898  -0.0013480410   0.0001328935  -0.0021095674
   3.0499999898  -0.0007696984  -0.0002102845  -0.0013413784
   3.0549999897  -0.0001877442  -0.0005464081  -0.0005668466
   3.0599999897   0.0003846812  -0.0008673747   0.0001964437
   3.0649999897   0.0009355996  -0.0011660772   0.0009326128
   3.0699999897   0.0014540414  -0.0014365538   0.0016272427
   3.0749999897   0.0019298710  -0.0016739791   0.0022670325
   3.0799999897   0.0023538292  -0.0018745860   0.0028397118
   3.0849999896   0.0027178925  -0.0020356136   0.0033344120
   3.0899999896   0.0030158684  -0.0021553459   0.0037424444
   3.0949999896   0.0032440117  -0.0022332386   0.0040582130
   3.0999999896   0.0034014119  -0.0022700782   0.0042799010
   3.1049999896   0.0034899890  -0.0022680784   0.0044096395
   3.1099999896   0.0035140814  -0.0022308337   0.0044530609
   3.1149999895   0.0034797641  -0.0021630911   0.0044183701
   3.1199999895   0.0033941151  -0.0020703672   0.0043152320
   3.1249999895   0.0032646369  -0.0019584902   0.0041538114
   3.1299999895   0.0030989433  -0.0018331708   0.0039442024
   3.1349999895   0.0029046970  -0.0016996918   0.0036963001
   3.1399999895   0.0026896743  -0.0015627595   0.0034199771
   3.1449999894   0.0024617987  -0.0014264977   0.0031253128
   3.1499999894   0.0022290128  -0.0012945203   0.0028226183
   3.1549999894   0.0019989496  -0.0011699959   0.0025221142
   3.1599999894   0.0017784625  -0.0010556366   0.0022332843
   3.1649999894   0.0015731442  -0.0009535910   0.0019640868
   3.1699999894   0.0013869833  -0.0008652730   0.0017202859
   3.1749999893   0.0012222618  -0.0007912030   0.0015051372
   3.1799999893   0.0010797169  -0.0007309424   0.0013195350
   3.1849999893   0.0009588991  -0.0006831764   0.0011625636
   3.1899999893   0.0008586003  -0.0006459462   0.0010322447
   3.1949999893   0.0007772133  -0.0006169748   0.0009262172
   3.1999999893   0.0007129304  -0.0005939949   0.0008421345
   3.2049999892   0.0006637672  -0.0005749911   0.0007776963
   3.2099999892   0.0006274728  -0.0005583033   0.0007304015
   3.2149999892   0.0006014395  -0.0005425980   0.0006972232
   3.2199999892   0.0005827142  -0.0005267626   0.0006744393
   3.2249999892   0.0005681646  -0.0005098057   0.0006577691
   3.2299999892   0.0005547760  -0.0004908283   0.0006428259
   3.2349999891   0.0005399939  -0.0004690909   0.0006257439
   3.2399999891   0.0005219998  -0.0004441483   0.0006037576
   3.2449999891   0.0004998373  -0.0004159857   0.0005755221
   3.2499999891   0.0004733582  -0.0003850866   0.0005410690
   3.2549999891   0.0004430262  -0.0003523888   0.0005014309
   3.2599999891   0.0004096563  -0.0003191321   0.0004580948
   3.2649999890   0.0003741753  -0.0002866432   0.0004124890
   3.2699999890   0.0003374645  -0.0002561275   0.0003656783
   3.2749999890   0.0003003063  -0.0002285283   0.0003183404
   3.2799999890   0.0002634165  -0.0002044838   0.0002709786
   3.2849999890   0.0002275236  -0.0001843716   0.0002242384
   3.2899999890   0.0001934481  -0.0001683985   0.0001791638
   3.2949999889   0.0001621362  -0.0001566845   0.0001372629
   3.2999999889   0.0001346205  -0.0001492966   0.0001003351
   3.3049999889   0.0001118929  -0.0001462202   0.0000701035
   3.3099999889   0.0000947124  -0.0001472821   0.0000477763
   3.3149999889   0.0000833970  -0.0001520660   0.0000336935
   3.3199999889   0.0000776789  -0.0001598652   0.0000271941
   3.3249999888   0.0000766960  -0.0001697078   0.0000267686
   3.3299999888   0.0000791546  -0.0001804637   0.0000304578
   3.3349999888   0.0000836314  -0.0001910094   0.0000363644
   3.3399999888   0.0000889106  -0.0002004018   0.0000430912
   3.3449999888   0.0000942203  -0.0002080024   0.0000499366
   3.3499999888   0.0000992621  -0.0002135086   0.0000567741
   3.3549999887   0.0001040170  -0.0002168801   0.0000636732
   3.3599999887   0.0001084200  -0.0002181958   0.0000704422
   3.3649999887   0.0001120732  -0.0002175051   0.0000763193
   3.3699999887   0.0001141613  -0.0002147483   0.0000799824
   3.3749999887   0.0001136393  -0.0002097871   0.0000799049
   3.3799999886   0.0001096233  -0.0002025388   0.0000749150
   3.3849999886   0.0001018000  -0.0001931517   0.0000647050
   3.3899999886   0.0000906428  -0.0001821287   0.0000500403
   3.3949999886   0.0000773065  -0.0001703251   0.0000325483
   3.3999999886   0.0000632298  -0.0001587962   0.0000141611
   3.4049999886   0.0000496248  -0.0001485451  -0.0000035438
   3.4099999885   0.0000370983  -0.0001402708  -0.0000198057
   3.4149999885   0.0000255864  -0.0001342259  -0.0000347376
   3.4199999885   0.0000146274  -0.0001302445  -0.0000489627
   3.4249999885   0.0000038249  -0.0001279251  -0.0000630233
   3.4299999885  -0.0000067466  -0.0001268809  -0.0000768619
   3.4349999885  -0.0000164119  -0.0001269370  -0.0000896409
   3.4399999884  -0.0000241145  -0.0001281856  -0.0000999953
   3.4449999884  -0.0000288766  -0.0001308766  -0.0001065968
   3.4499999884  -0.0000302671  -0.0001352059  -0.0001087570
   3.4549999884  -0.0000286392  -0.0001411090  -0.0001067756
   3.4599999884  -0.0000250174  -0.0001481651  -0.0001018702
   3.4649999884  -0.0000206934  -0.0001556592  -0.0000957233
   3.4699999883  -0.0000167291  -0.0001627727  -0.0000898630
   3.4749999883  -0.0000136081  -0.0001688152  -0.0000851616
   3.4799999883  -0.0000111886  -0.0001733953  -0.0000816668
   3.4849999883  -0.0000089582  -0.0001764639  -0.0000788153
   3.4899999883  -0.0000064427  -0.0001782263  -0.0000758990
   3.4949999883  -0.0000035550  -0.0001789801  -0.0000725485
   3.4999999882  -0.0000007164  -0.0001789593  -0.0000690095
   3.5049999882   0.0000012964  -0.0001782551  -0.0000660976
   3.5099999882   0.0000016862  -0.0001768368  -0.0000648725
   3.5149999882  -0.0000000164  -0.0001746459  -0.0000661935
   3.5199999882  -0.0000037566  -0.0001717097  -0.0000703563
   3.5249999882  -0.0000089889  -0.0001682125  -0.0000769629
   3.5299999881  -0.0000149058  -0.0001644952  -0.0000850624
   3.5349999881  -0.0000207430  -0.0001609842  -0.0000934885
   3.5399999881  -0.0000260219  -0.0001580837  -0.0001012460
   3.5449999881  -0.0000306340  -0.0001560780  -0.0001077908
   3.5499999881  -0.0000347550  -0.0001550797  -0.0001131094
   3.5549999881  -0.0000386505  -0.0001550398  -0.0001175837
   3.5599999880  -0.0000424762  -0.0001558087  -0.0001217185
   3.5649999880  -0.0000461632  -0.0001572198  -0.0001258507
   3.5699999880  -0.0000494293  -0.0001591593  -0.0001299624
   3.5749999880  -0.0000518991  -0.0001615954  -0.0001336681
   3.5799999880  -0.0000532689  -0.0001645570  -0.0001363751
   3.5849999880  -0.0000534399  -0.0001680744  -0.0001375440
   3.5899999879  -0.0000525637  -0.0001721095  -0.0001369377
   3.5949999879  -0.0000509867  -0.0001765089  -0.0001347521
   3.5999999879  -0.0000491248  -0.0001810048  -0.0001315746
   3.6049999879  -0.0000473260  -0.0001852669  -0.0001281881
   3.6099999879  -0.0000457812  -0.0001889862  -0.0001253052
   3.6149999879  -0.0000445170  -0.0001919580  -0.0001233438
   3.6199999878  -0.0000434626  -0.0001941308  -0.0001223360
   3.6249999878  -0.0000425510  -0.0001956004  -0.0001219997
   3.6299999878  -0.0000417987  -0.0001965578  -0.0001219315
   3.6349999878  -0.0000413246  -0.0001972118  -0.0001218285
   3.6399999878  -0.0000413022  -0.0001977220  -0.0001216411
   3.6449999878  -0.0000418746  -0.0001981657  -0.0001215941
   3.6499999877  -0.0000430826  -0.0001985470  -0.0001220777
   3.6549999877  -0.0000448432  -0.0001988348  -0.0001234643
   3.6599999877  -0.0000469869  -0.0001990093  -0.0001259337
   3.6649999877  -0.0000493282  -0.0001990967  -0.0001293791
   3.6699999877  -0.0000517256  -0.0001991798  -0.0001334248
   3.6749999877  -0.0000540975  -0.0001993882  -0.0001375417
   3.6799999876  -0.0000563917  -0.0001998738  -0.0001412121
   3.6849999876  -0.0000585388  -0.0002007817  -0.0001440832
   3.6899999876  -0.0000604296  -0.0002022215  -0.0001460586
   3.6949999876  -0.0000619403  -0.0002042421  -0.0001473017
   3.6999999876  -0.0000629960  -0.0002068146  -0.0001481519
   3.7049999876  -0.0000636306  -0.0002098308  -0.0001489815
   3.7099999875  -0.0000639954  -0.0002131232  -0.0001500411
   3.7149999875  -0.0000642982  -0.0002165067  -0.0001513486
   3.7199999875  -0.0000646978  -0.0002198314  -0.0001526684
   3.7249999875  -0.0000652113  -0.0002230251  -0.0001536002
   3.7299999875  -0.0000656948  -0.0002261053  -0.0001537527
   3.7349999875  -0.0000659200  -0.0002291499  -0.0001529386
   3.7399999874  -0.0000657131  -0.0002322372  -0.0001513059
   3.7449999874  -0.0000650815  -0.0002353836  -0.0001493367
   3.7499999874  -0.0000642530  -0.0002385103  -0.0001476977
   3.7549999874  -0.0000635936  -0.0002414626  -0.0001469941
   3.7599999874  -0.0000634386  -0.0002440746  -0.0001475295
   3.7649999874  -0.0000639217  -0.0002462521  -0.0001491831
   3.7699999873  -0.0000648963  -0.0002480307  -0.0001514667
   3.7749999873  -0.0000659977  -0.0002495766  -0.0001537440
   3.7799999873  -0.0000668227  -0.0002511272  -0.0001555137
   3.7849999873  -0.0000671413  -0.0002528945  -0.0001566265
   3.7899999873  -0.0000670310  -0.0002549796  -0.0001573309
   3.7949999873  -0.0000668664  -0.0002573402  -0.0001581252
   3.7999999872  -0.0000671611  -0.0002598264  -0.0001594852
   3.8049999872  -0.0000683396  -0.0002622714  -0.0001615989
   3.8099999872  -0.0000705441  -0.0002645907  -0.0001642376
   3.8149999872  -0.0000735675  -0.0002668417  -0.0001668289
   3.8199999872  -0.0000769404  -0.0002692136  -0.0001687020
   3.8249999872  -0.0000801244  -0.0002719485  -0.0001693947
   3.8299999871  -0.0000827192  -0.0002752311  -0.0001688842
   3.8349999871  -0.0000845842  -0.0002790957  -0.0001676354
   3.8399999871  -0.0000858240  -0.0002833955  -0.0001664458
   3.8449999871  -0.0000866522  -0.0002878485  -0.0001661526
   3.8499999871  -0.0000872083  -0.0002921428  -0.0001673259
   3.8549999871  -0.0000874250  -0.0002960534  -0.0001700732
   3.8599999870  -0.0000870195  -0.0002995242  -0.0001740307
   3.8649999870  -0.0000856262  -0.0003026763  -0.0001785326
   3.8699999870  -0.0000830176  -0.0003057439  -0.0001828776
   3.8749999870  -0.0000793194  -0.0003089653  -0.0001865724
   3.8799999870  -0.0000751137  -0.0003124791  -0.0001894489
   3.8849999870  -0.0000713727  -0.0003162713  -0.0001916094
   3.8899999869  -0.0000692294  -0.0003201977  -0.0001932379
   3.8949999869  -0.0000696631  -0.0003240686  -0.0001943755
   3.8999999869  -0.0000732166  -0.0003277584  -0.0001947811
   3.9049999869  -0.0000798462  -0.0003312845  -0.0001939641
   3.9099999869  -0.0000889547  -0.0003348183  -0.0001913978
   3.9149999869  -0.0000995722  -0.0003386183  -0.0001868361
   3.9199999868  -0.0001105953  -0.0003429139  -0.0001805988
   3.9249999868  -0.0001209745  -0.0003477918  -0.0001736899
   3.9299999868  -0.0001297811  -0.0003531390  -0.0001676737
   3.9349999868  -0.0001361587  -0.0003586708  -0.0001643311
   3.9399999868  -0.0001392366  -0.0003640333  -0.0001652098
   3.9449999868  -0.0001381142  -0.0003689354  -0.0001712261
   3.9499999867  -0.0001319955  -0.0003732525  -0.0001824497
   3.9549999867  -0.0001204746  -0.0003770554  -0.0001981250
   3.9599999867  -0.0001038836  -0.0003805572  -0.0002168807
   3.9649999867  -0.0000835589  -0.0003840062  -0.0002370132
   3.9699999867  -0.0000618887  -0.0003875808  -0.0002567177
   3.9749999867  -0.0000420783  -0.0003913375  -0.0002741984
   3.9799999866  -0.0000276678  -0.0003952353  -0.0002876720
   3.9849999866  -0.0000219273  -0.0003992206  -0.0002953549
   3.9899999866  -0.0000272855  -0.0004033266  -0.0002955449
   3.9949999866  -0.0000449205  -0.0004077313  -0.0002868654
   3.9999999866  -0.0000745667  -0.0004127418  -0.0002686562
   4.0049999866  -0.0001145158  -0.0004187037  -0.0002414060
   4.0099999865  -0.0001617439  -0.0004258733  -0.0002070716
   4.0149999865  -0.0002121038  -0.0004343055  -0.0001691414
   4.0199999865  -0.0002605603  -0.0004438028  -0.0001323709
   4.0249999865  -0.0003015022  -0.0004539450  -0.0001022145
   4.0299999865  -0.0003291855  -0.0004641831  -0.0000840635
   4.0349999864  -0.0003383445  -0.0004739585  -0.0000824462
   4.0399999864  -0.0003249494  -0.0004828026  -0.0001003404
   4.0449999864  -0.0002870091  -0.0004903864  -0.0001386996
   4.0499999864  -0.0002252644  -0.0004965188  -0.0001962275
   4.0549999864  -0.0001435964  -0.0005011115  -0.0002693868
   4.0599999864  -0.0000490174  -0.0005041466  -0.0003525963
   4.0649999863   0.0000488138  -0.0005056712  -0.0004385826
   4.0699999863   0.0001385116  -0.0005058319  -0.0005188725
   4.0749999863   0.0002081978  -0.0005049317  -0.0005844412
   4.0799999863   0.0002468789  -0.0005034830  -0.0006265288
   4.0849999863   0.0002457899  -0.0005022207  -0.0006376120
   4.0899999863   0.0001995557  -0.0005020563  -0.0006124573
   4.0949999862   0.0001070619  -0.0005039711  -0.0005491208
   4.0999999862  -0.0000280330  -0.0005088710  -0.0004497118
   4.1049999862  -0.0001971904  -0.0005174387  -0.0003207385
   4.1099999862  -0.0003873289  -0.0005300169  -0.0001729048
   4.1149999862  -0.0005816381  -0.0005465470  -0.0000203206
   4.1199999862  -0.0007608793  -0.0005665657   0.0001207991
   4.1249999861  -0.0009051285  -0.0005892474   0.0002337818
   4.1299999861  -0.0009958383  -0.0006134694   0.0003032733
   4.1349999861  -0.0010180067  -0.0006378844   0.0003169268
   4.1399999861  -0.0009621764  -0.0006609940   0.0002668309
   4.1449999861  -0.0008259753  -0.0006812304   0.0001505544
   4.1499999861  -0.0006149557  -0.0006970611  -0.0000282614
   4.1549999860  -0.0003425927  -0.0007071242  -0.0002598097
   4.1599999860  -0.0000294284  -0.0007103905  -0.0005285519
   4.1649999860   0.0002985376  -0.0007063316  -0.0008141933
   4.1699999860   0.0006120262  -0.0006950602  -0.0010931774
   4.1749999860   0.0008810082  -0.0006774135  -0.0013406217
   4.1799999860   0.0010773579  -0.0006549522  -0.0015325415
   4.1849999859   0.0011774178  -0.0006298735  -0.0016481442
   4.1899999859   0.0011642675  -0.0006048445  -0.0016719407
   4.1949999859   0.0010295015  -0.0005827790  -0.0015954260
   4.1999999859   0.0007743338  -0.0005665828  -0.0014181342
   4.2049999859   0.0004098933  -0.0005588918  -0.0011479572
   4.2099999859  -0.0000433528  -0.0005618232  -0.0008007090
   4.2149999858  -0.0005570083  -0.0005767578  -0.0003990114
   4.2199999858  -0.0010968441  -0.0006041711   0.0000293619
   4.2249999858  -0.0016253464  -0.0006435282   0.0004534992
   4.2299999858  -0.0021044447  -0.0006932560   0.0008415315
   4.2349999858  -0.0024981519  -0.0007508001   0.0011627960
   4.2399999858  -0.0027749046  -0.0008127669   0.0013898289
   4.2449999857  -0.0029094656  -0.0008751410   0.0015000733
   4.2499999857  -0.0028843313  -0.0009335623   0.0014772296
   4.2549999857  -0.0026906459  -0.0009836407   0.0013122162
   4.2599999857  -0.0023286704  -0.0010212824   0.0010037383
   4.2649999857  -0.0018078700  -0.0010430009   0.0005584888
   4.2699999857  -0.0011466915  -0.0010461872  -0.0000089802
   4.2749999856  -0.0003720932  -0.0010293139  -0.0006766654
   4.2799999856   0.0004811176  -0.0009920574  -0.0014157458
   4.2849999856   0.0013711086  -0.0009353279  -0.0021913923
   4.2899999856   0.0022499989  -0.0008612109  -0.0029637160
   4.2949999856   0.0030650131  -0.0007728309  -0.0036888484
   4.2999999856   0.0037598701  -0.0006741590  -0.0043201723
   4.3049999855   0.0042764868  -0.0005697875  -0.0048097517
   4.3099999855   0.0045570796  -0.0004646956  -0.0051100199
   4.3149999855   0.0045467186  -0.0003640241  -0.0051757712
   4.3199999855   0.0041963244  -0.0002728707  -0.0049664595
   4.3249999855   0.0034660067  -0.0001961082  -0.0044487486
   4.3299999855   0.0023285400  -0.0001382233  -0.0035991834
   4.3349999854   0.0007726811  -0.0001031656  -0.0024067830
   4.3399999854  -0.0011940217  -0.0000941997  -0.0008753058
   4.3449999854  -0.0035432793  -0.0001137529   0.0009750833
   4.3499999854  -0.0062252732  -0.0001632583   0.0031070002
   4.3549999854  -0.0091692318  -0.0002430005   0.0054660846
   4.3599999854  -0.0122854576  -0.0003519744   0.0079824095
   4.3649999853  -0.0154687632  -0.0004877741   0.0105730575
   4.3699999853  -0.0186031553  -0.0006465242   0.0131457435
   4.3749999853  -0.0215674990  -0.0008228670   0.0156032554
   4.3799999853  -0.0242417967  -0.0010100170   0.0178484035
   4.3849999853  -0.0265136418  -0.0011998923   0.0197891251
   4.3899999853  -0.0282843562  -0.0013833358   0.0213433801
   4.3949999852  -0.0294743188  -0.0015504365   0.0224434923
   4.3999999852  -0.0300270479  -0.0016909528   0.0230396350
   4.4049999852  -0.0299117165  -0.0017948304   0.0231022186
   4.4099999852  -0.0291239525  -0.0018527826   0.0226230137
   4.4149999852  -0.0276849618  -0.0018568838   0.0216149463
   4.4199999852  -0.0256391885  -0.0018011145   0.0201106147
   4.4249999851  -0.0230508557  -0.0016817905   0.0181597048
   4.4299999851  -0.0199997921  -0.0014978253   0.0158255879
   4.4349999851  -0.0165769485  -0.0012507967   0.0131814621
   4.4399999851  -0.0128799565  -0.0009448136   0.0103064135
   4.4449999851  -0.0090090027  -0.0005862103   0.0072817304
   4.4499999851  -0.0050632066  -0.0001831049   0.0041877121
   4.4549999850  -0.0011376053   0.0002551275   0.0011010937
   4.4599999850   0.0026792174   0.0007184220  -0.0019069028
   4.4649999850   0.0063068878   0.0011965861  -0.0047719626
   4.4699999850   0.0096744660   0.0016798211  -0.0074376334
   4.4749999850   0.0127212574   0.0021591671  -0.0098559578
   4.4799999850   0.0153973556   0.0026268425  -0.0119878765
   4.4849999849   0.0176640518   0.0030764546  -0.0138034632
   4.4899999849   0.0194942044   0.0035030691  -0.0152820256
   4.4949999849   0.0208725961   0.0039031432  -0.0164120847
   4.4999999849   0.0217962226   0.0042743449  -0.0171912383
   4.5049999849   0.0222743856   0.0046153017  -0.0176258999
   4.5099999849   0.0223284232   0.0049253303  -0.0177308971
   4.5149999848   0.0219909203   0.0052042030  -0.0175288898
   4.5199999848   0.0213043036   0.0054519933  -0.0170495572
   4.5249999848   0.0203188265   0.0056690218  -0.0163284979
   4.5299999848   0.0190900612   0.0058558958  -0.0154058062
   4.5349999848   0.0176761051   0.0060136131  -0.0143243378
   4.5399999848   0.0161347610   0.0061436820  -0.0131277449
   4.5449999847   0.0145209456   0.0062482128  -0.0118584317
   4.5499999847   0.0128845326   0.0063299424  -0.0105556356
   4.5549999847   0.0112687690   0.0063921786  -0.0092538447
   4.5599999847   0.0097093268   0.0064386657  -0.0079817267
   4.5649999847   0.0082339907   0.0064733918  -0.0067616558
   4.5699999847   0.0068629377   0.0065003598  -0.0056098243
   4.5749999846   0.0056095216   0.0065233453  -0.0045368293
   4.5799999846   0.0044814366   0.0065456557  -0.0035485662
   4.5849999846   0.0034820936   0.0065699062  -0.0026472483
   4.5899999846   0.0026120089   0.0065978282  -0.0018323995
   4.5949999846   0.0018699979   0.0066301312  -0.0011017175
   4.5999999846   0.0012539979   0.0066664446  -0.0004517550
   4.6049999845   0.0007614199   0.0067053602   0.0001215938
   4.6099999845   0.0003890341   0.0067445850   0.0006228016
   4.6149999845   0.0001325047   0.0067811916   0.0010565966
   4.6199999845  -0.0000142277   0.0068119286   0.0014280136
   4.6249999845  -0.0000594882   0.0068335399   0.0017425676
   4.6299999845  -0.0000141330   0.0068430333   0.0020064829
   4.6349999844   0.0001085835   0.0068378532   0.0022268880
   4.6399999844   0.0002935599   0.0068159358   0.0024118749
   4.6449999844   0.0005247390   0.0067756529   0.0025703408
   4.6499999844   0.0007861934   0.0067156765   0.0027115773
   4.6549999844   0.0010632303   0.0066348120   0.0028446413
   4.6599999844   0.0013433543   0.0065318432   0.0029776060
   4.6649999843   0.0016169628   0.0064054247   0.0031168385
   4.6699999843   0.0018776980   0.0062540367   0.0032664576
   4.6749999843   0.0021224290   0.0060759990   0.0034280911
   4.6799999843   0.0023508761   0.0058695333   0.0036009846
   4.6849999843   0.0025649258   0.0056328593   0.0037824321
   4.6899999843   0.0027677179   0.0053643132   0.0039684288
   4.6949999842   0.0029626197   0.0050624851   0.0041544070
   4.6999999842   0.0031522313   0.0047263684   0.0043359163
   4.7049999842   0.0033375805   0.0043555122   0.0045091434
   4.7099999842   0.0035176535   0.0039501560   0.0046712208
   4.7149999842   0.0036893585   0.0035113205   0.0048203233
   4.7199999841   0.0038479421   0.0030408263   0.0049555870
   4.7249999841   0.0039877801   0.0025412246   0.0050768982
   4.7299999841   0.0041033799   0.0020156439   0.0051845948
   4.7349999841   0.0041903803   0.0014675793   0.0052791182
   4.7399999841   0.0042463365   0.0009006684   0.0053606508
   4.7449999841   0.0042711308   0.0003185028   0.0054287868
   4.7499999840   0.0042669412  -0.0002754882   0.0054822942
   4.7549999840   0.0042377986  -0.0008780657   0.0055190317
   4.7599999840   0.0041888443  -0.0014861331   0.0055360683
   4.7649999840   0.0041254469  -0.0020966408   0.0055300122
   4.7699999840   0.0040523403  -0.0027064819   0.0054975056
   4.7749999840   0.0039729189  -0.0033124111   0.0054357894
   4.7799999839   0.0038887844  -0.0039110040   0.0053432147
   4.7849999839   0.0037995916  -0.0044986580   0.0052195827
   4.7899999839   0.0037032024  -0.0050716253   0.0050662314
   4.7949999839   0.0035961213  -0.0056260668   0.0048858528
   4.7999999839   0.0034741590  -0.0061581175   0.0046820851
   4.8049999839   0.0033332322  -0.0066639645   0.0044589778
   4.8099999838   0.0031701872  -0.0071399403   0.0042204445
   4.8149999838   0.0029835117  -0.0075826333   0.0039698129
   4.8199999838   0.0027738025  -0.0079890100   0.0037095416
   4.8249999838   0.0025438887  -0.0083565321   0.0034411338
   4.8299999838   0.0022985660  -0.0086832456   0.0031652307
   4.8349999838   0.0020439721  -0.0089678191   0.0028818425
   4.8399999837   0.0017867119  -0.0092095192   0.0025906610
   4.8449999837   0.0015328967  -0.0094081270   0.0022914004
   4.8499999837   0.0012872831  -0.0095638145   0.0019841234
   4.8549999837   0.0010526767  -0.0096770156   0.0016695134
   4.8599999837   0.0008297080  -0.0097483219   0.0013490648
   4.8649999837   0.0006170053  -0.0097784273   0.0010251581
   4.8699999836   0.0004117115  -0.0097681279   0.0007009969
   4.8749999836   0.0002102284  -0.0097183625   0.0003803949
   4.8799999836   0.0000090411  -0.0096302741   0.0000674264
   4.8849999836  -0.0001945187  -0.0095052647  -0.0002340128
   4.8899999836  -0.0004016891  -0.0093450258  -0.0005206597
   4.8949999836  -0.0006119500  -0.0091515416  -0.0007902607
   4.8999999835  -0.0008229847  -0.0089270671  -0.0010417882
   4.9049999835  -0.0010309301  -0.0086740939  -0.0012754435
   4.9099999835  -0.0012308799  -0.0083953113  -0.0014924410
   4.9149999835  -0.0014175740  -0.0080935662  -0.0016946212
   4.9199999835  -0.0015861795  -0.0077718163  -0.0018839740
   4.9249999835  -0.0017330425  -0.0074330721  -0.0020621746
   4.9299999834  -0.0018562839  -0.0070803266  -0.0022302227
   4.9349999834  -0.0019561218  -0.0067164762  -0.0023882453
   4.9399999834  -0.0020348471  -0.0063442484  -0.0025354867
   4.9449999834  -0.0020964384  -0.0059661511  -0.0026704699
   4.9499999834  -0.0021458782  -0.0055844555  -0.0027912851
   4.9549999834  -0.0021882916  -0.0052012162  -0.0028959482
   4.9599999833  -0.0022280727  -0.0048183184  -0.0029827659
   4.9649999833  -0.0022681621  -0.0044375354  -0.0030506564
   4.9699999833  -0.0023096078  -0.0040605764  -0.0030993791
   4.9749999833  -0.0023514827  -0.0036891093  -0.0031296468
   4.9799999833  -0.0023911589  -0.0033247522  -0.0031431035
   4.9849999833  -0.0024248742  -0.0029690385  -0.0031421667
   4.9899999832  -0.0024484773  -0.0026233689  -0.0031297518
   4.9949999832  -0.0024582175  -0.0022889632  -0.0031089113
   4.9999999832  -0.0024514469  -0.0019668270  -0.0030824408
   5.0049999832  -0.0024271260  -0.0016577376  -0.0030525149
   5.0099999832  -0.0023860626  -0.0013622500  -0.0030204196
   5.0149999832  -0.0023308531  -0.0010807180  -0.0029864348
   5.0199999831  -0.0022655414  -0.0008133238  -0.0029498981
   5.0249999831  -0.0021950442  -0.0005601116  -0.0029094428
   5.0299999831  -0.0021244290  -0.0003210203  -0.0028633676
   5.0349999831  -0.0020581539  -0.0000959165  -0.0028100660
   5.0399999831  -0.0019993909   0.0001153769  -0.0027484315
   5.0449999831  -0.0019495508   0.0003130568  -0.0026781566
   5.0499999830  -0.0019080993   0.0004973257  -0.0025998743
   5.0549999830  -0.0018727104   0.0006683918  -0.0025151194
   5.0599999830  -0.0018397374   0.0008264819  -0.0024261255
   5.0649999830  -0.0018049209   0.0009718678  -0.0023355037
   5.0699999830  -0.0017642015   0.0011048948  -0.0022458650
   5.0749999830  -0.0017144839   0.0012260064  -0.0021594527
   5.0799999829  -0.0016542090   0.0013357536  -0.0020778457
   5.0849999829  -0.0015836344   0.0014347852  -0.0020017748
   5.0899999829  -0.0015047833   0.0015238188  -0.0019310759
   5.0949999829  -0.0014210902   0.0016035985  -0.0018647814
   5.0999999829  -0.0013368195   0.0016748488  -0.0018013294
   5.1049999829  -0.0012563686   0.0017382322  -0.0017388578
   5.1099999828  -0.0011835737   0.0017943192  -0.0016755340
   5.1149999828  -0.0011211235   0.0018435734  -0.0016098736
   5.1199999828  -0.0010701647   0.0018863536  -0.0015409986
   5.1249999828  -0.0010301504   0.0019229299  -0.0014687973
   5.1299999828  -0.0009989506   0.0019535139  -0.0013939594
   5.1349999828  -0.0009732097   0.0019782968  -0.0013178796
   5.1399999827  -0.0009488997   0.0019974904  -0.0012424402
   5.1449999827  -0.0009219891   0.0020113649  -0.0011697070
   5.1499999827  -0.0008891200   0.0020202746  -0.0011015862
   5.1549999827  -0.0008481804   0.0020246668  -0.0010395041
   5.1599999827  -0.0007986684   0.0020250678  -0.0009841657
   5.1649999827  -0.0007417766   0.0020220495  -0.0009354400
   5.1699999826  -0.0006801782   0.0020161825  -0.0008923914
   5.1749999826  -0.0006175519   0.0020079833  -0.0008534514
   5.1799999826  -0.0005579348   0.0019978697  -0.0008166956
   5.1849999826  -0.0005050246   0.0019861306  -0.0007801730
   5.1899999826  -0.0004615605   0.0019729182  -0.0007422274
   5.1949999826  -0.0004288871   0.0019582606  -0.0007017548
   5.1999999825  -0.0004067694   0.0019420934  -0.0006583596
   5.2049999825  -0.0003934710   0.0019243020  -0.0006123882
   5.2099999825  -0.0003860686   0.0019047678  -0.0005648440
   5.2149999825  -0.0003809367   0.0018834117  -0.0005172035
   5.2199999825  -0.0003743223   0.0018602285  -0.0004711680
   5.2249999825  -0.0003629253   0.0018353104  -0.0004283902
   5.2299999824  -0.0003444040   0.0018088552  -0.0003902176
   5.2349999824  -0.0003177375   0.0017811601  -0.0003574870
   5.2399999824  -0.0002833902   0.0017525993  -0.0003303976
   5.2449999824  -0.0002432482   0.0017235873  -0.0003084777
   5.2499999824  -0.0002003243   0.0016945305  -0.0002906493
   5.2549999824  -0.0001582687   0.0016657759  -0.0002753820
   5.2599999823  -0.0001207569   0.0016375618  -0.0002609187
   5.2649999823  -0.0000908602   0.0016099843  -0.0002455416
   5.2699999823  -0.0000705112   0.0015829858  -0.0002278436
   5.2749999823  -0.0000601662   0.0015563707  -0.0002069590
   5.2799999823  -0.0000587300   0.0015298467  -0.0001827151
   5.2849999823  -0.0000637535   0.0015030854  -0.0001556688
   5.2899999822  -0.0000718649   0.0014757885  -0.0001270180
   5.2949999822  -0.0000793488   0.0014477484  -0.0000983944
   5.2999999822  -0.0000827644   0.0014188906  -0.0000715763
   5.3049999822  -0.0000794980   0.0013892916  -0.0000481720
   5.3099999822  -0.0000681614   0.0013591701  -0.0000293378
   5.3149999822  -0.0000487825   0.0013288548  -0.0000155814
   5.3199999821  -0.0000227721   0.0012987364  -0.0000066867
   5.3249999821   0.0000073201   0.0012692115  -0.0000017672
   5.3299999821   0.0000382159   0.0012406270   0.0000005705
   5.3349999821   0.0000664265   0.0012132323   0.0000019890
   5.3399999821   0.0000888048   0.0011871446   0.0000041542
   5.3449999821   0.0001030534   0.0011623313   0.0000084843
   5.3499999820   0.0001081115   0.0011386133   0.0000159488
   5.3549999820   0.0001043534   0.0011156877   0.0000269377
   5.3599999820   0.0000935555   0.0010931707   0.0000412143
   5.3649999820   0.0000786237   0.0010706560   0.0000579523
   5.3699999820   0.0000631147   0.0010477801   0.0000758545
   5.3749999820   0.0000506304   0.0010242880   0.0000933423
   5.3799999819   0.0000441930   0.0010000833   0.0001087968
   5.3849999819   0.0000457197   0.0009752556   0.0001208227
   5.3899999819   0.0000556987   0.0009500742   0.0001284932
   5.3949999819   0.0000731271   0.0009249483   0.0001315307
   5.3999999819   0.0000957155   0.0009003576   0.0001303814
   5.4049999818   0.0001203114   0.0008767676   0.0001261592
   5.4099999818   0.0001434532   0.0008545451   0.0001204591
   5.4149999818   0.0001619496   0.0008338920   0.0001150742
   5.4199999818   0.0001733869   0.0008148106   0.0001116707
   5.4249999818   0.0001764894   0.0007971071   0.0001114907
   5.4299999818   0.0001712909   0.0007804287   0.0001151431
   5.4349999817   0.0001591056   0.0007643280   0.0001225220
   5.4399999817   0.0001423119   0.0007483372   0.0001328595
   5.4449999817   0.0001239816   0.0007320421   0.0001448919
   5.4499999817   0.0001074041   0.0007151414   0.0001570954
   5.4549999817   0.0000955687   0.0006974871   0.0001679428
   5.4599999817   0.0000906800   0.0006791022   0.0001761369
   5.4649999816   0.0000937849   0.0006601756   0.0001807906
   5.4699999816   0.0001045814   0.0006410364   0.0001815390
   5.4749999816   0.0001214529   0.0006221103   0.0001785774
   5.4799999816   0.0001417347   0.0006038592   0.0001726290
   5.4849999816   0.0001621713   0.0005867118   0.0001648453
   5.4899999816   0.0001794830   0.0005709908   0.0001566462
   5.4949999815   0.0001909352   0.0005568517   0.0001495157
   5.4999999815   0.0001948023   0.0005442440   0.0001447720
   5.5049999815   0.0001906405   0.0005329074   0.0001433479
   5.5099999815   0.0001793275   0.0005224090   0.0001456202
   5.5149999815   0.0001628740   0.0005122169   0.0001513255
   5.5199999815   0.0001440551   0.0005017971   0.0001595889
   5.5249999814   0.0001259380   0.0004907132   0.0001690702
   5.5299999814   0.0001113910   0.0004787051   0.0001782017
   5.5349999814   0.0001026484   0.0004657309   0.0001854738
   5.5399999814   0.0001009910   0.0004519633   0.0001897075
   5.5449999814   0.0001065752   0.0004377452   0.0001902558
   5.5499999814   0.0001184260   0.0004235196   0.0001870981
   5.5549999813   0.0001345898   0.0004097500   0.0001808131
   5.5599999813   0.0001524288   0.0003968495   0.0001724480
   5.5649999813   0.0001690221   0.0003851270   0.0001633206
   5.5699999813   0.0001816210   0.0003747537   0.0001547994
   5.5749999813   0.0001880927   0.0003657468   0.0001480987
   5.5799999813   0.0001872801   0.0003579687   0.0001441172
   5.5849999812   0.0001792100   0.0003511389   0.0001433296
   5.5899999812   0.0001651039   0.0003448627   0.0001457351
   5.5949999812   0.0001471814   0.0003386777   0.0001508606
   5.5999999812   0.0001282857   0.0003321198   0.0001578187
   5.6049999812   0.0001113984   0.0003248003   0.0001654204
   5.6099999812   0.0000991334   0.0003164796   0.0001723388
   5.6149999811   0.0000933034   0.0003071215   0.0001773097
   5.6199999811   0.0000946352   0.0002969096   0.0001793429
   5.6249999811   0.0001026777   0.0002862186   0.0001779051
   5.6299999811   0.0001159076   0.0002755442   0.0001730347
   5.6349999811   0.0001320042   0.0002654070   0.0001653577
   5.6399999811   0.0001482356   0.0002562537   0.0001559906
   5.6449999810   0.0001618914   0.0002483769   0.0001463461
   5.6499999810   0.0001706939   0.0002418727   0.0001378776
   5.6549999810   0.0001731349   0.0002366385   0.0001318160
   5.6599999810   0.0001686945   0.0002324068   0.0001289539
   5.6649999810   0.0001579181   0.0002288005   0.0001295182
   5.6699999810   0.0001423405   0.0002253961   0.0001331529
   5.6749999809   0.0001242637   0.0002217817   0.0001390063
   5.6799999809   0.0001064113   0.0002176057   0.0001458970
   5.6849999809   0.0000915037   0.0002126152   0.0001525204
   5.6899999809   0.0000818154   0.0002066857   0.0001576566
   5.6949999809   0.0000787877   0.0001998413   0.0001603487
   5.6999999809   0.0000827694   0.0001922625   0.0001600310
   5.7049999808   0.0000929407   0.0001842726   0.0001565973
   5.7099999808   0.0001074415   0.0001762994   0.0001504097
   5.7149999808   0.0001236885   0.0001688110   0.0001422473
   5.7199999808   0.0001388206   0.0001622343   0.0001331993
   5.7249999808   0.0001501905   0.0001568729   0.0001245109
   5.7299999808   0.0001558084   0.0001528434   0.0001173947
   5.7349999807   0.0001546603   0.0001500481   0.0001128329
   5.7399999807   0.0001468497   0.0001481917   0.0001114020
   5.7449999807   0.0001335497   0.0001468389   0.0001131572
   5.7499999807   0.0001167855   0.0001454989   0.0001176039
   5.7549999807   0.0000990941   0.0001437152   0.0001237737
   5.7599999807   0.0000831195   0.0001411422   0.0001303942
   5.7649999806   0.0000712061   0.0001375939   0.0001361219
   5.7699999806   0.0000650462   0.0001330587   0.0001397907
   5.7749999806   0.0000654271   0.0001276862   0.0001406224
   5.7799999806   0.0000721118   0.0001217522   0.0001383559
   5.7849999806   0.0000838711   0.0001156137   0.0001332717
   5.7899999806   0.0000986656   0.0001096596   0.0001261126
   5.7949999805   0.0001139591   0.0001042621   0.0001179273
   5.7999999805   0.0001271194   0.0000997296   0.0001098743
   5.8049999805   0.0001358464   0.0000962643   0.0001030279
   5.8099999805   0.0001385572   0.0000939279   0.0000982200
   5.8149999805   0.0001346586   0.0000926227   0.0000959360
   5.8199999805   0.0001246530   0.0000920955   0.0000962696
   5.8249999804   0.0001100552   0.0000919701   0.0000989317
   5.8299999804   0.0000931308   0.0000918047   0.0001033038
   5.8349999804   0.0000765056   0.0000911684   0.0001085273
   5.8399999804   0.0000627173   0.0000897191   0.0001136226
   5.8449999804   0.0000537947   0.0000872662   0.0001176274
   5.8499999804   0.0000509378   0.0000838046   0.0001197423
   5.8549999803   0.0000543492   0.0000795109   0.0001194625
   5.8599999803   0.0000632360   0.0000747052   0.0001166697
   5.8649999803   0.0000759690   0.0000697884   0.0001116634
   5.8699999803   0.0000903607   0.0000651696   0.0001051153
   5.8749999803   0.0001040133   0.0000612002   0.0000979524
   5.8799999803   0.0001146811   0.0000581229   0.0000911889
   5.8849999802   0.0001205996   0.0000560450   0.0000857424
   5.8899999802   0.0001207409   0.0000549322   0.0000822752
   5.8949999802   0.0001149642   0.0000546227   0.0000810915
   5.8999999802   0.0001040417   0.0000548548   0.0000821105
   5.9049999802   0.0000895507   0.0000553043   0.0000849120
   5.9099999802   0.0000736411   0.0000556285   0.0000888368
   5.9149999801   0.0000587056   0.0000555120   0.0000931127
   5.9199999801   0.0000469976   0.0000547098   0.0000969783
   5.9249999801   0.0000402618   0.0000530834   0.0000997833
   5.9299999801   0.0000394400   0.0000506228   0.0001010560
   5.9349999801   0.0000445108   0.0000474496   0.0001005399
   5.9399999801   0.0000544943   0.0000437996   0.0000982060
   5.9449999800   0.0000676229   0.0000399867   0.0000942476
   5.9499999800   0.0000816458   0.0000363522   0.0000890621
   5.9549999800   0.0000942072   0.0000332103   0.0000832156
   5.9599999800   0.0001032289   0.0000307981   0.0000773855
   5.9649999800   0.0001072313   0.0000292410   0.0000722808
   5.9699999800   0.0001055434   0.0000285374   0.0000685426
   5.9749999799   0.0000983792   0.0000285667   0.0000666415
   5.9799999799   0.0000867793   0.0000291151   0.0000667910
   5.9849999799   0.0000724383   0.0000299141   0.0000688990
   5.9899999799   0.0000574474   0.0000306826   0.0000725697
   5.9949999799   0.0000439888   0.0000311639   0.0000771595
