   0.0000000000   0.0000000000   0.0000000000   0.0000000000
   0.0050000000   0.0000000000   0.0000000000   0.0000000000
   0.0100000000   0.0000000000   0.0000000000   0.0000000000
   0.0149999999   0.0000000000   0.0000000000   0.0000000000
   0.0199999999   0.0000000000   0.0000000000   0.0000000000
   0.0249999999   0.0000000000   0.0000000000   0.0000000000
   0.0299999999   0.0000000000   0.0000000000   0.0000000000
   0.0349999999   0.0000000000   0.0000000000   0.0000000000
   0.0399999999  -0.0000000000  -0.0000000000  -0.0000000000
   0.0449999998  -0.0000000000  -0.0000000000  -0.0000000000
   0.0499999998  -0.0000000000  -0.0000000000  -0.0000000000
   0.0549999998  -0.0000000000  -0.0000000000  -0.0000000000
   0.0599999998  -0.0000000000  -0.0000000000  -0.0000000000
   0.0649999998  -0.0000000000  -0.0000000000  -0.0000000000
   0.0699999998  -0.0000000000  -0.0000000000  -0.0000000000
   0.0749999997  -0.0000000000  -0.0000000000  -0.0000000000
   0.0799999997  -0.0000000000  -0.0000000000  -0.0000000000
   0.0849999997  -0.0000000000  -0.0000000000  -0.0000000000
   0.0899999997  -0.0000000000  -0.0000000000  -0.0000000000
   0.0949999997  -0.0000000000  -0.0000000000  -0.0000000000
   0.0999999997  -0.0000000000  -0.0000000000  -0.0000000000
   0.1049999996  -0.0000000000  -0.0000000000  -0.0000000000
   0.1099999996  -0.0000000000  -0.0000000000  -0.0000000000
   0.1149999996  -0.0000000000  -0.0000000000  -0.0000000000
   0.1199999996  -0.0000000000  -0.0000000000  -0.0000000000
   0.1249999996  -0.0000000000  -0.0000000000  -0.0000000000
   0.1299999996  -0.0000000000  -0.0000000000  -0.0000000000
   0.1349999995  -0.0000000000  -0.0000000000  -0.0000000000
   0.1399999995  -0.0000000000  -0.0000000000  -0.0000000000
   0.1449999995   0.0000000000   0.0000000000   0.0000000000
   0.1499999995   0.0000000000   0.0000000000   0.0000000000
   0.1549999995   0.0000000000   0.0000000000   0.0000000000
   0.1599999995   0.0000000000   0.0000000000   0.0000000000
   0.1649999994  -0.0000000000   0.0000000000  -0.0000000000
   0.1699999994  -0.0000000000   0.0000000000  -0.0000000000
   0.1749999994  -0.0000000000  -0.0000000000  -0.0000000000
   0.1799999994  -0.0000000000  -0.0000000000  -0.0000000000
   0.1849999994  -0.0000000000  -0.0000000000  -0.0000000000
   0.1899999994   0.0000000000  -0.0000000000   0.0000000000
   0.1949999993   0.0000000000  -0.0000000000   0.0000000000
   0.1999999993   0.0000000000   0.0000000000   0.0000000000
   0.2049999993   0.0000000000   0.0000000000   0.0000000000
   0.2099999993  -0.0000000000   0.0000000000  -0.0000000000
   0.2149999993  -0.0000000000   0.0000000000  -0.0000000000
   0.2199999993  -0.0000000000   0.0000000000  -0.0000000000
   0.2249999992  -0.0000000000  -0.0000000000  -0.0000000000
   0.2299999992   0.0000000000  -0.0000000000   0.0000000000
   0.2349999992   0.0000000000  -0.0000000000   0.0000000000
   0.2399999992   0.0000000000  -0.0000000000   0.0000000000
   0.2449999992   0.0000000000  -0.0000000000   0.0000000000
   0.2499999992   0.0000000000   0.0000000000   0.0000000000
   0.2549999991  -0.0000000000   0.0000000000  -0.0000000000
   0.2599999991  -0.0000000000   0.0000000000  -0.0000000000
   0.2649999991  -0.0000000000   0.0000000000  -0.0000000000
   0.2699999991  -0.0000000000   0.0000000000  -0.0000000000
   0.2749999991  -0.0000000000  -0.0000000000  -0.0000000000
   0.2799999991   0.0000000000  -0.0000000000   0.0000000000
   0.2849999990   0.0000000000  -0.0000000000   0.0000000000
   0.2899999990   0.0000000000  -0.0000000000   0.0000000000
   0.2949999990   0.0000000000   0.0000000000   0.0000000000
   0.2999999990   0.0000000000   0.0000000000   0.0000000000
   0.3049999990  -0.0000000000   0.0000000000  -0.0000000000
   0.3099999990  -0.0000000000   0.0000000000  -0.0000000000
   0.3149999989  -0.0000000000  -0.0000000000  -0.0000000000
   0.3199999989  -0.0000000000  -0.0000000000  -0.0000000000
   0.3249999989  -0.0000000000  -0.0000000000  -0.0000000000
   0.3299999989   0.0000000000  -0.0000000000   0.0000000000
   0.3349999989   0.0000000000   0.0000000000   0.0000000000
   0.3399999989   0.0000000000   0.0000000000   0.0000000000
   0.3449999988   0.0000000000   0.0000000001   0.0000000000
   0.3499999988  -0.0000000000   0.0000000001  -0.0000000000
   0.3549999988  -0.0000000001   0.0000000001  -0.0000000001
   0.3599999988  -0.0000000001  -0.0000000000  -0.0000000001
   0.3649999988   0.0000000001  -0.0000000001   0.0000000001
   0.3699999988   0.0000000004  -0.0000000002   0.0000000004
   0.3749999987   0.0000000009  -0.0000000001   0.0000000009
   0.3799999987   0.0000000013   0.0000000000   0.0000000013
   0.3849999987   0.0000000007   0.0000000000   0.0000000007
   0.3899999987  -0.0000000016  -0.0000000006  -0.0000000016
   0.3949999987  -0.0000000064  -0.0000000026  -0.0000000064
   0.3999999987  -0.0000000132  -0.0000000058  -0.0000000132
   0.4049999986  -0.0000000187  -0.0000000084  -0.0000000187
   0.4099999986  -0.0000000159  -0.0000000060  -0.0000000159
   0.4149999986   0.0000000058   0.0000000088   0.0000000058
   0.4199999986   0.0000000564   0.0000000433   0.0000000564
   0.4249999986   0.0000001372   0.0000000984   0.0000001372
   0.4299999986   0.0000002269   0.0000001574   0.0000002269
   0.4349999985   0.0000002678   0.0000001746   0.0000002678
   0.4399999985   0.0000001598   0.0000000707   0.0000001598
   0.4449999985  -0.0000002241  -0.0000002538  -0.0000002241
   0.4499999985  -0.0000009835  -0.0000008719  -0.0000009835
   0.4549999985  -0.0000020899  -0.0000017443  -0.0000020899
   0.4599999985  -0.0000032464  -0.0000026022  -0.0000032464
   0.4649999984  -0.0000037505  -0.0000028372  -0.0000037505
   0.4699999984  -0.0000024413  -0.0000014682  -0.0000024413
   0.4749999984   0.0000021492   0.0000027092   0.0000021492
   0.4799999984   0.0000113105   0.0000106873   0.0000113105
   0.4849999984   0.0000252478   0.0000224580   0.0000252478
   0.4899999984   0.0000417929   0.0000359201   0.0000417929
   0.4949999983   0.0000549764   0.0000457075   0.0000549764
   0.4999999983   0.0000539765   0.0000423910   0.0000539765
   0.5049999983   0.0000232239   0.0000127128   0.0000232239
   0.5099999983  -0.0000554029  -0.0000583764  -0.0000554029
   0.5149999983  -0.0001974403  -0.0001832081  -0.0001974403
   0.5199999983  -0.0004073366  -0.0003641289  -0.0004073366
   0.5249999982  -0.0006669726  -0.0005838752  -0.0006669726
   0.5299999982  -0.0009227171  -0.0007949074  -0.0009227171
   0.5349999982  -0.0010737430  -0.0009099725  -0.0010737430
   0.5399999982  -0.0009652807  -0.0007968738  -0.0009652807
   0.5449999982  -0.0003907695  -0.0002805694  -0.0003907695
   0.5499999982   0.0008938772   0.0008449481   0.0008938772
   0.5549999981   0.0031426000   0.0027941176   0.0031426000
   0.5599999981   0.0065797697   0.0057580689   0.0065797697
   0.5649999981   0.0113540963   0.0098677466   0.0113540963
   0.5699999981   0.0174940204   0.0151582416   0.0174940204
   0.5749999981   0.0248744597   0.0215418691   0.0248744597
   0.5799999981   0.0332043284   0.0287970787   0.0332043284
   0.5849999980   0.0420412389   0.0365779563   0.0420412389
   0.5899999980   0.0508345414   0.0444451677   0.0508345414
   0.5949999980   0.0589913865   0.0519144969   0.0589913865
   0.5999999980   0.0659544273   0.0585148102   0.0659544273
   0.6049999980   0.0712758553   0.0638445546   0.0712758553
   0.6099999980   0.0746721038   0.0676156939   0.0746721038
   0.6149999979   0.0760472826   0.0696765926   0.0760472826
   0.6199999979   0.0754806017   0.0700102624   0.0754806017
   0.6249999979   0.0731819584   0.0687103657   0.0731819584
   0.6299999979   0.0694280515   0.0659427729   0.0694280515
   0.6349999979   0.0644963984   0.0619037275   0.0644963984
   0.6399999979   0.0586148073   0.0567857801   0.0586148073
   0.6449999978   0.0519389196   0.0507595384   0.0519389196
   0.6499999978   0.0445617219   0.0439738752   0.0445617219
   0.6549999978   0.0365490210   0.0365712175   0.0365490210
   0.6599999978   0.0279868875   0.0287098126   0.0279868875
   0.6649999978   0.0190235860   0.0205829413   0.0190235860
   0.6699999978   0.0098907308   0.0124265256   0.0098907308
   0.6749999977   0.0008956477   0.0045109196   0.0008956477
   0.6799999977  -0.0076131929  -0.0028816228  -0.0076131929
   0.6849999977  -0.0152966195  -0.0094872211  -0.0152966195
   0.6899999977  -0.0218746994  -0.0150890838  -0.0218746994
   0.6949999977  -0.0271601986  -0.0195359746  -0.0271601986
   0.6999999976  -0.0310656227  -0.0227454295  -0.0310656227
   0.7049999976  -0.0335834696  -0.0246921915  -0.0335834696
   0.7099999976  -0.0347490532  -0.0253876236  -0.0347490532
   0.7149999976  -0.0346016489  -0.0248590717  -0.0346016489
   0.7199999976  -0.0331603972  -0.0231381169  -0.0331603972
   0.7249999976  -0.0304260326  -0.0202633265  -0.0304260326
   0.7299999975  -0.0264098448  -0.0162976036  -0.0264098448
   0.7349999975  -0.0211806830  -0.0113544266  -0.0211806830
   0.7399999975  -0.0149129884  -0.0056231436  -0.0149129884
   0.7449999975  -0.0079166100   0.0006175081  -0.0079166100
   0.7499999975  -0.0006334384   0.0070059432  -0.0006334384
   0.7549999975   0.0064045805   0.0131272670   0.0064045805
   0.7599999974   0.0126497397   0.0185621945   0.0126497397
   0.7649999974   0.0176286096   0.0229459168   0.0176286096
   0.7699999974   0.0210257130   0.0260241000   0.0210257130
   0.7749999974   0.0227395434   0.0276931753   0.0227395434
   0.7799999974   0.0228964751   0.0280153788   0.0228964751
   0.7849999974   0.0218188601   0.0272046993   0.0218188601
   0.7899999973   0.0199551074   0.0255864851   0.0199551074
   0.7949999973   0.0177886384   0.0235393089   0.0177886384
   0.7999999973   0.0157470258   0.0214314128   0.0157470258
   0.8049999973   0.0141315189   0.0195648693   0.0141315189
   0.8099999973   0.0130811927   0.0181383850   0.0130811927
   0.8149999973   0.0125769575   0.0172350576   0.0125769575
   0.8199999972   0.0124809973   0.0168354590   0.0124809973
   0.8249999972   0.0125992000   0.0168505828   0.0125992000
   0.8299999972   0.0127495425   0.0171648269   0.0127495425
   0.8349999972   0.0128190751   0.0176773526   0.0128190751
   0.8399999972   0.0127960078   0.0183313365   0.0127960078
   0.8449999972   0.0127704098   0.0191245252   0.0127704098
   0.8499999971   0.0129054690   0.0201000925   0.0129054690
   0.8549999971   0.0133890214   0.0213225355   0.0133890214
   0.8599999971   0.0143801407   0.0228475647   0.0143801407
   0.8649999971   0.0159665436   0.0246963620   0.0159665436
   0.8699999971   0.0181450178   0.0268427198   0.0181450178
   0.8749999971   0.0208298786   0.0292169895   0.0208298786
   0.8799999970   0.0238856347   0.0317249024   0.0238856347
   0.8849999970   0.0271722561   0.0342741075   0.0271722561
   0.8899999970   0.0305872317   0.0367984602   0.0305872317
   0.8949999970   0.0340895036   0.0392706719   0.0340895036
   0.8999999970   0.0376962916   0.0416977448   0.0376962916
   0.9049999970   0.0414529850   0.0440993891   0.0414529850
   0.9099999969   0.0453856655   0.0464754037   0.0453856655
   0.9149999969   0.0494522254   0.0487718228   0.0494522254
   0.9199999969   0.0535091387   0.0508562301   0.0535091387
   0.9249999969   0.0573062233   0.0525098723   0.0573062233
   0.9299999969   0.0605127159   0.0534390979   0.0605127159
   0.9349999969   0.0627677571   0.0533029971   0.0627677571
   0.9399999968   0.0637404924   0.0517498413   0.0637404924
   0.9449999968   0.0631821837   0.0484533407   0.0631821837
   0.9499999968   0.0609559251   0.0431411847   0.0609559251
   0.9549999968   0.0570375351   0.0356120347   0.0570375351
   0.9599999968   0.0514910555   0.0257416199   0.0514910555
   0.9649999968   0.0444305010   0.0134821966   0.0444305010
   0.9699999967   0.0359832366  -0.0011388304   0.0359832366
   0.9749999967   0.0262684881  -0.0180162207   0.0262684881
   0.9799999967   0.0153979237  -0.0369580376   0.0153979237
   0.9849999967   0.0034965463  -0.0576720591   0.0034965463
   0.9899999967  -0.0092654992  -0.0797519027  -0.0092654992
   0.9949999967  -0.0226435340  -0.1026687572  -0.0226435340
   0.9999999966  -0.0363037621  -0.1257741414  -0.0363037621
   1.0049999966  -0.0498307112  -0.1483169978  -0.0498307112
   1.0099999966  -0.0627565852  -0.1694754500  -0.0627565852
   1.0149999966  -0.0746055799  -0.1884006137  -0.0746055799
   1.0199999966  -0.0849421440  -0.2042677184  -0.0849421440
   1.0249999966  -0.0934119303  -0.2163288435  -0.0934119303
   1.0299999965  -0.0997674289  -0.2239617886  -0.0997674289
   1.0349999965  -0.1038755040  -0.2267106586  -0.1038755040
   1.0399999965  -0.1057092948  -0.2243152164  -0.1057092948
   1.0449999965  -0.1053304872  -0.2167275464  -0.1053304872
   1.0499999965  -0.1028689673  -0.2041158285  -0.1028689673
   1.0549999965  -0.0985054737  -0.1868559583  -0.0985054737
   1.0599999964  -0.0924600263  -0.1655123845  -0.0924600263
   1.0649999964  -0.0849858766  -0.1408099295  -0.0849858766
   1.0699999964  -0.0763665650  -0.1135985756  -0.0763665650
   1.0749999964  -0.0669129115  -0.0848132844  -0.0669129115
   1.0799999964  -0.0569573180  -0.0554308936  -0.0569573180
   1.0849999964  -0.0468440999  -0.0264260539  -0.0468440999
   1.0899999963  -0.0369160235   0.0012719229  -0.0369160235
   1.0949999963  -0.0274983087   0.0268194889  -0.0274983087
   1.0999999963  -0.0188818548   0.0494947458  -0.0188818548
   1.1049999963  -0.0113074712   0.0687269665  -0.0113074712
   1.1099999963  -0.0049526810   0.0841179845  -0.0049526810
   1.1149999963   0.0000775709   0.0954539186   0.0000775709
   1.1199999962   0.0037551722   0.1027061908   0.0037551722
   1.1249999962   0.0061271913   0.1060215701   0.0061271913
   1.1299999962   0.0073079441   0.1057019574   0.0073079441
   1.1349999962   0.0074652139   0.1021756780   0.0074652139
   1.1399999962   0.0068020980   0.0959629694   0.0068020980
   1.1449999962   0.0055369419   0.0876389552   0.0055369419
   1.1499999961   0.0038843954   0.0777975428   0.0038843954
   1.1549999961   0.0020404727   0.0670193188   0.0020404727
   1.1599999961   0.0001735484   0.0558457038   0.0001735484
   1.1649999961  -0.0015783209   0.0447605041  -0.0015783209
   1.1699999961  -0.0031050447   0.0341787912  -0.0031050447
   1.1749999961  -0.0043196793   0.0244419744  -0.0043196793
   1.1799999960  -0.0051541265   0.0158172360  -0.0051541265
   1.1849999960  -0.0055577350   0.0084992878  -0.0055577350
   1.1899999960  -0.0054997685   0.0026127150  -0.0054997685
   1.1949999960  -0.0049749407  -0.0017861069  -0.0049749407
   1.1999999960  -0.0040097233  -0.0047076233  -0.0040097233
   1.2049999960  -0.0026664460  -0.0062274805  -0.0026664460
   1.2099999959  -0.0010425587  -0.0064833661  -0.0010425587
   1.2149999959   0.0007362801  -0.0056689078   0.0007362801
   1.2199999959   0.0025288369  -0.0040236259   0.0025288369
   1.2249999959   0.0041945087  -0.0018186902   0.0041945087
   1.2299999959   0.0056098997   0.0006608557   0.0056098997
   1.2349999959   0.0066824694   0.0031359381   0.0066824694
   1.2399999958   0.0073587937   0.0053533930   0.0073587937
   1.2449999958   0.0076264304   0.0071039317   0.0076264304
   1.2499999958   0.0075099480   0.0082363349   0.0075099480
   1.2549999958   0.0070628703   0.0086666073   0.0070628703
   1.2599999958   0.0063578060   0.0083814489   0.0063578060
   1.2649999958   0.0054768283   0.0074359699   0.0054768283
   1.2699999957   0.0045034505   0.0059460279   0.0045034505
   1.2749999957   0.0035166573   0.0040758923   0.0035166573
   1.2799999957   0.0025867421   0.0020221863   0.0025867421
   1.2849999957   0.0017723653  -0.0000047121   0.0017723653
   1.2899999957   0.0011183172  -0.0018003977   0.0011183172
   1.2949999957   0.0006537825  -0.0031856736   0.0006537825
   1.2999999956   0.0003912422  -0.0040235554   0.0003912422
   1.3049999956   0.0003263304  -0.0042323624   0.0003263304
   1.3099999956   0.0004389081  -0.0037934876   0.0004389081
   1.3149999956   0.0006953856  -0.0027529331   0.0006953856
   1.3199999956   0.0010520599  -0.0012163469   0.0010520599
   1.3249999956   0.0014590712   0.0006619951   0.0014590712
   1.3299999955   0.0018645955   0.0026951650   0.0018645955
   1.3349999955   0.0022190358   0.0046828986   0.0022190358
   1.3399999955   0.0024791302   0.0064322949   0.0024791302
   1.3449999955   0.0026119405   0.0077777962   0.0026119405
   1.3499999955   0.0025985429   0.0085983839   0.0025985429
   1.3549999954   0.0024369660   0.0088301378   0.0024369660
   1.3599999954   0.0021436589   0.0084726971   0.0021436589
   1.3649999954   0.0017526984   0.0075887263   0.0017526984
   1.3699999954   0.0013121914   0.0062962242   0.0013121914
   1.3749999954   0.0008779069   0.0047543614   0.0008779069
   1.3799999954   0.0005049195   0.0031443948   0.0005049195
   1.3849999953   0.0002387356   0.0016479551   0.0002387356
   1.3899999953   0.0001077265   0.0004254724   0.0001077265
   1.3949999953   0.0001185576  -0.0004024120   0.0001185576
   1.3999999953   0.0002556617  -0.0007679725   0.0002556617
   1.4049999953   0.0004848517  -0.0006623701   0.0004848517
   1.4099999953   0.0007601669  -0.0001338412   0.0007601669
   1.4149999952   0.0010323252   0.0007213607   0.0010323252
   1.4199999952   0.0012569027   0.0017736999   0.0012569027
   1.4249999952   0.0014006319   0.0028784567   0.0014006319
   1.4299999952   0.0014448706   0.0038945579   0.0014448706
   1.4349999952   0.0013861071   0.0047016132   0.0013861071
   1.4399999952   0.0012340624   0.0052131075   0.0012340624
   1.4449999951   0.0010083450   0.0053844122   0.0010083450
   1.4499999951   0.0007346409   0.0052150813   0.0007346409
   1.4549999951   0.0004411664   0.0047456588   0.0004411664
   1.4599999951   0.0001557326   0.0040498512   0.0001557326
   1.4649999951  -0.0000965640   0.0032233536  -0.0000965640
   1.4699999951  -0.0002951664   0.0023708768  -0.0002951664
   1.4749999950  -0.0004255223   0.0015929858  -0.0004255223
   1.4799999950  -0.0004801712   0.0009742855  -0.0004801712
   1.4849999950  -0.0004592945   0.0005742526  -0.0004592945
   1.4899999950  -0.0003705266   0.0004216639  -0.0003705266
   1.4949999950  -0.0002279179   0.0005131077  -0.0002279179
   1.4999999950  -0.0000501328   0.0008155441  -0.0000501328
   1.5049999949   0.0001418238   0.0012723619   0.0001418238
   1.5099999949   0.0003269433   0.0018119419   0.0003269433
   1.5149999949   0.0004862234   0.0023574594   0.0004862234
   1.5199999949   0.0006041233   0.0028365831   0.0006041233
   1.5249999949   0.0006694496   0.0031898604   0.0006694496
   1.5299999949   0.0006758370   0.0033768825   0.0006758370
   1.5349999948   0.0006220370   0.0033797113   0.0006220370
   1.5399999948   0.0005121371   0.0032034472   0.0005121371
   1.5449999948   0.0003556431   0.0028741552   0.0003556431
   1.5499999948   0.0001671781   0.0024346005   0.0001671781
   1.5549999948  -0.0000345116   0.0019383958  -0.0000345116
   1.5599999948  -0.0002284402   0.0014432395  -0.0002284402
   1.5649999947  -0.0003940789   0.0010039643  -0.0003940789
   1.5699999947  -0.0005144525   0.0006661326  -0.0005144525
   1.5749999947  -0.0005789599   0.0004608891  -0.0005789599
   1.5799999947  -0.0005851803   0.0004016913  -0.0005851803
   1.5849999947  -0.0005391126   0.0004833479  -0.0005391126
   1.5899999947  -0.0004536935   0.0006835111  -0.0004536935
   1.5949999946  -0.0003459218   0.0009664113  -0.0003459218
   1.5999999946  -0.0002333126   0.0012882635  -0.0002333126
   1.6049999946  -0.0001305863   0.0016035009  -0.0001305863
   1.6099999946  -0.0000473939   0.0018708601  -0.0000473939
   1.6149999946   0.0000124638   0.0020584073   0.0000124638
   1.6199999946   0.0000503204   0.0021468293   0.0000503204
   1.6249999945   0.0000708480   0.0021306644   0.0000708480
   1.6299999945   0.0000798347   0.0020175247   0.0000798347
   1.6349999945   0.0000821999   0.0018256861   0.0000821999
   1.6399999945   0.0000807144   0.0015806207   0.0000807144
   1.6449999945   0.0000755989   0.0013111091   0.0000755989
   1.6499999945   0.0000648897   0.0010455090   0.0000648897
   1.6549999944   0.0000452912   0.0008086159   0.0000452912
   1.6599999944   0.0000132078   0.0006193846   0.0000132078
   1.6649999944  -0.0000342741   0.0004896234  -0.0000342741
   1.6699999944  -0.0000985604   0.0004236514  -0.0000985604
   1.6749999944  -0.0001789059   0.0004188179  -0.0001789059
   1.6799999944  -0.0002719639   0.0004667179  -0.0002719639
   1.6849999943  -0.0003715924   0.0005548834  -0.0003715924
   1.6899999943  -0.0004690411   0.0006686934  -0.0004690411
   1.6949999943  -0.0005536506   0.0007932289  -0.0005536506
   1.6999999943  -0.0006141169   0.0009148254  -0.0006141169
   1.7049999943  -0.0006402145   0.0010221399  -0.0006402145
   1.7099999943  -0.0006246873   0.0011066642  -0.0006246873
   1.7149999942  -0.0005648848   0.0011627385  -0.0005648848
   1.7199999942  -0.0004637165   0.0011872298  -0.0004637165
   1.7249999942  -0.0003296277   0.0011790958  -0.0003296277
   1.7299999942  -0.0001755512   0.0011390382  -0.0001755512
   1.7349999942  -0.0000170618   0.0010693635  -0.0000170618
   1.7399999942   0.0001298291   0.0009740455   0.0001298291
   1.7449999941   0.0002507343   0.0008588647   0.0002507343
   1.7499999941   0.0003344001   0.0007314309   0.0003344001
   1.7549999941   0.0003734740   0.0006009077   0.0003734740
   1.7599999941   0.0003645946   0.0004773438   0.0003645946
   1.7649999941   0.0003080612   0.0003706515   0.0003080612
   1.7699999941   0.0002074036   0.0002894042   0.0002074036
   1.7749999940   0.0000690884   0.0002397044   0.0000690884
   1.7799999940  -0.0000975839   0.0002243752  -0.0000975839
   1.7849999940  -0.0002805323   0.0002426481  -0.0002805323
   1.7899999940  -0.0004651669   0.0002903903  -0.0004651669
   1.7949999940  -0.0006351375   0.0003607834  -0.0006351375
   1.7999999940  -0.0007736801   0.0004452734  -0.0007736801
   1.8049999939  -0.0008654686   0.0005345856  -0.0008654686
   1.8099999939  -0.0008986690   0.0006196392  -0.0008986690
   1.8149999939  -0.0008667765   0.0006922724  -0.0008667765
   1.8199999939  -0.0007698306   0.0007457674  -0.0007698306
   1.8249999939  -0.0006147422   0.0007752162  -0.0006147422
   1.8299999939  -0.0004146799   0.0007777731  -0.0004146799
   1.8349999938  -0.0001876647   0.0007528115  -0.0001876647
   1.8399999938   0.0000453457   0.0007019656   0.0000453457
   1.8449999938   0.0002625735   0.0006290143   0.0002625735
   1.8499999938   0.0004434872   0.0005395706   0.0004434872
   1.8549999938   0.0005706621   0.0004405816   0.0005706621
   1.8599999938   0.0006313583   0.0003396897   0.0006313583
   1.8649999937   0.0006187643   0.0002445478   0.0006187643
   1.8699999937   0.0005328246   0.0001621876   0.0005328246
   1.8749999937   0.0003805232   0.0000985114   0.0003805232
   1.8799999937   0.0001754784   0.0000579328   0.0001754784
   1.8849999937  -0.0000632400   0.0000431401  -0.0000632400
   1.8899999937  -0.0003130355   0.0000549340  -0.0003130355
   1.8949999936  -0.0005502395   0.0000921009  -0.0005502395
   1.8999999936  -0.0007527389   0.0001513297  -0.0007527389
   1.9049999936  -0.0009023447   0.0002272261  -0.0009023447
   1.9099999936  -0.0009865191   0.0003125174  -0.0009865191
   1.9149999936  -0.0009992337   0.0003985337  -0.0009992337
   1.9199999936  -0.0009409442   0.0004759952  -0.0009409442
   1.9249999935  -0.0008178693   0.0005360534  -0.0008178693
   1.9299999935  -0.0006408760   0.0005714368  -0.0006408760
   1.9349999935  -0.0004242785   0.0005774919  -0.0004242785
   1.9399999935  -0.0001847511   0.0005529001  -0.0001847511
   1.9449999935   0.0000595987   0.0004999074   0.0000595987
   1.9499999935   0.0002900937   0.0004240065   0.0002900937
   1.9549999934   0.0004884479   0.0003331362   0.0004884479
   1.9599999934   0.0006379473   0.0002365632   0.0006379473
   1.9649999934   0.0007248576   0.0001436678   0.0007248576
   1.9699999934   0.0007399109   0.0000628466   0.0007399109
   1.9749999934   0.0006796101   0.0000006852   0.0006796101
   1.9799999934   0.0005470545  -0.0000385297   0.0005470545
   1.9849999933   0.0003520559  -0.0000529749   0.0003520559
   1.9899999933   0.0001104560  -0.0000431964   0.0001104560
   1.9949999933  -0.0001572775  -0.0000118381  -0.0001572775
   1.9999999933  -0.0004279642   0.0000367465  -0.0004279642
   2.0049999933  -0.0006778566   0.0000969626  -0.0006778566
   2.0099999933  -0.0008847585   0.0001625101  -0.0008847585
   2.0149999932  -0.0010299217   0.0002269694  -0.0010299217
   2.0199999932  -0.0010996159   0.0002843974  -0.0010996159
   2.0249999932  -0.0010863208   0.0003298699  -0.0010863208
   2.0299999932  -0.0009895004   0.0003598895  -0.0009895004
   2.0349999932  -0.0008158986   0.0003725938  -0.0008158986
   2.0399999931  -0.0005792630   0.0003677399  -0.0005792630
   2.0449999931  -0.0002994090   0.0003464956  -0.0002994090
   2.0499999931  -0.0000005994   0.0003111154  -0.0000005994
   2.0549999931   0.0002906749   0.0002646010   0.0002906749
   2.0599999931   0.0005482865   0.0002104247   0.0005482865
   2.0649999931   0.0007491022   0.0001523514   0.0007491022
   2.0699999930   0.0008752817   0.0000943315   0.0008752817
   2.0749999930   0.0009159266   0.0000404000   0.0009159266
   2.0799999930   0.0008678954  -0.0000054964   0.0008678954
   2.0849999930   0.0007357702  -0.0000397862   0.0007357702
   2.0899999930   0.0005311103  -0.0000596616   0.0005311103
   2.0949999930   0.0002712118  -0.0000634923   0.0002712118
   2.0999999929  -0.0000224051  -0.0000511544  -0.0000224051
   2.1049999929  -0.0003256278  -0.0000241638  -0.0003256278
   2.1099999929  -0.0006134374   0.0000144502  -0.0006134374
   2.1149999929  -0.0008616501   0.0000605236  -0.0008616501
   2.1199999929  -0.0010487232   0.0001093136  -0.0010487232
   2.1249999929  -0.0011575753   0.0001561074  -0.0011575753
   2.1299999928  -0.0011772776   0.0001967570  -0.0011772776
   2.1349999928  -0.0011043889   0.0002280460  -0.0011043889
   2.1399999928  -0.0009436752   0.0002478534  -0.0009436752
   2.1449999928  -0.0007080083   0.0002551430  -0.0007080083
   2.1499999928  -0.0004173596   0.0002498443  -0.0004173596
   2.1549999928  -0.0000969693   0.0002327013  -0.0000969693
   2.1599999927   0.0002250800   0.0002051443   0.0002250800
   2.1649999927   0.0005205592   0.0001691970   0.0005205592
   2.1699999927   0.0007637205   0.0001273989   0.0007637205
   2.1749999927   0.0009335712   0.0000827017   0.0009335712
   2.1799999927   0.0010156101   0.0000383059   0.0010156101
   2.1849999927   0.0010029408  -0.0000025684   0.0010029408
   2.1899999926   0.0008967485  -0.0000369500   0.0008967485
   2.1949999926   0.0007061603  -0.0000623760   0.0007061603
   2.1999999926   0.0004475076  -0.0000770906   0.0004475076
   2.2049999926   0.0001430124  -0.0000801530   0.0001430124
   2.2099999926  -0.0001810587  -0.0000714568  -0.0001810587
   2.2149999926  -0.0004966740  -0.0000516894  -0.0004966740
   2.2199999925  -0.0007765657  -0.0000222738  -0.0007765657
   2.2249999925  -0.0009967494   0.0000146816  -0.0009967494
   2.2299999925  -0.0011387317   0.0000564253  -0.0011387317
   2.2349999925  -0.0011911276   0.0000996336  -0.0011911276
   2.2399999925  -0.0011504967   0.0001405619  -0.0011504967
   2.2449999925  -0.0010213420   0.0001753164  -0.0010213420
   2.2499999924  -0.0008153569   0.0002002538  -0.0008153569
   2.2549999924  -0.0005501097   0.0002124580  -0.0005501097
   2.2599999924  -0.0002473985   0.0002102044  -0.0002473985
   2.2649999924   0.0000685176   0.0001932955   0.0000685176
   2.2699999924   0.0003726757   0.0001631756   0.0003726757
   2.2749999924   0.0006410980   0.0001227788   0.0006410980
   2.2799999923   0.0008524076   0.0000761344   0.0008524076
   2.2849999923   0.0009893634   0.0000278150   0.0009893634
   2.2899999923   0.0010402592  -0.0000176528   0.0010402592
   2.2949999923   0.0010000655  -0.0000563024   0.0010000655
   2.2999999923   0.0008711393  -0.0000850845   0.0008711393
   2.3049999923   0.0006633279  -0.0001020465   0.0006633279
   2.3099999922   0.0003933540  -0.0001063581   0.0003933540
   2.3149999922   0.0000834784  -0.0000982378   0.0000834784
   2.3199999922  -0.0002404349  -0.0000788351  -0.0002404349
   2.3249999922  -0.0005512243  -0.0000501015  -0.0005512243
   2.3299999922  -0.0008228278  -0.0000146520  -0.0008228278
   2.3349999922  -0.0010325101   0.0000244015  -0.0010325101
   2.3399999921  -0.0011627144   0.0000636680  -0.0011627144
   2.3449999921  -0.0012024247   0.0000997521  -0.0012024247
   2.3499999921  -0.0011479888   0.0001295659  -0.0011479888
   2.3549999921  -0.0010033992   0.0001506297  -0.0010033992
   2.3599999921  -0.0007800368   0.0001613076  -0.0007800368
   2.3649999921  -0.0004958741   0.0001609337  -0.0004958741
   2.3699999920  -0.0001741456   0.0001498108  -0.0001741456
   2.3749999920   0.0001584820   0.0001291018   0.0001584820
   2.3799999920   0.0004741363   0.0001006536   0.0004741363
   2.3849999920   0.0007461800   0.0000668033   0.0007461800
   2.3899999920   0.0009516165   0.0000302030   0.0009516165
   2.3949999920   0.0010731769  -0.0000063292   0.0010731769
   2.3999999919   0.0011008413  -0.0000399486   0.0011008413
   2.4049999919   0.0010326257  -0.0000679456   0.0010326257
   2.4099999919   0.0008745865  -0.0000879507   0.0008745865
   2.4149999919   0.0006401100  -0.0000981827   0.0006401100
   2.4199999919   0.0003486340  -0.0000977004   0.0003486340
   2.4249999919   0.0000239849  -0.0000865976   0.0000239849
   2.4299999918  -0.0003075048  -0.0000660732  -0.0003075048
   2.4349999918  -0.0006189730  -0.0000383314  -0.0006189730
   2.4399999918  -0.0008850149  -0.0000063099  -0.0008850149
   2.4449999918  -0.0010836099   0.0000267186  -0.0010836099
   2.4499999918  -0.0011979021   0.0000575861  -0.0011979021
   2.4549999918  -0.0012177049   0.0000836173  -0.0012177049
   2.4599999917  -0.0011405659   0.0001028882  -0.0011405659
   2.4649999917  -0.0009722194   0.0001143210  -0.0009722194
   2.4699999917  -0.0007262947   0.0001176311  -0.0007262947
   2.4749999917  -0.0004232404   0.0001131767  -0.0004232404
   2.4799999917  -0.0000885399   0.0001017818  -0.0000885399
   2.4849999917   0.0002495906   0.0000845860   0.0002495906
   2.4899999916   0.0005627518   0.0000629488   0.0005627518
   2.4949999916   0.0008248672   0.0000383999   0.0008248672
   2.4999999916   0.0010143866   0.0000126045   0.0010143866
   2.5049999916   0.0011160026  -0.0000126912   0.0011160026
   2.5099999916   0.0011217798  -0.0000357533   0.0011217798
   2.5149999916   0.0010316700  -0.0000549888   0.0010316700
   2.5199999915   0.0008534253  -0.0000690807   0.0008534253
   2.5249999915   0.0006019440  -0.0000770974   0.0006019440
   2.5299999915   0.0002980843  -0.0000785504   0.0002980843
   2.5349999915  -0.0000329989  -0.0000733958  -0.0000329989
   2.5399999915  -0.0003639073  -0.0000619975  -0.0003639073
   2.5449999915  -0.0006672996  -0.0000450820  -0.0006672996
   2.5499999914  -0.0009182373  -0.0000237090  -0.0009182373
   2.5549999914  -0.0010963357   0.0000007356  -0.0010963357
   2.5599999914  -0.0011874850   0.0000265430  -0.0011874850
   2.5649999914  -0.0011849515   0.0000517164  -0.0011849515
   2.5699999914  -0.0010897669   0.0000740756  -0.0010897669
   2.5749999914  -0.0009104119   0.0000914487  -0.0009104119
   2.5799999913  -0.0006618983   0.0001019379  -0.0006618983
   2.5849999913  -0.0003644037   0.0001042111  -0.0003644037
   2.5899999913  -0.0000416269   0.0000977522  -0.0000416269
   2.5949999913   0.0002809997   0.0000829998   0.0002809997
   2.5999999913   0.0005781410   0.0000613319   0.0005781410
   2.6049999913   0.0008263684   0.0000348909   0.0008263684
   2.6099999912   0.0010058845   0.0000062877   0.0010058845
   2.6149999912   0.0011020794  -0.0000217489   0.0011020794
   2.6199999912   0.0011067984  -0.0000467013   0.0011067984
   2.6249999912   0.0010191751  -0.0000665131   0.0010191751
   2.6299999912   0.0008458902  -0.0000797307   0.0008458902
   2.6349999912   0.0006007624  -0.0000855458   0.0006007624
   2.6399999911   0.0003036643  -0.0000837687   0.0003036643
   2.6449999911  -0.0000211498  -0.0000747737  -0.0000211498
   2.6499999911  -0.0003471262  -0.0000594402  -0.0003471262
   2.6549999911  -0.0006476766  -0.0000390994  -0.0006476766
   2.6599999911  -0.0008983917  -0.0000154683  -0.0008983917
   2.6649999911  -0.0010790020   0.0000094492  -0.0010790020
   2.6699999910  -0.0011749451   0.0000335128  -0.0011749451
   2.6749999910  -0.0011784553   0.0000546431  -0.0011784553
   2.6799999910  -0.0010891380   0.0000710378  -0.0010891380
   2.6849999910  -0.0009140137   0.0000813677  -0.0009140137
   2.6899999910  -0.0006670247   0.0000849074  -0.0006670247
   2.6949999909  -0.0003680124   0.0000815768  -0.0003680124
   2.6999999909  -0.0000411943   0.0000718928  -0.0000411943
   2.7049999909   0.0002867779   0.0000568567   0.0002867779
   2.7099999909   0.0005890400   0.0000378155   0.0005890400
   2.7149999909   0.0008408141   0.0000163322   0.0008408141
   2.7199999909   0.0010215492  -0.0000059169   0.0010215492
   2.7249999908   0.0011166732  -0.0000272216   0.0011166732
   2.7299999908   0.0011187738  -0.0000459171   0.0011187738
   2.7349999908   0.0010281085  -0.0000604839   0.0010281085
   2.7399999908   0.0008524368  -0.0000696817   0.0008524368
   2.7449999908   0.0006062477  -0.0000727025   0.0006062477
   2.7499999908   0.0003095030  -0.0000693099   0.0003095030
   2.7549999907  -0.0000139669  -0.0000599172  -0.0000139669
   2.7599999907  -0.0003382920  -0.0000455698  -0.0003382920
   2.7649999907  -0.0006375117  -0.0000278160  -0.0006375117
   2.7699999907  -0.0008875477  -0.0000084888  -0.0008875477
   2.7749999907  -0.0010680970   0.0000105562  -0.0010680970
   2.7799999907  -0.0011643146   0.0000276840  -0.0011643146
   2.7849999906  -0.0011681328   0.0000416518  -0.0011681328
   2.7899999906  -0.0010790597   0.0000516799  -0.0010790597
   2.7949999906  -0.0009043295   0.0000574246  -0.0009043295
   2.7999999906  -0.0006583445   0.0000588869  -0.0006583445
   2.8049999906  -0.0003614391   0.0000563011  -0.0003614391
   2.8099999906  -0.0000380919   0.0000500463  -0.0000380919
   2.8149999905   0.0002852152   0.0000406044   0.0002852152
   2.8199999905   0.0005822587   0.0000285613   0.0005822587
   2.8249999905   0.0008292318   0.0000146298   0.0008292318
   2.8299999905   0.0010066150  -0.0000003364   0.0010066150
   2.8349999905   0.0011006383  -0.0000153626   0.0011006383
   2.8399999905   0.0011042602  -0.0000294137   0.0011042602
   2.8449999904   0.0010176359  -0.0000414830   0.0010176359
   2.8499999904   0.0008480621  -0.0000506878   0.0008480621
   2.8549999904   0.0006094008  -0.0000563446   0.0006094008
   2.8599999904   0.0003210024  -0.0000580120   0.0003210024
   2.8649999904   0.0000061767  -0.0000555026   0.0000061767
   2.8699999904  -0.0003096905  -0.0000488795  -0.0003096905
   2.8749999903  -0.0006012280  -0.0000384564  -0.0006012280
   2.8799999903  -0.0008451837  -0.0000248110  -0.0008451837
   2.8849999903  -0.0010223355  -0.0000088073  -0.0010223355
   2.8899999903  -0.0011190181   0.0000083965  -0.0011190181
   2.8949999903  -0.0011281288   0.0000253833  -0.0011281288
   2.8999999903  -0.0010495490   0.0000405787  -0.0010495490
   2.9049999902  -0.0008899916   0.0000524220  -0.0008899916
   2.9099999902  -0.0006623436   0.0000595825  -0.0006623436
   2.9149999902  -0.0003846002   0.0000611760  -0.0003846002
   2.9199999902  -0.0000784927   0.0000569277  -0.0000784927
   2.9249999902   0.0002321034   0.0000472356   0.0002321034
   2.9299999902   0.0005229025   0.0000331185   0.0005229025
   2.9349999901   0.0007710086   0.0000160577   0.0007710086
   2.9399999901   0.0009566824  -0.0000022231   0.0009566824
   2.9449999901   0.0010649514  -0.0000199902   0.0010649514
   2.9499999901   0.0010869114  -0.0000356930   0.0010869114
   2.9549999901   0.0010205699  -0.0000480927   0.0010205699
   2.9599999901   0.0008711087  -0.0000563213   0.0008711087
   2.9649999900   0.0006505085  -0.0000598898   0.0006505085
   2.9699999900   0.0003765559  -0.0000586725   0.0003765559
   2.9749999900   0.0000713383  -0.0000528878   0.0000713383
   2.9799999900  -0.0002406136  -0.0000430844  -0.0002406136
   2.9849999900  -0.0005343437  -0.0000301210  -0.0005343437
   2.9899999900  -0.0007864651  -0.0000151243  -0.0007864651
   2.9949999899  -0.0009769782   0.0000005914  -0.0009769782
   2.9999999899  -0.0010907947   0.0000156465  -0.0010907947
   3.0049999899  -0.0011188853   0.0000287435  -0.0011188853
   3.0099999899  -0.0010589874   0.0000388132  -0.0010589874
   3.0149999899  -0.0009158231   0.0000451260  -0.0009158231
   3.0199999899  -0.0007007913   0.0000473456  -0.0007007913
   3.0249999898  -0.0004311210   0.0000455183  -0.0004311210
   3.0299999898  -0.0001285190   0.0000400116  -0.0001285190
   3.0349999898   0.0001825991   0.0000314280   0.0001825991
   3.0399999898   0.0004771450   0.0000205223   0.0004771450
   3.0449999898   0.0007314658   0.0000081416   0.0007314658
   3.0499999898   0.0009253128  -0.0000048089   0.0009253128
   3.0549999897   0.0010434778  -0.0000173885   0.0010434778
   3.0599999897   0.0010769552  -0.0000286530   0.0010769552
   3.0649999897   0.0010235531  -0.0000377121   0.0010235531
   3.0699999897   0.0008879438  -0.0000438169   0.0008879438
   3.0749999897   0.0006811963  -0.0000464611   0.0006811963
   3.0799999897   0.0004198593  -0.0000454697   0.0004198593
   3.0849999896   0.0001246777  -0.0000410416   0.0001246777
   3.0899999896  -0.0001809789  -0.0000337271  -0.0001809789
   3.0949999896  -0.0004728881  -0.0000243383  -0.0004728881
   3.0999999896  -0.0007278479  -0.0000138149  -0.0007278479
   3.1049999896  -0.0009255267  -0.0000030804  -0.0009255267
   3.1099999896  -0.0010501395   0.0000070716  -0.0010501395
   3.1149999895  -0.0010917901   0.0000160357  -0.0010917901
   3.1199999895  -0.0010473304   0.0000233920  -0.0010473304
   3.1249999895  -0.0009206299   0.0000288599  -0.0009206299
   3.1299999895  -0.0007222203   0.0000322390  -0.0007222203
   3.1349999895  -0.0004683524   0.0000333699  -0.0004683524
   3.1399999895  -0.0001795774   0.0000321332  -0.0001795774
   3.1449999894   0.0001209907   0.0000284880   0.0001209907
   3.1499999894   0.0004095574   0.0000225303   0.0004095574
   3.1549999894   0.0006635118   0.0000145451   0.0006635118
   3.1599999894   0.0008631386   0.0000050261   0.0008631386
   3.1649999894   0.0009930755  -0.0000053494   0.0009930755
   3.1699999894   0.0010434401  -0.0000157853   0.0010434401
   3.1749999893   0.0010105636  -0.0000254516   0.0010105636
   3.1799999893   0.0008972789  -0.0000335691   0.0008972789
   3.1849999893   0.0007127258  -0.0000394735   0.0007127258
   3.1899999893   0.0004716571  -0.0000426557   0.0004716571
   3.1949999893   0.0001932775  -0.0000427848   0.0001932775
   3.1999999893  -0.0001003049  -0.0000397262  -0.0001003049
   3.2049999892  -0.0003858794  -0.0000335671  -0.0003858794
   3.2099999892  -0.0006410176  -0.0000246472  -0.0006410176
   3.2149999892  -0.0008458605  -0.0000135839  -0.0008458605
   3.2199999892  -0.0009846492  -0.0000012685  -0.0009846492
   3.2249999892  -0.0010468804   0.0000111848  -0.0010468804
   3.2299999892  -0.0010280220   0.0000225469  -0.0010280220
   3.2349999891  -0.0009297717   0.0000316284  -0.0009297717
   3.2399999891  -0.0007598751   0.0000374525  -0.0007598751
   3.2449999891  -0.0005315369   0.0000394071  -0.0005315369
   3.2499999891  -0.0002624636   0.0000373388  -0.0002624636
   3.2549999891   0.0000264185   0.0000315659   0.0000264185
   3.2599999891   0.0003125103   0.0000228096   0.0003125103
   3.2649999890   0.0005732709   0.0000120632   0.0005732709
   3.2699999890   0.0007880092   0.0000004365   0.0007880092
   3.2749999890   0.0009395895  -0.0000109895   0.0009395895
   3.2799999890   0.0010158816  -0.0000212687   0.0010158816
   3.2849999890   0.0010108036  -0.0000296482   0.0010108036
   3.2899999890   0.0009248413  -0.0000355860   0.0009248413
   3.2949999889   0.0007649908  -0.0000387478   0.0007649908
   3.2999999889   0.0005441421  -0.0000389998   0.0005441421
   3.3049999889   0.0002799790  -0.0000364097   0.0002799790
   3.3099999889  -0.0000064819  -0.0000312526  -0.0000064819
   3.3149999889  -0.0002925758  -0.0000240087  -0.0002925758
   3.3199999889  -0.0005557616  -0.0000153380  -0.0005557616
   3.3249999888  -0.0007753554  -0.0000060227  -0.0007753554
   3.3299999888  -0.0009341164   0.0000031192  -0.0009341164
   3.3349999888  -0.0010195857   0.0000113312  -0.0010195857
   3.3399999888  -0.0010250812   0.0000180053  -0.0010250812
   3.3449999888  -0.0009502637   0.0000227339  -0.0009502637
   3.3499999888  -0.0008012058   0.0000253194  -0.0008012058
   3.3549999887  -0.0005899298   0.0000257448  -0.0005899298
   3.3599999887  -0.0003334334   0.0000241242  -0.0003334334
   3.3649999887  -0.0000522805   0.0000206559  -0.0000522805
   3.3699999887   0.0002311131   0.0000155965   0.0002311131
   3.3749999887   0.0004943281   0.0000092611   0.0004943281
   3.3799999886   0.0007167501   0.0000020402   0.0007167501
   3.3849999886   0.0008811750  -0.0000055855   0.0008811750
   3.3899999886   0.0009750919  -0.0000130533   0.0009750919
   3.3949999886   0.0009915662  -0.0000197598   0.0009915662
   3.3999999886   0.0009296904  -0.0000251322   0.0009296904
   3.4049999886   0.0007945977  -0.0000287113   0.0007945977
   3.4099999885   0.0005970535  -0.0000302209   0.0005970535
   3.4149999885   0.0003526474  -0.0000296017   0.0003526474
   3.4199999885   0.0000806269  -0.0000269994   0.0000806269
   3.4249999885  -0.0001975704  -0.0000227134  -0.0001975704
   3.4299999885  -0.0004599920  -0.0000171253  -0.0004599920
   3.4349999885  -0.0006859281  -0.0000106332  -0.0006859281
   3.4399999884  -0.0008575980  -0.0000036134  -0.0008575980
   3.4449999884  -0.0009616034   0.0000035845  -0.0009616034
   3.4499999884  -0.0009900056   0.0000106154  -0.0009900056
   3.4549999884  -0.0009409238   0.0000171083  -0.0009409238
   3.4599999884  -0.0008186113   0.0000226518  -0.0008186113
   3.4649999884  -0.0006330260   0.0000268100  -0.0006330260
   3.4699999883  -0.0003989626   0.0000291713  -0.0003989626
   3.4749999883  -0.0001348430   0.0000294188  -0.0001348430
   3.4799999883   0.0001387231   0.0000274004   0.0001387231
   3.4849999883   0.0004005021   0.0000231748   0.0004005021
   3.4899999883   0.0006302238   0.0000170196   0.0006302238
   3.4949999883   0.0008100976   0.0000093994   0.0008100976
   3.4999999882   0.0009261639   0.0000009049   0.0009261639
   3.5049999882   0.0009693826  -0.0000078193   0.0009693826
   3.5099999882   0.0009363660  -0.0000161391   0.0009363660
   3.5149999882   0.0008296764  -0.0000234780   0.0008296764
   3.5199999882   0.0006576432  -0.0000293473   0.0006576432
   3.5249999882   0.0004337007  -0.0000333674   0.0004337007
   3.5299999881   0.0001753008  -0.0000352914   0.0001753008
   3.5349999881  -0.0000974962  -0.0000350347  -0.0000974962
   3.5399999881  -0.0003636181  -0.0000327075  -0.0003636181
   3.5449999881  -0.0006026198  -0.0000286342  -0.0006026198
   3.5499999881  -0.0007962311  -0.0000233448  -0.0007962311
   3.5549999881  -0.0009297047  -0.0000175230  -0.0009297047
   3.5599999880  -0.0009928860  -0.0000119134  -0.0009928860
   3.5649999880  -0.0009809495  -0.0000072015  -0.0009809495
   3.5699999880  -0.0008947659  -0.0000038937  -0.0008947659
   3.5749999880  -0.0007408720  -0.0000022287  -0.0007408720
   3.5799999880  -0.0005310300  -0.0000021426  -0.0005310300
   3.5849999880  -0.0002813809  -0.0000032971  -0.0002813809
   3.5899999879  -0.0000112267  -0.0000051591  -0.0000112267
   3.5949999879   0.0002584787  -0.0000071096   0.0002584787
   3.5999999879   0.0005068139  -0.0000085509   0.0005068139
   3.6049999879   0.0007145945  -0.0000089890   0.0007145945
   3.6099999879   0.0008659361  -0.0000080791   0.0008659361
   3.6149999879   0.0009495247  -0.0000056364   0.0009495247
   3.6199999878   0.0009594794  -0.0000016265   0.0009594794
   3.6249999878   0.0008957450   0.0000038492   0.0008957450
   3.6299999878   0.0007640054   0.0000105619   0.0007640054
   3.6349999878   0.0005751517   0.0000181559   0.0005751517
   3.6399999878   0.0003443710   0.0000261502   0.0003443710
   3.6449999878   0.0000899376   0.0000339525   0.0000899376
   3.6499999877  -0.0001682047   0.0000408965  -0.0001682047
   3.6549999877  -0.0004099773   0.0000463023  -0.0004099773
   3.6599999877  -0.0006167175   0.0000495527  -0.0006167175
   3.6649999877  -0.0007726357   0.0000501665  -0.0007726357
   3.6699999877  -0.0008660647   0.0000478526  -0.0008660647
   3.6749999877  -0.0008903870   0.0000425327  -0.0008903870
   3.6799999876  -0.0008445474   0.0000343320  -0.0008445474
   3.6849999876  -0.0007330947   0.0000235470  -0.0007330947
   3.6899999876  -0.0005657467   0.0000106080  -0.0005657467
   3.6949999876  -0.0003565255  -0.0000039491  -0.0003565255
   3.6999999876  -0.0001225571  -0.0000194949  -0.0001225571
   3.7049999876   0.0001173426  -0.0000353049   0.0001173426
   3.7099999875   0.0003441654  -0.0000505586   0.0003441654
   3.7149999875   0.0005401706  -0.0000643550   0.0005401706
   3.7199999875   0.0006902083  -0.0000757585   0.0006902083
   3.7249999875   0.0007828276  -0.0000838752   0.0007828276
   3.7299999875   0.0008111108  -0.0000879504   0.0008111108
   3.7349999875   0.0007731850  -0.0000874645   0.0007731850
   3.7399999874   0.0006723734  -0.0000822070   0.0006723734
   3.7449999874   0.0005169595  -0.0000723092   0.0005169595
   3.7499999874   0.0003195601  -0.0000582320   0.0003195601
   3.7549999874   0.0000961363  -0.0000407172   0.0000961363
   3.7599999874  -0.0001352897  -0.0000207186  -0.0001352897
   3.7649999874  -0.0003561040   0.0000006687  -0.0003561040
   3.7699999873  -0.0005486220   0.0000222669  -0.0005486220
   3.7749999873  -0.0006975179   0.0000428612  -0.0006975179
   3.7799999873  -0.0007910332   0.0000612414  -0.0007910332
   3.7849999873  -0.0008218644   0.0000762508  -0.0008218644
   3.7899999873  -0.0007876741   0.0000868533  -0.0007876741
   3.7949999873  -0.0006912071   0.0000922204  -0.0006912071
   3.7999999872  -0.0005400289   0.0000918253  -0.0005400289
   3.8049999872  -0.0003459213   0.0000855270  -0.0003459213
   3.8099999872  -0.0001239852   0.0000736206  -0.0001239852
   3.8149999872   0.0001084938   0.0000568399   0.0001084938
   3.8199999872   0.0003333511   0.0000363058   0.0003333511
   3.8249999872   0.0005329368   0.0000134314   0.0005329368
   3.8299999871   0.0006915006  -0.0000102008   0.0006915006
   3.8349999871   0.0007964556  -0.0000329669   0.0007964556
   3.8399999871   0.0008394042  -0.0000533207   0.0008394042
   3.8449999871   0.0008168282  -0.0000698944   0.0008168282
   3.8499999871   0.0007303726  -0.0000815818   0.0007303726
   3.8549999871   0.0005866973  -0.0000876071   0.0005866973
   3.8599999870   0.0003969210  -0.0000875843   0.0003969210
   3.8649999870   0.0001757181  -0.0000815605   0.0001757181
   3.8699999870  -0.0000598396  -0.0000700373  -0.0000598396
   3.8749999870  -0.0002915983  -0.0000539540  -0.0002915983
   3.8799999870  -0.0005016925  -0.0000346235  -0.0005016925
   3.8849999870  -0.0006738840  -0.0000136180  -0.0006738840
   3.8899999869  -0.0007947843   0.0000073836  -0.0007947843
   3.8949999869  -0.0008548864   0.0000267654  -0.0008548864
   3.8999999869  -0.0008493310   0.0000431333  -0.0008493310
   3.9049999869  -0.0007783389   0.0000554347  -0.0007783389
   3.9099999869  -0.0006472559   0.0000630246  -0.0006472559
   3.9149999869  -0.0004661823   0.0000656730  -0.0004661823
   3.9199999868  -0.0002491975   0.0000635265  -0.0002491975
   3.9249999868  -0.0000132385   0.0000570421  -0.0000132385
   3.9299999868   0.0002232717   0.0000469130   0.0002232717
   3.9349999868   0.0004419147   0.0000340024   0.0004419147
   3.9399999868   0.0006257481   0.0000192869   0.0006257481
   3.9449999868   0.0007606271   0.0000038074   0.0007606271
   3.9499999867   0.0008362726  -0.0000113832   0.0008362726
   3.9549999867   0.0008470149  -0.0000252811   0.0008470149
   3.9599999867   0.0007921776  -0.0000370013   0.0007921776
   3.9649999867   0.0006760903  -0.0000458487   0.0006760903
   3.9699999867   0.0005077423  -0.0000513744   0.0005077423
   3.9749999867   0.0003001027  -0.0000534060   0.0003001027
   3.9799999866   0.0000691459  -0.0000520420   0.0000691459
   3.9849999866  -0.0001673566  -0.0000476150  -0.0001673566
   3.9899999866  -0.0003912011  -0.0000406323  -0.0003912011
   3.9949999866  -0.0005851683  -0.0000317126  -0.0005851683
   3.9999999866  -0.0007343759  -0.0000215301  -0.0007343759
   4.0049999866  -0.0008274458  -0.0000107754  -0.0008274458
   4.0099999865  -0.0008573814  -0.0000001308  -0.0008573814
   4.0149999865  -0.0008220788   0.0000097503  -0.0008220788
   4.0199999865  -0.0007244379   0.0000182682  -0.0007244379
   4.0249999865  -0.0005720805   0.0000249144  -0.0005720805
   4.0299999865  -0.0003767199   0.0000293184  -0.0003767199
   4.0349999864  -0.0001532461   0.0000312938  -0.0001532461
   4.0399999864   0.0000813946   0.0000308684   0.0000813946
   4.0449999864   0.0003094484   0.0000282853   0.0003094484
   4.0499999864   0.0005136550   0.0000239682   0.0005136550
   4.0549999864   0.0006785220   0.0000184582   0.0006785220
   4.0599999864   0.0007914945   0.0000123345   0.0007914945
   4.0649999863   0.0008439326   0.0000061406   0.0008439326
   4.0699999863   0.0008318147   0.0000003307   0.0008318147
   4.0749999863   0.0007560917  -0.0000047538   0.0007560917
   4.0799999863   0.0006226453  -0.0000088804   0.0006226453
   4.0849999863   0.0004418403  -0.0000119053   0.0004418403
   4.0899999863   0.0002277035  -0.0000137517   0.0002277035
   4.0949999862  -0.0000031958  -0.0000143977  -0.0000031958
   4.0999999862  -0.0002330595  -0.0000138790  -0.0002330595
   4.1049999862  -0.0004442503  -0.0000123025  -0.0004442503
   4.1099999862  -0.0006206438  -0.0000098574  -0.0006206438
   4.1149999862  -0.0007488400  -0.0000068155  -0.0007488400
   4.1199999862  -0.0008191583  -0.0000035114  -0.0008191583
   4.1249999861  -0.0008263542  -0.0000003041  -0.0008263542
   4.1299999861  -0.0007700159   0.0000024702  -0.0007700159
   4.1349999861  -0.0006546142   0.0000045418  -0.0006546142
   4.1399999861  -0.0004891900   0.0000057346  -0.0004891900
   4.1449999861  -0.0002866889   0.0000059714  -0.0002866889
   4.1499999861  -0.0000629752   0.0000052598  -0.0000629752
   4.1549999860   0.0001644081   0.0000036683   0.0001644081
   4.1599999860   0.0003776363   0.0000013046   0.0003776363
   4.1649999860   0.0005600358  -0.0000016940   0.0005600358
   4.1699999860   0.0006974228  -0.0000051567   0.0006974228
   4.1749999860   0.0007792275  -0.0000088667   0.0007792275
   4.1799999860   0.0007993078  -0.0000125522   0.0007993078
   4.1849999859   0.0007563928  -0.0000158918   0.0007563928
   4.1899999859   0.0006541351  -0.0000185398   0.0006541351
   4.1949999859   0.0005007842  -0.0000201685   0.0005007842
   4.1999999859   0.0003085207  -0.0000205187   0.0003085207
   4.2049999859   0.0000925061  -0.0000194420   0.0000925061
   4.2099999859  -0.0001302843  -0.0000169235  -0.0001302843
   4.2149999858  -0.0003423692  -0.0000130807  -0.0003423692
   4.2199999858  -0.0005271210  -0.0000081404  -0.0005271210
   4.2249999858  -0.0006700794  -0.0000024053  -0.0006700794
   4.2299999858  -0.0007601122   0.0000037766  -0.0007601122
   4.2349999858  -0.0007903196   0.0000100311  -0.0007903196
   4.2399999858  -0.0007585918   0.0000159638  -0.0007585918
   4.2449999857  -0.0006677625   0.0000211589  -0.0006677625
   4.2499999857  -0.0005253398   0.0000251849  -0.0005253398
   4.2549999857  -0.0003428461   0.0000276157  -0.0003428461
   4.2599999857  -0.0001348358   0.0000280742  -0.0001348358
   4.2649999857   0.0000823083   0.0000262937   0.0000823083
   4.2699999857   0.0002916868   0.0000221826   0.0002916868
   4.2749999856   0.0004771946   0.0000158761   0.0004771946
   4.2799999856   0.0006247329   0.0000077571   0.0006247329
   4.2849999856   0.0007232435  -0.0000015616   0.0007232435
   4.2899999856   0.0007655049  -0.0000112937   0.0007655049
   4.2949999856   0.0007486406  -0.0000205631   0.0007486406
   4.2999999856   0.0006743096  -0.0000285003   0.0006743096
   4.3049999855   0.0005485573  -0.0000343340   0.0005485573
   4.3099999855   0.0003813327  -0.0000374676   0.0003813327
   4.3149999855   0.0001856991  -0.0000375351   0.0001856991
   4.3199999855  -0.0000232022  -0.0000344362  -0.0000232022
   4.3249999855  -0.0002293478  -0.0000283528  -0.0002293478
   4.3299999855  -0.0004170832  -0.0000197488  -0.0004170832
   4.3349999854  -0.0005723199  -0.0000093483  -0.0005723199
   4.3399999854  -0.0006835781   0.0000019108  -0.0006835781
   4.3449999854  -0.0007427990   0.0000129536  -0.0007427990
   4.3499999854  -0.0007458792   0.0000226743  -0.0007458792
   4.3549999854  -0.0006929067   0.0000300633  -0.0006929067
   4.3599999854  -0.0005881022   0.0000343364  -0.0005881022
   4.3649999853  -0.0004394817   0.0000350457  -0.0004394817
   4.3699999853  -0.0002582681   0.0000321474  -0.0002582681
   4.3749999853  -0.0000580833   0.0000260119  -0.0000580833
   4.3799999853   0.0001460331   0.0000173744   0.0001460331
   4.3849999853   0.0003387250   0.0000072323   0.0003387250
   4.3899999853   0.0005054652  -0.0000032872   0.0005054652
   4.3949999852   0.0006336600  -0.0000130671   0.0006336600
   4.3999999852   0.0007136204  -0.0000211259   0.0007136204
   4.4049999852   0.0007393109  -0.0000267132   0.0007393109
   4.4099999852   0.0007088117  -0.0000293694   0.0007088117
   4.4149999852   0.0006244536  -0.0000289532   0.0006244536
   4.4199999852   0.0004926226  -0.0000256398   0.0004926226
   4.4249999851   0.0003232608  -0.0000198954   0.0003232608
   4.4299999851   0.0001291142  -0.0000124301   0.0001291142
   4.4349999851  -0.0000752110  -0.0000041277  -0.0000752110
   4.4399999851  -0.0002743142   0.0000040468  -0.0002743142
   4.4449999851  -0.0004531209   0.0000111566  -0.0004531209
   4.4499999851  -0.0005979919   0.0000164095  -0.0005979919
   4.4549999850  -0.0006977491   0.0000192627  -0.0006977491
   4.4599999850  -0.0007445499   0.0000194967  -0.0007445499
   4.4649999850  -0.0007345355   0.0000172424  -0.0007345355
   4.4699999850  -0.0006681911   0.0000129540  -0.0006681911
   4.4749999850  -0.0005503700   0.0000073307  -0.0005503700
   4.4799999850  -0.0003899644   0.0000012043  -0.0003899644
   4.4849999849  -0.0001992387  -0.0000045873  -0.0001992387
   4.4899999849   0.0000071196  -0.0000093161   0.0000071196
   4.4949999849   0.0002131507  -0.0000124525   0.0002131507
   4.4999999849   0.0004028725  -0.0000137171   0.0004028725
   4.5049999849   0.0005615263  -0.0000130945   0.0005615263
   4.5099999849   0.0006767204  -0.0000108154   0.0006767204
   4.5149999848   0.0007393899  -0.0000073155   0.0007393899
   4.5199999848   0.0007445070  -0.0000031771   0.0007445070
   4.5249999848   0.0006914948   0.0000009413   0.0006914948
   4.5299999848   0.0005843117   0.0000043848   0.0005843117
   4.5349999848   0.0004311915   0.0000065871   0.0004311915
   4.5399999848   0.0002440435   0.0000071537   0.0002440435
   4.5449999847   0.0000375437   0.0000059304   0.0000375437
   4.5499999847  -0.0001720231   0.0000030434  -0.0001720231
   4.5549999847  -0.0003680786  -0.0000011026  -0.0003680786
   4.5599999847  -0.0005351095  -0.0000058754  -0.0005351095
   4.5649999847  -0.0006599456  -0.0000105109  -0.0006599456
   4.5699999847  -0.0007328354  -0.0000142389  -0.0007328354
   4.5749999846  -0.0007482231  -0.0000164154  -0.0007482231
   4.5799999846  -0.0007051624  -0.0000166352  -0.0007051624
   4.5849999846  -0.0006073426  -0.0000148018  -0.0006073426
   4.5899999846  -0.0004627402  -0.0000111429  -0.0004627402
   4.5949999846  -0.0002829406  -0.0000061703  -0.0002829406
   4.5999999846  -0.0000821928  -0.0000005962  -0.0000821928
   4.6049999845   0.0001237236   0.0000047757   0.0001237236
   4.6099999845   0.0003187353   0.0000091657   0.0003187353
   4.6149999845   0.0004877278   0.0000119220   0.0004877278
   4.6199999845   0.0006177213   0.0000126037   0.0006177213
   4.6249999845   0.0006988808   0.0000110361   0.0006988808
   4.6299999845   0.0007252758   0.0000073364   0.0007252758
   4.6349999844   0.0006953227   0.0000019103   0.0006953227
   4.6399999844   0.0006118676  -0.0000045859   0.0006118676
   4.6449999844   0.0004819028  -0.0000113136   0.0004819028
   4.6499999844   0.0003159463  -0.0000173523   0.0003159463
   4.6549999844   0.0001271495  -0.0000218213   0.0001271495
   4.6599999844  -0.0000697796  -0.0000240079  -0.0000697796
   4.6649999843  -0.0002597375  -0.0000234816  -0.0002597375
   4.6699999843  -0.0004283742  -0.0000201718  -0.0004283742
   4.6749999843  -0.0005631457  -0.0000143917  -0.0005631457
   4.6799999843  -0.0006542041  -0.0000068002  -0.0006542041
   4.6849999843  -0.0006950742   0.0000016915  -0.0006950742
   4.6899999843  -0.0006830843   0.0000100534  -0.0006830843
   4.6949999842  -0.0006195264   0.0000172835  -0.0006195264
   4.6999999842  -0.0005095357   0.0000225442  -0.0005095357
   4.7049999842  -0.0003616911   0.0000252656  -0.0003616911
   4.7099999842  -0.0001873605   0.0000252036  -0.0001873605
   4.7149999842   0.0000001689   0.0000224526   0.0000001689
   4.7199999841   0.0001867053   0.0000174161   0.0001867053
   4.7249999841   0.0003582324   0.0000107465   0.0003582324
   4.7299999841   0.0005019625   0.0000032640   0.0005019625
   4.7349999841   0.0006072771  -0.0000041375   0.0006072771
   4.7399999841   0.0006664839  -0.0000105905   0.0006664839
   4.7449999841   0.0006753429  -0.0000153528   0.0006753429
   4.7499999840   0.0006333353  -0.0000178978   0.0006333353
   4.7549999840   0.0005436715  -0.0000179839   0.0005436715
   4.7599999840   0.0004130483  -0.0000156913   0.0004130483
   4.7649999840   0.0002511751  -0.0000114161   0.0002511751
   4.7699999840   0.0000700946  -0.0000058158   0.0000700946
   4.7749999840  -0.0001166653   0.0000002864  -0.0001166653
   4.7799999839  -0.0002950640   0.0000060264  -0.0002950640
   4.7849999839  -0.0004515853   0.0000106297  -0.0004515853
   4.7899999839  -0.0005742637   0.0000135246  -0.0005742637
   4.7949999839  -0.0006536190   0.0000144168  -0.0006536190
   4.7999999839  -0.0006834156   0.0000133143  -0.0006834156
   4.8049999839  -0.0006611771   0.0000105028  -0.0006611771
   4.8099999838  -0.0005884061   0.0000064807  -0.0005884061
   4.8149999838  -0.0004704905   0.0000018700  -0.0004704905
   4.8199999838  -0.0003163050  -0.0000026804  -0.0003163050
   4.8249999838  -0.0001375449  -0.0000065828  -0.0001375449
   4.8299999838   0.0000521549  -0.0000093828   0.0000521549
   4.8349999838   0.0002382478  -0.0000108103   0.0002382478
   4.8399999837   0.0004063787  -0.0000108070   0.0004063787
   4.8449999837   0.0005434878  -0.0000095311   0.0005434878
   4.8499999837   0.0006388357  -0.0000073363   0.0006388357
   4.8549999837   0.0006848749  -0.0000047243   0.0006848749
   4.8599999837   0.0006778898  -0.0000022732   0.0006778898
   4.8649999837   0.0006183444  -0.0000005458   0.0006183444
   4.8699999836   0.0005108904   0.0000000063   0.0005108904
   4.8749999836   0.0003640222  -0.0000008707   0.0003640222
   4.8799999836   0.0001893974  -0.0000031774   0.0001893974
   4.8849999836   0.0000008830  -0.0000066499   0.0000008830
   4.8899999836  -0.0001865880  -0.0000107978  -0.0001865880
   4.8949999836  -0.0003582394  -0.0000149875  -0.0003582394
   4.8999999835  -0.0005006439  -0.0000185541  -0.0005006439
   4.9049999835  -0.0006027822  -0.0000209172  -0.0006027822
   4.9099999835  -0.0006568858  -0.0000216807  -0.0006568858
   4.9149999835  -0.0006590065  -0.0000206953  -0.0006590065
   4.9199999835  -0.0006092796  -0.0000180760  -0.0006092796
   4.9249999835  -0.0005118711  -0.0000141762  -0.0005118711
   4.9299999834  -0.0003746188  -0.0000095268  -0.0003746188
   4.9349999834  -0.0002083951  -0.0000047541  -0.0002083951
   4.9399999834  -0.0000262390  -0.0000004916  -0.0000262390
   4.9449999834   0.0001576800   0.0000027048   0.0001576800
   4.9499999834   0.0003291834   0.0000044281   0.0003291834
   4.9549999834   0.0004751977   0.0000044732   0.0004751977
   4.9599999833   0.0005847672   0.0000028671   0.0005847672
   4.9649999833   0.0006498777  -0.0000001284   0.0006498777
   4.9699999833   0.0006660240  -0.0000040447   0.0006660240
   4.9749999833   0.0006324843  -0.0000082670   0.0006324843
   4.9799999833   0.0005522918  -0.0000121210   0.0005522918
   4.9849999833   0.0004319269  -0.0000149780   0.0004319269
   4.9899999832   0.0002807680  -0.0000163592   0.0002807680
   4.9949999832   0.0001103581  -0.0000160206   0.0001103581
   4.9999999832  -0.0000664577  -0.0000140001  -0.0000664577
   5.0049999832  -0.0002364645  -0.0000106151  -0.0002364645
   5.0099999832  -0.0003870244  -0.0000064096  -0.0003870244
   5.0149999832  -0.0005069801  -0.0000020616  -0.0005069801
   5.0199999831  -0.0005874613   0.0000017319  -0.0005874613
   5.0249999831  -0.0006225337   0.0000043672  -0.0006225337
   5.0299999831  -0.0006096430   0.0000054250  -0.0006096430
   5.0349999831  -0.0005498100   0.0000047253  -0.0005498100
   5.0399999831  -0.0004475576   0.0000023412  -0.0004475576
   5.0449999831  -0.0003105717  -0.0000014238  -0.0003105717
   5.0499999830  -0.0001491226  -0.0000060879  -0.0001491226
   5.0549999830   0.0000247034  -0.0000110594   0.0000247034
   5.0599999830   0.0001978997  -0.0000157133   0.0001978997
   5.0649999830   0.0003574940  -0.0000194688   0.0003574940
   5.0699999830   0.0004914946  -0.0000218599   0.0004914946
   5.0749999830   0.0005897663  -0.0000225961   0.0005897663
   5.0799999829   0.0006447832  -0.0000216032   0.0006447832
   5.0849999829   0.0006522093  -0.0000190400   0.0006522093
   5.0899999829   0.0006112640  -0.0000152817   0.0006112640
   5.0949999829   0.0005248383  -0.0000108686   0.0005248383
   5.0999999829   0.0003993384  -0.0000064254   0.0003993384
   5.1049999829   0.0002442502  -0.0000025615   0.0002442502
   5.1099999828   0.0000714442   0.0000002293   0.0000714442
   5.1149999828  -0.0001057324   0.0000016491  -0.0001057324
   5.1199999828  -0.0002735054   0.0000016420  -0.0002735054
   5.1249999828  -0.0004187742   0.0000003937  -0.0004187742
   5.1299999828  -0.0005301648  -0.0000017105  -0.0005301648
   5.1349999828  -0.0005989439  -0.0000041626  -0.0005989439
   5.1399999827  -0.0006197154  -0.0000064233  -0.0006197154
   5.1449999827  -0.0005908472  -0.0000080127  -0.0005908472
   5.1499999827  -0.0005145975  -0.0000085829  -0.0005145975
   5.1549999827  -0.0003969374  -0.0000079646  -0.0003969374
   5.1599999827  -0.0002470856  -0.0000061846  -0.0002470856
   5.1649999827  -0.0000767901  -0.0000034550  -0.0000767901
   5.1699999826   0.0001005930  -0.0000001421   0.0001005930
   5.1749999826   0.0002711556   0.0000032837   0.0002711556
   5.1799999826   0.0004215489   0.0000063092   0.0004215489
   5.1849999826   0.0005400599   0.0000084478   0.0005400599
   5.1899999826   0.0006175571   0.0000093108   0.0006175571
   5.1949999826   0.0006482221   0.0000086718   0.0006482221
   5.1999999825   0.0006299967   0.0000065145   0.0006299967
   5.2049999825   0.0005647076   0.0000030509   0.0005647076
   5.2099999825   0.0004578628  -0.0000012956   0.0004578628
   5.2149999825   0.0003181483  -0.0000059469   0.0003181483
   5.2199999825   0.0001566821  -0.0000102585   0.0001566821
   5.2249999825  -0.0000139004  -0.0000136245  -0.0000139004
   5.2299999824  -0.0001804461  -0.0000155812  -0.0001804461
   5.2349999824  -0.0003302913  -0.0000158859  -0.0003302913
   5.2399999824  -0.0004522015  -0.0000145581  -0.0004522015
   5.2449999824  -0.0005371855  -0.0000118736  -0.0005371855
   5.2499999824  -0.0005791304  -0.0000083154  -0.0005791304
   5.2549999824  -0.0005752211  -0.0000044937  -0.0005752211
   5.2599999823  -0.0005261136  -0.0000010498  -0.0005261136
   5.2649999823  -0.0004358503   0.0000014381  -0.0004358503
   5.2699999823  -0.0003115215   0.0000025347  -0.0003115215
   5.2749999823  -0.0001626975   0.0000020037  -0.0001626975
   5.2799999823  -0.0000006790  -0.0000001626  -0.0000006790
   5.2849999823   0.0001623726  -0.0000037414   0.0001623726
   5.2899999822   0.0003143505  -0.0000083036   0.0003143505
   5.2949999822   0.0004440911  -0.0000132630   0.0004440911
   5.2999999822   0.0005421691  -0.0000179464   0.0005421691
   5.3049999822   0.0006015484  -0.0000216814   0.0006015484
   5.3099999822   0.0006180525  -0.0000238902   0.0006180525
   5.3149999822   0.0005906346  -0.0000241784   0.0005906346
   5.3199999821   0.0005214368  -0.0000224016   0.0005214368
   5.3249999821   0.0004156390  -0.0000186979   0.0004156390
   5.3299999821   0.0002811022  -0.0000134755   0.0002811022
   5.3349999821   0.0001278232  -0.0000073561   0.0001278232
   5.3399999821  -0.0000327727  -0.0000010824  -0.0000327727
   5.3449999821  -0.0001886597   0.0000045934  -0.0001886597
   5.3499999820  -0.0003281014   0.0000090192  -0.0003281014
   5.3549999820  -0.0004405363   0.0000117326  -0.0004405363
   5.3599999820  -0.0005173849   0.0000125148  -0.0005173849
   5.3649999820  -0.0005527118   0.0000114044  -0.0005527118
   5.3699999820  -0.0005436866   0.0000086738  -0.0005436866
   5.3749999820  -0.0004908102   0.0000047758  -0.0004908102
   5.3799999819  -0.0003978912   0.0000002731  -0.0003978912
   5.3849999819  -0.0002717795  -0.0000042394  -0.0002717795
   5.3899999819  -0.0001218781  -0.0000082097  -0.0001218781
   5.3949999819   0.0000405328  -0.0000111953   0.0000405328
   5.3999999819   0.0002031171  -0.0000129162   0.0002031171
   5.4049999818   0.0003533978  -0.0000132892   0.0003533978
   5.4099999818   0.0004797085  -0.0000124391   0.0004797085
   5.4149999818   0.0005721110  -0.0000106817   0.0005721110
   5.4199999818   0.0006232084  -0.0000084776   0.0006232084
   5.4249999818   0.0006287796  -0.0000063593   0.0006287796
   5.4299999818   0.0005881710  -0.0000048406   0.0005881710
   5.4349999817   0.0005043991  -0.0000043240   0.0005043991
   5.4399999817   0.0003839457  -0.0000050230   0.0003839457
   5.4449999817   0.0002362551  -0.0000069153   0.0002362551
   5.4499999817   0.0000729781  -0.0000097397   0.0000729781
   5.4549999817  -0.0000929726  -0.0000130360  -0.0000929726
   5.4599999817  -0.0002484709  -0.0000162220  -0.0002484709
   5.4649999816  -0.0003812391  -0.0000186926  -0.0003812391
   5.4699999816  -0.0004808373  -0.0000199216  -0.0004808373
   5.4749999816  -0.0005394998  -0.0000195486  -0.0005394998
   5.4799999816  -0.0005527533  -0.0000174378  -0.0005527533
   5.4849999816  -0.0005197687  -0.0000137017  -0.0005197687
   5.4899999816  -0.0004434144  -0.0000086891  -0.0004434144
   5.4949999815  -0.0003300049  -0.0000029415  -0.0003300049
   5.4999999815  -0.0001887601   0.0000028753  -0.0001887601
   5.5049999815  -0.0000310210   0.0000080574  -0.0000310210
   5.5099999815   0.0001307102   0.0000119560   0.0001307102
   5.5149999815   0.0002838147   0.0000140700   0.0002838147
   5.5199999815   0.0004165879   0.0000141237   0.0004165879
   5.5249999814   0.0005191593   0.0000121197   0.0005191593
   5.5299999814   0.0005842205   0.0000083528   0.0005842205
   5.5349999814   0.0006075072   0.0000033797   0.0006075072
   5.5399999814   0.0005880108  -0.0000020581   0.0005880108
   5.5449999814   0.0005279263  -0.0000071475   0.0005279263
   5.5499999814   0.0004323670  -0.0000111365   0.0004323670
   5.5549999813   0.0003088902  -0.0000134609   0.0003088902
   5.5599999813   0.0001668864  -0.0000138421   0.0001668864
   5.5649999813   0.0000168816  -0.0000123337   0.0000168816
   5.5699999813  -0.0001302013  -0.0000093089  -0.0001302013
   5.5749999813  -0.0002637803  -0.0000053896  -0.0002637803
   5.5799999813  -0.0003743134  -0.0000013329  -0.0003743134
   5.5849999812  -0.0004539227   0.0000021046  -0.0004539227
   5.5899999812  -0.0004969118   0.0000042969  -0.0004969118
   5.5949999812  -0.0005001453   0.0000048517  -0.0005001453
   5.5999999812  -0.0004632691   0.0000036696  -0.0004632691
   5.6049999812  -0.0003887566   0.0000009530  -0.0003887566
   5.6099999812  -0.0002817759  -0.0000028352  -0.0002817759
   5.6149999811  -0.0001498831  -0.0000070524  -0.0001498831
   5.6199999811  -0.0000025520  -0.0000109847  -0.0000025520
   5.6249999811   0.0001494385  -0.0000139648   0.0001494385
   5.6299999811   0.0002947356  -0.0000154823   0.0002947356
   5.6349999811   0.0004222252  -0.0000152700   0.0004222252
   5.6399999811   0.0005218808  -0.0000133524   0.0005218808
   5.6449999810   0.0005855864  -0.0000100442   0.0005855864
   5.6499999810   0.0006078645  -0.0000058997   0.0006078645
   5.6549999810   0.0005864303  -0.0000016148   0.0005864303
   5.6599999810   0.0005225008   0.0000020992   0.0005225008
   5.6649999810   0.0004208037   0.0000046506   0.0004208037
   5.6699999810   0.0002892613   0.0000056814   0.0002892613
   5.6749999809   0.0001383624   0.0000051372   0.0001383624
   5.6799999809  -0.0000197252   0.0000032773  -0.0000197252
   5.6849999809  -0.0001722144   0.0000006184  -0.0001722144
   5.6899999809  -0.0003068195  -0.0000021742  -0.0003068195
   5.6949999809  -0.0004128228  -0.0000044262  -0.0004128228
   5.6999999809  -0.0004819792  -0.0000055947  -0.0004819792
   5.7049999808  -0.0005091747  -0.0000053785  -0.0005091747
   5.7099999808  -0.0004927859  -0.0000037762  -0.0004927859
   5.7149999808  -0.0004347226  -0.0000010812  -0.0004347226
   5.7199999808  -0.0003401658   0.0000021819  -0.0003401658
   5.7249999808  -0.0002170443   0.0000053645  -0.0002170443
   5.7299999808  -0.0000753099   0.0000078213  -0.0000753099
   5.7349999807   0.0000739151   0.0000090325   0.0000739151
   5.7399999807   0.0002192368   0.0000086980   0.0002192368
   5.7449999807   0.0003498587   0.0000067899   0.0003498587
   5.7499999807   0.0004563538   0.0000035546   0.0004563538
   5.7549999807   0.0005312859  -0.0000005315   0.0005312859
   5.7599999807   0.0005696485  -0.0000048464   0.0005696485
   5.7649999806   0.0005691111  -0.0000087298   0.0005691111
   5.7699999806   0.0005300787  -0.0000115968   0.0005300787
   5.7749999806   0.0004555867  -0.0000130386   0.0004555867
   5.7799999806   0.0003510560  -0.0000128917   0.0003510560
   5.7849999806   0.0002239324  -0.0000112633   0.0002239324
   5.7899999806   0.0000832279  -0.0000085062   0.0000832279
   5.7949999805  -0.0000610254  -0.0000051475  -0.0000610254
   5.7999999805  -0.0001983990  -0.0000017831  -0.0001983990
   5.8049999805  -0.0003187553   0.0000010396  -0.0003187553
   5.8099999805  -0.0004129682   0.0000029262  -0.0004129682
   5.8149999805  -0.0004736359   0.0000037050  -0.0004736359
   5.8199999805  -0.0004957199   0.0000034459  -0.0004957199
   5.8249999804  -0.0004770433   0.0000024253  -0.0004770433
   5.8299999804  -0.0004185792   0.0000010473  -0.0004185792
   5.8349999804  -0.0003244759  -0.0000002588  -0.0003244759
   5.8399999804  -0.0002017975  -0.0000011400  -0.0002017975
   5.8449999804  -0.0000599863  -0.0000013944  -0.0000599863
   5.8499999804   0.0000899055  -0.0000010051   0.0000899055
   5.8549999803   0.0002361438  -0.0000001262   0.0002361438
   5.8599999803   0.0003673068   0.0000009694   0.0003673068
   5.8649999803   0.0004732495   0.0000019665   0.0004732495
   5.8699999803   0.0005459472   0.0000025858   0.0005459472
   5.8749999803   0.0005801427   0.0000026469   0.0005801427
   5.8799999803   0.0005737450   0.0000021029   0.0005737450
   5.8849999802   0.0005279532   0.0000010422   0.0005279532
   5.8899999802   0.0004471032  -0.0000003386   0.0004471032
   5.8949999802   0.0003382624  -0.0000017811   0.0003382624
   5.8999999802   0.0002106162  -0.0000030197   0.0002106162
   5.9049999802   0.0000747072  -0.0000038326   0.0000747072
   5.9099999802  -0.0000584045  -0.0000040807  -0.0000584045
   5.9149999801  -0.0001779869  -0.0000037288  -0.0001779869
   5.9199999801  -0.0002744249  -0.0000028470  -0.0002744249
   5.9249999801  -0.0003398973  -0.0000015932  -0.0003398973
   5.9299999801  -0.0003689051  -0.0000001812  -0.0003689051
   5.9349999801  -0.0003586294   0.0000011612  -0.0003586294
   5.9399999801  -0.0003091077   0.0000022340  -0.0003091077
   5.9449999800  -0.0002232282   0.0000029001  -0.0002232282
   5.9499999800  -0.0001065439   0.0000031054  -0.0001065439
   5.9549999800   0.0000330877   0.0000028795   0.0000330877
   5.9599999800   0.0001860285   0.0000023176   0.0001860285
   5.9649999800   0.0003415279   0.0000015501   0.0003415279
   5.9699999800   0.0004885018   0.0000007068   0.0004885018
   5.9749999799   0.0006163690  -0.0000001110   0.0006163690
   5.9799999799   0.0007158796  -0.0000008443   0.0007158796
   5.9849999799   0.0007798543  -0.0000014712   0.0007798543
   5.9899999799   0.0008037595  -0.0000019878   0.0008037595
   5.9949999799   0.0007860536  -0.0000023827   0.0007860536
