   0.0000000000   0.0000000000   0.0000000000   0.0000000000
   0.0050000000   0.0000000000   0.0000000000   0.0000000000
   0.0100000000   0.0000000000   0.0000000000   0.0000000000
   0.0149999999   0.0000000000   0.0000000000   0.0000000000
   0.0199999999   0.0000000000   0.0000000000   0.0000000000
   0.0249999999   0.0000000000   0.0000000000   0.0000000000
   0.0299999999   0.0000000000   0.0000000000   0.0000000000
   0.0349999999   0.0000000000   0.0000000000   0.0000000000
   0.0399999999   0.0000000000   0.0000000000   0.0000000000
   0.0449999998   0.0000000000   0.0000000000   0.0000000000
   0.0499999998   0.0000000000   0.0000000000   0.0000000000
   0.0549999998   0.0000000000   0.0000000000   0.0000000000
   0.0599999998   0.0000000000   0.0000000000   0.0000000000
   0.0649999998   0.0000000000   0.0000000000   0.0000000000
   0.0699999998   0.0000000000   0.0000000000   0.0000000000
   0.0749999997   0.0000000000   0.0000000000   0.0000000000
   0.0799999997   0.0000000000   0.0000000000   0.0000000000
   0.0849999997  -0.0000000000   0.0000000000  -0.0000000000
   0.0899999997  -0.0000000000   0.0000000000  -0.0000000000
   0.0949999997  -0.0000000000   0.0000000000  -0.0000000000
   0.0999999997  -0.0000000000   0.0000000000  -0.0000000000
   0.1049999996  -0.0000000000   0.0000000000  -0.0000000000
   0.1099999996  -0.0000000000   0.0000000000  -0.0000000000
   0.1149999996  -0.0000000000   0.0000000000  -0.0000000000
   0.1199999996  -0.0000000000   0.0000000000  -0.0000000000
   0.1249999996  -0.0000000000   0.0000000000  -0.0000000000
   0.1299999996  -0.0000000000   0.0000000000  -0.0000000000
   0.1349999995  -0.0000000000  -0.0000000000  -0.0000000000
   0.1399999995   0.0000000000  -0.0000000000   0.0000000000
   0.1449999995   0.0000000000  -0.0000000000   0.0000000000
   0.1499999995   0.0000000000  -0.0000000000   0.0000000000
   0.1549999995   0.0000000000  -0.0000000000   0.0000000000
   0.1599999995   0.0000000000  -0.0000000000   0.0000000000
   0.1649999994   0.0000000000  -0.0000000000   0.0000000000
   0.1699999994   0.0000000000   0.0000000000   0.0000000000
   0.1749999994  -0.0000000000   0.0000000000  -0.0000000000
   0.1799999994  -0.0000000000   0.0000000000  -0.0000000000
   0.1849999994  -0.0000000000   0.0000000000  -0.0000000000
   0.1899999994  -0.0000000000   0.0000000000  -0.0000000000
   0.1949999993  -0.0000000000   0.0000000000  -0.0000000000
   0.1999999993  -0.0000000000   0.0000000000  -0.0000000000
   0.2049999993  -0.0000000000   0.0000000000  -0.0000000000
   0.2099999993   0.0000000000  -0.0000000000   0.0000000000
   0.2149999993   0.0000000000  -0.0000000000   0.0000000000
   0.2199999993   0.0000000000  -0.0000000000   0.0000000000
   0.2249999992   0.0000000000  -0.0000000000   0.0000000000
   0.2299999992   0.0000000000  -0.0000000000   0.0000000000
   0.2349999992   0.0000000000  -0.0000000000   0.0000000000
   0.2399999992   0.0000000000  -0.0000000000   0.0000000000
   0.2449999992   0.0000000000  -0.0000000000   0.0000000000
   0.2499999992   0.0000000000   0.0000000000   0.0000000000
   0.2549999991  -0.0000000000   0.0000000000  -0.0000000000
   0.2599999991  -0.0000000000   0.0000000000  -0.0000000000
   0.2649999991  -0.0000000000   0.0000000000  -0.0000000000
   0.2699999991  -0.0000000000   0.0000000000  -0.0000000000
   0.2749999991  -0.0000000000   0.0000000000  -0.0000000000
   0.2799999991  -0.0000000000   0.0000000000  -0.0000000000
   0.2849999990  -0.0000000000   0.0000000000  -0.0000000000
   0.2899999990  -0.0000000000  -0.0000000000  -0.0000000000
   0.2949999990   0.0000000000  -0.0000000000   0.0000000000
   0.2999999990   0.0000000000  -0.0000000000   0.0000000000
   0.3049999990   0.0000000000  -0.0000000000   0.0000000000
   0.3099999990   0.0000000000  -0.0000000000   0.0000000000
   0.3149999989   0.0000000000  -0.0000000000   0.0000000000
   0.3199999989   0.0000000000  -0.0000000000   0.0000000000
   0.3249999989   0.0000000000  -0.0000000000   0.0000000000
   0.3299999989   0.0000000000  -0.0000000000   0.0000000000
   0.3349999989   0.0000000000   0.0000000000   0.0000000000
   0.3399999989  -0.0000000000   0.0000000000  -0.0000000000
   0.3449999988  -0.0000000000   0.0000000000  -0.0000000000
   0.3499999988  -0.0000000000   0.0000000000  -0.0000000000
   0.3549999988  -0.0000000000   0.0000000000  -0.0000000000
   0.3599999988  -0.0000000000   0.0000000000  -0.0000000000
   0.3649999988  -0.0000000000   0.0000000000  -0.0000000000
   0.3699999988  -0.0000000000   0.0000000000  -0.0000000000
   0.3749999987   0.0000000000  -0.0000000000   0.0000000000
   0.3799999987   0.0000000000  -0.0000000000   0.0000000000
   0.3849999987   0.0000000000  -0.0000000000   0.0000000000
   0.3899999987   0.0000000000  -0.0000000000   0.0000000000
   0.3949999987  -0.0000000000   0.0000000000  -0.0000000000
   0.3999999987  -0.0000000000   0.0000000000  -0.0000000000
   0.4049999986  -0.0000000000   0.0000000000  -0.0000000000
   0.4099999986  -0.0000000000   0.0000000000  -0.0000000000
   0.4149999986   0.0000000000  -0.0000000000   0.0000000000
   0.4199999986   0.0000000000  -0.0000000000   0.0000000000
   0.4249999986   0.0000000000  -0.0000000000   0.0000000000
   0.4299999986   0.0000000000  -0.0000000000   0.0000000000
   0.4349999985   0.0000000000   0.0000000000   0.0000000000
   0.4399999985  -0.0000000000   0.0000000000  -0.0000000000
   0.4449999985  -0.0000000000   0.0000000000  -0.0000000000
   0.4499999985  -0.0000000000   0.0000000000  -0.0000000000
   0.4549999985  -0.0000000000  -0.0000000000  -0.0000000000
   0.4599999985   0.0000000000  -0.0000000000   0.0000000000
   0.4649999984   0.0000000000  -0.0000000000   0.0000000000
   0.4699999984   0.0000000000  -0.0000000000   0.0000000000
   0.4749999984   0.0000000000   0.0000000000   0.0000000000
   0.4799999984  -0.0000000000   0.0000000000  -0.0000000000
   0.4849999984  -0.0000000000   0.0000000000  -0.0000000000
   0.4899999984  -0.0000000000   0.0000000000  -0.0000000000
   0.4949999983  -0.0000000000  -0.0000000000  -0.0000000000
   0.4999999983   0.0000000000  -0.0000000000   0.0000000000
   0.5049999983   0.0000000000  -0.0000000000   0.0000000000
   0.5099999983   0.0000000000  -0.0000000000   0.0000000000
   0.5149999983   0.0000000000   0.0000000000   0.0000000000
   0.5199999983  -0.0000000000   0.0000000000  -0.0000000000
   0.5249999982  -0.0000000000   0.0000000000  -0.0000000000
   0.5299999982  -0.0000000000   0.0000000000  -0.0000000000
   0.5349999982  -0.0000000000  -0.0000000000  -0.0000000000
   0.5399999982   0.0000000000  -0.0000000000   0.0000000000
   0.5449999982   0.0000000000  -0.0000000000   0.0000000000
   0.5499999982   0.0000000000  -0.0000000000   0.0000000000
   0.5549999981  -0.0000000000   0.0000000000  -0.0000000000
   0.5599999981  -0.0000000000   0.0000000000  -0.0000000000
   0.5649999981  -0.0000000000   0.0000000000  -0.0000000000
   0.5699999981  -0.0000000000   0.0000000000  -0.0000000000
   0.5749999981   0.0000000000  -0.0000000000   0.0000000000
   0.5799999981   0.0000000000  -0.0000000000   0.0000000000
   0.5849999980   0.0000000000  -0.0000000000   0.0000000000
   0.5899999980   0.0000000000  -0.0000000000   0.0000000000
   0.5949999980  -0.0000000000   0.0000000000  -0.0000000000
   0.5999999980  -0.0000000000   0.0000000000  -0.0000000000
   0.6049999980  -0.0000000000   0.0000000000  -0.0000000000
   0.6099999980  -0.0000000000   0.0000000000  -0.0000000000
   0.6149999979   0.0000000000  -0.0000000000   0.0000000000
   0.6199999979   0.0000000000  -0.0000000000   0.0000000000
   0.6249999979   0.0000000000  -0.0000000000   0.0000000000
   0.6299999979   0.0000000000  -0.0000000000   0.0000000000
   0.6349999979  -0.0000000000   0.0000000000  -0.0000000000
   0.6399999979  -0.0000000000   0.0000000000  -0.0000000000
   0.6449999978  -0.0000000000   0.0000000000  -0.0000000000
   0.6499999978   0.0000000000  -0.0000000000   0.0000000000
   0.6549999978   0.0000000000  -0.0000000000   0.0000000000
   0.6599999978   0.0000000000  -0.0000000000   0.0000000000
   0.6649999978   0.0000000000  -0.0000000000   0.0000000000
   0.6699999978  -0.0000000000   0.0000000000  -0.0000000000
   0.6749999977  -0.0000000000   0.0000000000  -0.0000000000
   0.6799999977  -0.0000000000   0.0000000000  -0.0000000000
   0.6849999977  -0.0000000000  -0.0000000000  -0.0000000000
   0.6899999977   0.0000000000  -0.0000000000   0.0000000000
   0.6949999977   0.0000000000  -0.0000000000   0.0000000000
   0.6999999976   0.0000000000   0.0000000000   0.0000000000
   0.7049999976  -0.0000000000   0.0000000000  -0.0000000000
   0.7099999976  -0.0000000000   0.0000000000  -0.0000000000
   0.7149999976  -0.0000000000   0.0000000000  -0.0000000000
   0.7199999976  -0.0000000000  -0.0000000000  -0.0000000000
   0.7249999976   0.0000000000  -0.0000000000   0.0000000000
   0.7299999975   0.0000000000  -0.0000000000   0.0000000000
   0.7349999975   0.0000000000  -0.0000000000   0.0000000000
   0.7399999975  -0.0000000000   0.0000000000  -0.0000000000
   0.7449999975  -0.0000000000   0.0000000000  -0.0000000000
   0.7499999975  -0.0000000000   0.0000000000  -0.0000000000
   0.7549999975  -0.0000000000  -0.0000000000  -0.0000000000
   0.7599999974   0.0000000000  -0.0000000000   0.0000000000
   0.7649999974   0.0000000000  -0.0000000000   0.0000000000
   0.7699999974   0.0000000000  -0.0000000000   0.0000000000
   0.7749999974   0.0000000000   0.0000000000   0.0000000000
   0.7799999974  -0.0000000000   0.0000000000  -0.0000000000
   0.7849999974  -0.0000000000   0.0000000000  -0.0000000000
   0.7899999973  -0.0000000000   0.0000000000  -0.0000000000
   0.7949999973  -0.0000000000   0.0000000000  -0.0000000000
   0.7999999973   0.0000000000  -0.0000000000   0.0000000000
   0.8049999973   0.0000000000  -0.0000000000   0.0000000000
   0.8099999973   0.0000000000  -0.0000000000   0.0000000000
   0.8149999973   0.0000000000  -0.0000000000   0.0000000000
   0.8199999972   0.0000000000   0.0000000000   0.0000000000
   0.8249999972  -0.0000000000   0.0000000000  -0.0000000000
   0.8299999972  -0.0000000000   0.0000000000  -0.0000000000
   0.8349999972  -0.0000000000   0.0000000000  -0.0000000000
   0.8399999972  -0.0000000000   0.0000000000  -0.0000000000
   0.8449999972   0.0000000000  -0.0000000000   0.0000000000
   0.8499999971   0.0000000000  -0.0000000000   0.0000000000
   0.8549999971   0.0000000000  -0.0000000000   0.0000000000
   0.8599999971   0.0000000000  -0.0000000000   0.0000000000
   0.8649999971   0.0000000000   0.0000000000   0.0000000000
   0.8699999971  -0.0000000000   0.0000000000  -0.0000000000
   0.8749999971  -0.0000000000   0.0000000000  -0.0000000000
   0.8799999970  -0.0000000000   0.0000000000  -0.0000000000
   0.8849999970  -0.0000000000   0.0000000000  -0.0000000000
   0.8899999970   0.0000000000  -0.0000000000   0.0000000000
   0.8949999970   0.0000000000  -0.0000000000   0.0000000000
   0.8999999970   0.0000000000  -0.0000000000   0.0000000000
   0.9049999970   0.0000000000  -0.0000000000   0.0000000000
   0.9099999969  -0.0000000000   0.0000000000  -0.0000000000
   0.9149999969  -0.0000000000   0.0000000000  -0.0000000000
   0.9199999969  -0.0000000000   0.0000000000  -0.0000000000
   0.9249999969  -0.0000000000   0.0000000000  -0.0000000000
   0.9299999969  -0.0000000000   0.0000000000  -0.0000000000
   0.9349999969   0.0000000000  -0.0000000000   0.0000000000
   0.9399999968   0.0000000000  -0.0000000000   0.0000000000
   0.9449999968   0.0000000000  -0.0000000000   0.0000000000
   0.9499999968   0.0000000000  -0.0000000000   0.0000000000
   0.9549999968  -0.0000000000   0.0000000000  -0.0000000000
   0.9599999968  -0.0000000000   0.0000000000  -0.0000000000
   0.9649999968  -0.0000000000   0.0000000000  -0.0000000000
   0.9699999967  -0.0000000000   0.0000000000  -0.0000000000
   0.9749999967  -0.0000000000  -0.0000000000  -0.0000000000
   0.9799999967   0.0000000000  -0.0000000000   0.0000000000
   0.9849999967   0.0000000000  -0.0000000000   0.0000000000
   0.9899999967   0.0000000000  -0.0000000000   0.0000000000
   0.9949999967   0.0000000000  -0.0000000000   0.0000000000
   0.9999999966  -0.0000000000   0.0000000000  -0.0000000000
   1.0049999966  -0.0000000000   0.0000000000  -0.0000000000
   1.0099999966  -0.0000000000   0.0000000000  -0.0000000000
   1.0149999966  -0.0000000000   0.0000000000  -0.0000000000
   1.0199999966  -0.0000000000  -0.0000000000  -0.0000000000
   1.0249999966   0.0000000000  -0.0000000000   0.0000000000
   1.0299999965   0.0000000000  -0.0000000000   0.0000000000
   1.0349999965   0.0000000000  -0.0000000000   0.0000000000
   1.0399999965   0.0000000000  -0.0000000000   0.0000000000
   1.0449999965  -0.0000000000   0.0000000000  -0.0000000000
   1.0499999965  -0.0000000000   0.0000000000  -0.0000000000
   1.0549999965  -0.0000000000   0.0000000000  -0.0000000000
   1.0599999964  -0.0000000000   0.0000000000  -0.0000000000
   1.0649999964  -0.0000000000  -0.0000000000  -0.0000000000
   1.0699999964   0.0000000000  -0.0000000000   0.0000000000
   1.0749999964   0.0000000000  -0.0000000000   0.0000000000
   1.0799999964   0.0000000000  -0.0000000000   0.0000000000
   1.0849999964   0.0000000000  -0.0000000000   0.0000000000
   1.0899999963  -0.0000000000   0.0000000000  -0.0000000000
   1.0949999963  -0.0000000000   0.0000000000  -0.0000000000
   1.0999999963  -0.0000000000   0.0000000000  -0.0000000000
   1.1049999963  -0.0000000000   0.0000000000  -0.0000000000
   1.1099999963  -0.0000000000  -0.0000000000  -0.0000000000
   1.1149999963   0.0000000000  -0.0000000000   0.0000000000
   1.1199999962   0.0000000000  -0.0000000000   0.0000000000
   1.1249999962   0.0000000000  -0.0000000000   0.0000000000
   1.1299999962   0.0000000000  -0.0000000000   0.0000000000
   1.1349999962   0.0000000000   0.0000000000   0.0000000000
   1.1399999962  -0.0000000000   0.0000000000  -0.0000000000
   1.1449999962  -0.0000000000   0.0000000000  -0.0000000000
   1.1499999961  -0.0000000000   0.0000000000  -0.0000000000
   1.1549999961  -0.0000000000  -0.0000000000  -0.0000000000
   1.1599999961   0.0000000000  -0.0000000000   0.0000000000
   1.1649999961   0.0000000000  -0.0000000000   0.0000000000
   1.1699999961   0.0000000000  -0.0000000000   0.0000000000
   1.1749999961   0.0000000000  -0.0000000000   0.0000000000
   1.1799999960   0.0000000000   0.0000000000   0.0000000000
   1.1849999960  -0.0000000000   0.0000000000  -0.0000000000
   1.1899999960  -0.0000000000   0.0000000000  -0.0000000000
   1.1949999960  -0.0000000000   0.0000000000  -0.0000000000
   1.1999999960  -0.0000000000   0.0000000000  -0.0000000000
   1.2049999960   0.0000000000  -0.0000000000   0.0000000000
   1.2099999959   0.0000000000  -0.0000000000   0.0000000000
   1.2149999959   0.0000000000  -0.0000000000   0.0000000000
   1.2199999959   0.0000000000  -0.0000000000   0.0000000000
   1.2249999959   0.0000000000   0.0000000000   0.0000000000
   1.2299999959  -0.0000000000   0.0000000000  -0.0000000000
   1.2349999959  -0.0000000000   0.0000000000  -0.0000000000
   1.2399999958  -0.0000000000   0.0000000000  -0.0000000000
   1.2449999958  -0.0000000000   0.0000000000  -0.0000000000
   1.2499999958  -0.0000000000  -0.0000000000  -0.0000000000
   1.2549999958   0.0000000000  -0.0000000000   0.0000000000
   1.2599999958   0.0000000000  -0.0000000000   0.0000000000
   1.2649999958   0.0000000000  -0.0000000000   0.0000000000
   1.2699999957   0.0000000000   0.0000000000   0.0000000000
   1.2749999957  -0.0000000000   0.0000000000  -0.0000000000
   1.2799999957  -0.0000000000   0.0000000000  -0.0000000000
   1.2849999957  -0.0000000000   0.0000000000  -0.0000000000
   1.2899999957  -0.0000000000   0.0000000000  -0.0000000000
   1.2949999957  -0.0000000000  -0.0000000000  -0.0000000000
   1.2999999956   0.0000000000  -0.0000000000   0.0000000000
   1.3049999956   0.0000000000  -0.0000000000   0.0000000000
   1.3099999956   0.0000000000  -0.0000000000   0.0000000000
   1.3149999956   0.0000000000  -0.0000000000   0.0000000000
   1.3199999956  -0.0000000000   0.0000000000  -0.0000000000
   1.3249999956  -0.0000000000   0.0000000000  -0.0000000000
   1.3299999955  -0.0000000000   0.0000000000  -0.0000000000
   1.3349999955  -0.0000000000   0.0000000000  -0.0000000000
   1.3399999955  -0.0000000000  -0.0000000000  -0.0000000000
   1.3449999955   0.0000000000  -0.0000000000   0.0000000000
   1.3499999955   0.0000000000  -0.0000000000   0.0000000000
   1.3549999954   0.0000000000  -0.0000000000   0.0000000000
   1.3599999954   0.0000000000  -0.0000000000   0.0000000000
   1.3649999954   0.0000000000   0.0000000000   0.0000000000
   1.3699999954  -0.0000000000   0.0000000000  -0.0000000000
   1.3749999954  -0.0000000000   0.0000000000  -0.0000000000
   1.3799999954  -0.0000000000   0.0000000000  -0.0000000000
   1.3849999953  -0.0000000000   0.0000000000  -0.0000000000
   1.3899999953   0.0000000000  -0.0000000000   0.0000000000
   1.3949999953   0.0000000000  -0.0000000000   0.0000000000
   1.3999999953   0.0000000000  -0.0000000000   0.0000000000
   1.4049999953   0.0000000000  -0.0000000000   0.0000000000
   1.4099999953   0.0000000000   0.0000000000   0.0000000000
   1.4149999952  -0.0000000000   0.0000000000  -0.0000000000
   1.4199999952  -0.0000000000   0.0000000000  -0.0000000000
   1.4249999952  -0.0000000000   0.0000000000  -0.0000000000
   1.4299999952  -0.0000000000   0.0000000000  -0.0000000000
   1.4349999952   0.0000000000  -0.0000000000   0.0000000000
   1.4399999952   0.0000000000  -0.0000000000   0.0000000000
   1.4449999951   0.0000000000  -0.0000000000   0.0000000000
   1.4499999951  -0.0000000000  -0.0000000000  -0.0000000000
   1.4549999951  -0.0000000000   0.0000000000  -0.0000000000
   1.4599999951  -0.0000000000   0.0000000000  -0.0000000000
   1.4649999951  -0.0000000000   0.0000000000  -0.0000000000
   1.4699999951   0.0000000000   0.0000000000   0.0000000000
   1.4749999950   0.0000000000  -0.0000000000   0.0000000000
   1.4799999950   0.0000000000  -0.0000000000   0.0000000000
   1.4849999950   0.0000000000  -0.0000000000   0.0000000000
   1.4899999950  -0.0000000000   0.0000000000  -0.0000000000
   1.4949999950  -0.0000000000   0.0000000000  -0.0000000000
   1.4999999950  -0.0000000000   0.0000000000  -0.0000000000
   1.5049999949  -0.0000000000   0.0000000000  -0.0000000000
   1.5099999949   0.0000000000  -0.0000000000   0.0000000000
   1.5149999949   0.0000000000  -0.0000000000   0.0000000000
   1.5199999949   0.0000000000  -0.0000000000   0.0000000000
   1.5249999949   0.0000000000  -0.0000000000   0.0000000000
   1.5299999949  -0.0000000000   0.0000000000  -0.0000000000
   1.5349999948  -0.0000000000   0.0000000000  -0.0000000000
   1.5399999948  -0.0000000000   0.0000000000  -0.0000000000
   1.5449999948  -0.0000000000   0.0000000000  -0.0000000000
   1.5499999948   0.0000000000  -0.0000000000   0.0000000000
   1.5549999948   0.0000000000  -0.0000000000   0.0000000000
   1.5599999948   0.0000000000  -0.0000000000   0.0000000000
   1.5649999947   0.0000000000  -0.0000000000   0.0000000000
   1.5699999947  -0.0000000000   0.0000000000  -0.0000000000
   1.5749999947  -0.0000000000   0.0000000000  -0.0000000000
   1.5799999947  -0.0000000000   0.0000000000  -0.0000000000
   1.5849999947  -0.0000000000   0.0000000000  -0.0000000000
   1.5899999947  -0.0000000000   0.0000000000  -0.0000000000
   1.5949999946   0.0000000000  -0.0000000000   0.0000000000
   1.5999999946   0.0000000000  -0.0000000000   0.0000000000
   1.6049999946   0.0000000000  -0.0000000000   0.0000000000
   1.6099999946   0.0000000000  -0.0000000000   0.0000000000
   1.6149999946  -0.0000000000   0.0000000000  -0.0000000000
   1.6199999946  -0.0000000000   0.0000000000  -0.0000000000
   1.6249999945  -0.0000000000   0.0000000000  -0.0000000000
   1.6299999945  -0.0000000000   0.0000000000  -0.0000000000
   1.6349999945   0.0000000000  -0.0000000000   0.0000000000
   1.6399999945   0.0000000000  -0.0000000000   0.0000000000
   1.6449999945   0.0000000000  -0.0000000000   0.0000000000
   1.6499999945   0.0000000000  -0.0000000000   0.0000000000
   1.6549999944  -0.0000000000   0.0000000000  -0.0000000000
   1.6599999944  -0.0000000000   0.0000000000  -0.0000000000
   1.6649999944  -0.0000000000   0.0000000000  -0.0000000000
   1.6699999944  -0.0000000000   0.0000000000  -0.0000000000
   1.6749999944  -0.0000000000   0.0000000000  -0.0000000000
   1.6799999944   0.0000000000  -0.0000000000   0.0000000000
   1.6849999943   0.0000000000  -0.0000000000   0.0000000000
   1.6899999943   0.0000000000  -0.0000000000   0.0000000000
   1.6949999943   0.0000000000  -0.0000000000   0.0000000000
   1.6999999943  -0.0000000000   0.0000000000  -0.0000000000
   1.7049999943  -0.0000000000   0.0000000000  -0.0000000000
   1.7099999943  -0.0000000000   0.0000000000  -0.0000000000
   1.7149999942  -0.0000000000   0.0000000000  -0.0000000000
   1.7199999942   0.0000000000  -0.0000000000   0.0000000000
   1.7249999942   0.0000000000  -0.0000000000   0.0000000000
   1.7299999942   0.0000000000  -0.0000000000   0.0000000000
   1.7349999942   0.0000000000  -0.0000000000   0.0000000000
   1.7399999942   0.0000000000  -0.0000000000   0.0000000000
   1.7449999941  -0.0000000000   0.0000000000  -0.0000000000
   1.7499999941  -0.0000000000   0.0000000000  -0.0000000000
   1.7549999941  -0.0000000000   0.0000000000  -0.0000000000
   1.7599999941  -0.0000000000   0.0000000000  -0.0000000000
   1.7649999941   0.0000000000  -0.0000000000   0.0000000000
   1.7699999941   0.0000000000  -0.0000000000   0.0000000000
   1.7749999940   0.0000000000  -0.0000000000   0.0000000000
   1.7799999940   0.0000000000  -0.0000000000   0.0000000000
   1.7849999940  -0.0000000000  -0.0000000000  -0.0000000000
   1.7899999940  -0.0000000000   0.0000000000  -0.0000000000
   1.7949999940  -0.0000000000   0.0000000000  -0.0000000000
   1.7999999940  -0.0000000000   0.0000000000  -0.0000000000
   1.8049999939  -0.0000000000   0.0000000000  -0.0000000000
   1.8099999939   0.0000000000  -0.0000000000   0.0000000000
   1.8149999939   0.0000000000  -0.0000000000   0.0000000000
   1.8199999939   0.0000000000  -0.0000000000   0.0000000000
   1.8249999939   0.0000000000  -0.0000000000   0.0000000000
   1.8299999939  -0.0000000000   0.0000000000  -0.0000000000
   1.8349999938  -0.0000000000   0.0000000000  -0.0000000000
   1.8399999938  -0.0000000000   0.0000000000  -0.0000000000
   1.8449999938  -0.0000000000   0.0000000000  -0.0000000000
   1.8499999938  -0.0000000000   0.0000000000  -0.0000000000
   1.8549999938   0.0000000000  -0.0000000000   0.0000000000
   1.8599999938   0.0000000000  -0.0000000000   0.0000000000
   1.8649999937   0.0000000000  -0.0000000000   0.0000000000
   1.8699999937   0.0000000000  -0.0000000000   0.0000000000
   1.8749999937  -0.0000000000   0.0000000000  -0.0000000000
   1.8799999937  -0.0000000000   0.0000000000  -0.0000000000
   1.8849999937  -0.0000000000   0.0000000000  -0.0000000000
   1.8899999937  -0.0000000000   0.0000000000  -0.0000000000
   1.8949999936   0.0000000000   0.0000000000   0.0000000000
   1.8999999936   0.0000000000  -0.0000000000   0.0000000000
   1.9049999936   0.0000000000  -0.0000000000   0.0000000000
   1.9099999936   0.0000000000  -0.0000000000   0.0000000000
   1.9149999936   0.0000000000  -0.0000000000   0.0000000000
   1.9199999936  -0.0000000000   0.0000000000  -0.0000000000
   1.9249999935  -0.0000000000   0.0000000000  -0.0000000000
   1.9299999935  -0.0000000000   0.0000000000  -0.0000000000
   1.9349999935  -0.0000000000   0.0000000000  -0.0000000000
   1.9399999935   0.0000000000   0.0000000000   0.0000000000
   1.9449999935   0.0000000000  -0.0000000000   0.0000000000
   1.9499999935   0.0000000000  -0.0000000000   0.0000000000
   1.9549999934   0.0000000000  -0.0000000000   0.0000000000
   1.9599999934   0.0000000000  -0.0000000000   0.0000000000
   1.9649999934  -0.0000000000   0.0000000000  -0.0000000000
   1.9699999934  -0.0000000000   0.0000000000  -0.0000000000
   1.9749999934  -0.0000000000   0.0000000000  -0.0000000000
   1.9799999934  -0.0000000000   0.0000000000  -0.0000000000
   1.9849999933   0.0000000000   0.0000000000   0.0000000000
   1.9899999933   0.0000000000  -0.0000000000   0.0000000000
   1.9949999933   0.0000000000  -0.0000000000   0.0000000000
   1.9999999933   0.0000000000  -0.0000000000   0.0000000000
   2.0049999933   0.0000000000  -0.0000000000   0.0000000000
   2.0099999933  -0.0000000000   0.0000000000  -0.0000000000
   2.0149999932  -0.0000000000   0.0000000000  -0.0000000000
   2.0199999932  -0.0000000000   0.0000000000  -0.0000000000
   2.0249999932  -0.0000000000   0.0000000000  -0.0000000000
   2.0299999932   0.0000000000   0.0000000000   0.0000000000
   2.0349999932   0.0000000000  -0.0000000000   0.0000000000
   2.0399999931   0.0000000000  -0.0000000000   0.0000000000
   2.0449999931   0.0000000000  -0.0000000000   0.0000000000
   2.0499999931   0.0000000000  -0.0000000000   0.0000000000
   2.0549999931  -0.0000000000   0.0000000000  -0.0000000000
   2.0599999931  -0.0000000000   0.0000000000  -0.0000000000
   2.0649999931  -0.0000000000   0.0000000000  -0.0000000000
   2.0699999930  -0.0000000000   0.0000000000  -0.0000000000
   2.0749999930  -0.0000000000   0.0000000000  -0.0000000000
   2.0799999930   0.0000000000  -0.0000000000   0.0000000000
   2.0849999930   0.0000000000  -0.0000000000   0.0000000000
   2.0899999930   0.0000000000  -0.0000000000   0.0000000000
   2.0949999930   0.0000000000  -0.0000000000   0.0000000000
   2.0999999929  -0.0000000000  -0.0000000000  -0.0000000000
   2.1049999929  -0.0000000000   0.0000000000  -0.0000000000
   2.1099999929  -0.0000000000   0.0000000000  -0.0000000000
   2.1149999929  -0.0000000000   0.0000000000  -0.0000000000
   2.1199999929  -0.0000000000   0.0000000000  -0.0000000000
   2.1249999929   0.0000000000  -0.0000000000   0.0000000000
   2.1299999928   0.0000000000  -0.0000000000   0.0000000000
   2.1349999928   0.0000000000  -0.0000000000   0.0000000000
   2.1399999928   0.0000000000  -0.0000000000   0.0000000000
   2.1449999928   0.0000000000  -0.0000000000   0.0000000000
   2.1499999928  -0.0000000000   0.0000000000  -0.0000000000
   2.1549999928  -0.0000000000   0.0000000000  -0.0000000000
   2.1599999927  -0.0000000000   0.0000000000  -0.0000000000
   2.1649999927  -0.0000000000   0.0000000000  -0.0000000000
   2.1699999927   0.0000000000   0.0000000000   0.0000000000
   2.1749999927   0.0000000000  -0.0000000000   0.0000000000
   2.1799999927   0.0000000000  -0.0000000000   0.0000000000
   2.1849999927   0.0000000000  -0.0000000000   0.0000000000
   2.1899999926   0.0000000000  -0.0000000000   0.0000000000
   2.1949999926  -0.0000000000   0.0000000000  -0.0000000000
   2.1999999926  -0.0000000000   0.0000000000  -0.0000000000
   2.2049999926  -0.0000000000   0.0000000000  -0.0000000000
   2.2099999926  -0.0000000000   0.0000000000  -0.0000000000
   2.2149999926  -0.0000000000   0.0000000000  -0.0000000000
   2.2199999925   0.0000000000  -0.0000000000   0.0000000000
   2.2249999925   0.0000000000  -0.0000000000   0.0000000000
   2.2299999925   0.0000000000  -0.0000000000   0.0000000000
   2.2349999925   0.0000000000  -0.0000000000   0.0000000000
   2.2399999925   0.0000000000  -0.0000000000   0.0000000000
   2.2449999925  -0.0000000000   0.0000000000  -0.0000000000
   2.2499999924  -0.0000000000   0.0000000000  -0.0000000000
   2.2549999924  -0.0000000000   0.0000000000  -0.0000000000
   2.2599999924  -0.0000000000   0.0000000000  -0.0000000000
   2.2649999924   0.0000000000   0.0000000000   0.0000000000
   2.2699999924   0.0000000000  -0.0000000000   0.0000000000
   2.2749999924   0.0000000001  -0.0000000000   0.0000000001
   2.2799999923   0.0000000001  -0.0000000000   0.0000000001
   2.2849999923   0.0000000000  -0.0000000000   0.0000000000
   2.2899999923  -0.0000000000  -0.0000000000  -0.0000000000
   2.2949999923  -0.0000000001   0.0000000000  -0.0000000001
   2.2999999923  -0.0000000002   0.0000000001  -0.0000000002
   2.3049999923  -0.0000000002   0.0000000001  -0.0000000002
   2.3099999922  -0.0000000001   0.0000000001  -0.0000000001
   2.3149999922   0.0000000001  -0.0000000000   0.0000000001
   2.3199999922   0.0000000003  -0.0000000001   0.0000000003
   2.3249999922   0.0000000005  -0.0000000002   0.0000000005
   2.3299999922   0.0000000005  -0.0000000002   0.0000000005
   2.3349999922   0.0000000002  -0.0000000001   0.0000000002
   2.3399999921  -0.0000000004   0.0000000001  -0.0000000004
   2.3449999921  -0.0000000011   0.0000000004  -0.0000000011
   2.3499999921  -0.0000000015   0.0000000006  -0.0000000015
   2.3549999921  -0.0000000013   0.0000000007  -0.0000000013
   2.3599999921  -0.0000000003   0.0000000004  -0.0000000003
   2.3649999921   0.0000000014  -0.0000000003   0.0000000014
   2.3699999920   0.0000000032  -0.0000000011   0.0000000032
   2.3749999920   0.0000000043  -0.0000000018   0.0000000043
   2.3799999920   0.0000000036  -0.0000000019   0.0000000036
   2.3849999920   0.0000000006  -0.0000000010   0.0000000006
   2.3899999920  -0.0000000043   0.0000000009  -0.0000000043
   2.3949999920  -0.0000000093   0.0000000032  -0.0000000093
   2.3999999919  -0.0000000120   0.0000000051  -0.0000000120
   2.4049999919  -0.0000000097   0.0000000052  -0.0000000097
   2.4099999919  -0.0000000012   0.0000000027  -0.0000000012
   2.4149999919   0.0000000121  -0.0000000025   0.0000000121
   2.4199999919   0.0000000257  -0.0000000089   0.0000000257
   2.4249999919   0.0000000326  -0.0000000139   0.0000000326
   2.4299999918   0.0000000261  -0.0000000141   0.0000000261
   2.4349999918   0.0000000032  -0.0000000073   0.0000000032
   2.4399999918  -0.0000000321   0.0000000065  -0.0000000321
   2.4449999918  -0.0000000677   0.0000000235  -0.0000000677
   2.4499999918  -0.0000000858   0.0000000367  -0.0000000858
   2.4549999918  -0.0000000696   0.0000000377  -0.0000000696
   2.4599999917  -0.0000000114   0.0000000205  -0.0000000114
   2.4649999917   0.0000000786  -0.0000000146   0.0000000786
   2.4699999917   0.0000001702  -0.0000000582   0.0000001702
   2.4749999917   0.0000002193  -0.0000000930   0.0000002193
   2.4799999917   0.0000001837  -0.0000000981   0.0000001837
   2.4849999917   0.0000000441  -0.0000000582   0.0000000441
   2.4899999916  -0.0000001764   0.0000000267  -0.0000001764
   2.4949999916  -0.0000004064   0.0000001353  -0.0000004064
   2.4999999916  -0.0000005409   0.0000002259  -0.0000005409
   2.5049999916  -0.0000004770   0.0000002484  -0.0000004770
   2.5099999916  -0.0000001641   0.0000001644  -0.0000001641
   2.5149999916   0.0000003521  -0.0000000303   0.0000003521
   2.5199999915   0.0000009131  -0.0000002898   0.0000009131
   2.5249999915   0.0000012787  -0.0000005208   0.0000012787
   2.5299999915   0.0000012061  -0.0000006067   0.0000012061
   2.5349999915   0.0000005603  -0.0000004524   0.0000005603
   2.5399999915  -0.0000005841  -0.0000000356  -0.0000005841
   2.5449999915  -0.0000019009   0.0000005563  -0.0000019009
   2.5499999914  -0.0000028682   0.0000011257  -0.0000028682
   2.5549999914  -0.0000029320   0.0000014134  -0.0000029320
   2.5599999914  -0.0000017407   0.0000011914  -0.0000017407
   2.5649999914   0.0000006311   0.0000003737   0.0000006311
   2.5699999914   0.0000035702  -0.0000008970   0.0000035702
   2.5749999914   0.0000060121  -0.0000022345   0.0000060121
   2.5799999913   0.0000067508  -0.0000030937   0.0000067508
   2.5849999913   0.0000049085  -0.0000029516   0.0000049085
   2.5899999913   0.0000004115  -0.0000015352   0.0000004115
   2.5949999913  -0.0000057285   0.0000009849  -0.0000057285
   2.5999999913  -0.0000115053   0.0000039278  -0.0000115053
   2.6049999913  -0.0000144505   0.0000062284  -0.0000144505
   2.6099999912  -0.0000125100   0.0000067588  -0.0000125100
   2.6149999912  -0.0000049988   0.0000047673  -0.0000049988
   2.6199999912   0.0000067374   0.0000002892   0.0000067374
   2.6249999912   0.0000193013  -0.0000056470   0.0000193013
   2.6299999912   0.0000280366  -0.0000111527   0.0000280366
   2.6349999912   0.0000285231  -0.0000139881   0.0000285231
   2.6399999911   0.0000183532  -0.0000123370   0.0000183532
   2.6449999911  -0.0000014411  -0.0000056124  -0.0000014411
   2.6499999911  -0.0000259475   0.0000050160  -0.0000259475
   2.6549999911  -0.0000473087   0.0000166361  -0.0000473087
   2.6599999911  -0.0000569743   0.0000252651  -0.0000569743
   2.6649999911  -0.0000486937   0.0000270682  -0.0000486937
   2.6699999910  -0.0000212792   0.0000197816  -0.0000212792
   2.6749999910   0.0000199254   0.0000038586   0.0000199254
   2.6799999910   0.0000636478  -0.0000171321   0.0000636478
   2.6849999910   0.0000955052  -0.0000371358   0.0000955052
   2.6899999910   0.0001024014  -0.0000492230   0.0001024014
   2.6949999909   0.0000772014  -0.0000477807   0.0000772014
   2.6999999909   0.0000220985  -0.0000306153   0.0000220985
   2.7049999909  -0.0000506617  -0.0000002370  -0.0000506617
   2.7099999909  -0.0001212794   0.0000362166  -0.0001212794
   2.7149999909  -0.0001676669   0.0000685645  -0.0001676669
   2.7199999909  -0.0001720451   0.0000863306  -0.0001720451
   2.7249999908  -0.0001268721   0.0000818993  -0.0001268721
   2.7299999908  -0.0000381713   0.0000531258  -0.0000381713
   2.7349999908   0.0000749481   0.0000045529   0.0000749481
   2.7399999908   0.0001846389  -0.0000532248   0.0001846389
   2.7449999908   0.0002613954  -0.0001059610   0.0002613954
   2.7499999908   0.0002818782  -0.0001393061   0.0002818782
   2.7549999907   0.0002352868  -0.0001425418   0.0002352868
   2.7599999907   0.0001265536  -0.0001114960   0.0001265536
   2.7649999907  -0.0000243931  -0.0000498838  -0.0000243931
   2.7699999907  -0.0001869208   0.0000312241  -0.0001869208
   2.7749999907  -0.0003262611   0.0001156017  -0.0003262611
   2.7799999907  -0.0004106521   0.0001851432  -0.0004106521
   2.7849999906  -0.0004174853   0.0002234442  -0.0004174853
   2.7899999906  -0.0003374197   0.0002189681  -0.0003374197
   2.7949999906  -0.0001761036   0.0001672966  -0.0001761036
   2.7999999906   0.0000462898   0.0000722338   0.0000462898
   2.8049999906   0.0002972221  -0.0000542311   0.0002972221
   2.8099999906   0.0005351256  -0.0001929618   0.0005351256
   2.8149999905   0.0007135186  -0.0003195195   0.0007135186
   2.8199999905   0.0007855991  -0.0004066135   0.0007855991
   2.8249999905   0.0007089912  -0.0004269347   0.0007089912
   2.8299999905   0.0004501897  -0.0003561039   0.0004501897
   2.8349999905  -0.0000118726  -0.0001754018  -0.0000118726
   2.8399999905  -0.0006836800   0.0001260663  -0.0006836800
   2.8449999904  -0.0015566961   0.0005500547  -0.0015566961
   2.8499999904  -0.0026085004   0.0010888323  -0.0026085004
   2.8549999904  -0.0038049530   0.0017257252  -0.0038049530
   2.8599999904  -0.0051026471   0.0024362935  -0.0051026471
   2.8649999904  -0.0064510636   0.0031898335  -0.0064510636
   2.8699999904  -0.0077942942   0.0039509867  -0.0077942942
   2.8749999903  -0.0090727436   0.0046814245  -0.0090727436
   2.8799999903  -0.0102255510   0.0053417648  -0.0102255510
   2.8849999903  -0.0111943619   0.0058939383  -0.0111943619
   2.8899999903  -0.0119284837   0.0063040894  -0.0119284837
   2.8949999903  -0.0123906079   0.0065457985  -0.0123906079
   2.8999999903  -0.0125615521   0.0066030632  -0.0125615521
   2.9049999902  -0.0124422868   0.0064722575  -0.0124422868
   2.9099999902  -0.0120520612   0.0061623448  -0.0120520612
   2.9149999902  -0.0114226347   0.0056929984  -0.0114226347
   2.9199999902  -0.0105900261   0.0050908845  -0.0105900261
   2.9249999902  -0.0095862484   0.0043849775  -0.0095862484
   2.9299999902  -0.0084337172   0.0036021556  -0.0084337172
   2.9349999901  -0.0071442319   0.0027642985  -0.0071442319
   2.9399999901  -0.0057228829   0.0018876439  -0.0057228829
   2.9449999901  -0.0041754966   0.0009844199  -0.0041754966
   2.9499999901  -0.0025169693   0.0000660143  -0.0025169693
   2.9549999901  -0.0007775525  -0.0008535465  -0.0007775525
   2.9599999901   0.0009950704  -0.0017550782   0.0009950704
   2.9649999900   0.0027385671  -0.0026135536   0.0027385671
   2.9699999900   0.0043826207  -0.0033994590   0.0043826207
   2.9749999900   0.0058573897  -0.0040817336   0.0058573897
   2.9799999900   0.0071014575  -0.0046314130   0.0071014575
   2.9849999900   0.0080676086  -0.0050250488   0.0080676086
   2.9899999900   0.0087258812  -0.0052472527   0.0087258812
   2.9949999899   0.0090643817  -0.0052921416   0.0090643817
   2.9999999899   0.0090888414  -0.0051638289   0.0090888414
   3.0049999899   0.0088217334  -0.0048762534   0.0088217334
   3.0099999899   0.0083011313  -0.0044525499   0.0083011313
   3.0149999899   0.0075788401  -0.0039239478   0.0075788401
   3.0199999899   0.0067170653  -0.0033280005   0.0067170653
   3.0249999898   0.0057832128  -0.0027059555   0.0057832128
   3.0299999898   0.0048431898  -0.0020992905   0.0048431898
   3.0349999898   0.0039544078  -0.0015457893   0.0039544078
   3.0399999898   0.0031601313  -0.0010758308   0.0031601313
   3.0449999898   0.0024865953  -0.0007096561   0.0024865953
   3.0499999898   0.0019434800  -0.0004561881   0.0019434800
   3.0549999897   0.0015272292  -0.0003135643   0.0015272292
   3.0599999897   0.0012258133  -0.0002710704   0.0012258133
   3.0649999897   0.0010232550  -0.0003118224   0.0010232550
   3.0699999897   0.0009026514  -0.0004154721   0.0009026514
   3.0749999897   0.0008473168  -0.0005604049   0.0008473168
   3.0799999897   0.0008405984  -0.0007252608   0.0008405984
   3.0849999896   0.0008654437  -0.0008899429   0.0008654437
   3.0899999896   0.0009047092  -0.0010364472   0.0009047092
   3.0949999896   0.0009425844  -0.0011497810   0.0009425844
   3.0999999896   0.0009667141  -0.0012190034   0.0009667141
   3.1049999896   0.0009700597  -0.0012381603   0.0009700597
   3.1099999896   0.0009515217  -0.0012067471   0.0009515217
   3.1149999895   0.0009148688  -0.0011294032   0.0009148688
   3.1199999895   0.0008663029  -0.0010147851   0.0008663029
   3.1249999895   0.0008116358  -0.0008738722   0.0008116358
   3.1299999895   0.0007542433  -0.0007181687   0.0007542433
   3.1349999895   0.0006945806  -0.0005582885   0.0006945806
   3.1399999895   0.0006313036  -0.0004032180   0.0006313036
   3.1449999894   0.0005632880  -0.0002602542   0.0005632880
   3.1499999894   0.0004914509  -0.0001353452   0.0004914509
   3.1549999894   0.0004194366  -0.0000334377   0.0004194366
   3.1599999894   0.0003528308   0.0000414769   0.0003528308
   3.1649999894   0.0002973129   0.0000867045   0.0002973129
   3.1699999894   0.0002566745   0.0001014038   0.0002566745
   3.1749999893   0.0002316651   0.0000870330   0.0002316651
   3.1799999893   0.0002201872   0.0000473860   0.0002201872
   3.1849999893   0.0002186687  -0.0000119007   0.0002186687
   3.1899999893   0.0002238570  -0.0000842430   0.0002238570
   3.1949999893   0.0002340865  -0.0001630915   0.0002340865
   3.1999999893   0.0002493631  -0.0002426512   0.0002493631
   3.2049999892   0.0002702247  -0.0003181210   0.0002702247
   3.2099999892   0.0002959685  -0.0003854635   0.0002959685
   3.2149999892   0.0003231597  -0.0004409330   0.0003231597
   3.2199999892   0.0003452087  -0.0004806873   0.0003452087
   3.2249999892   0.0003532821  -0.0005007403   0.0003532821
   3.2299999892   0.0003381726  -0.0004973269   0.0003381726
   3.2349999891   0.0002923034  -0.0004675265   0.0002923034
   3.2399999891   0.0002110067  -0.0004098601   0.0002110067
   3.2449999891   0.0000925963  -0.0003245780   0.0000925963
   3.2499999891  -0.0000626416  -0.0002135070  -0.0000626416
   3.2549999891  -0.0002538946  -0.0000795328  -0.0002538946
   3.2599999891  -0.0004808757   0.0000740324  -0.0004808757
   3.2649999890  -0.0007438848   0.0002439091  -0.0007438848
   3.2699999890  -0.0010428091   0.0004269437  -0.0010428091
   3.2749999890  -0.0013755522   0.0006198366  -0.0013755522
   3.2799999890  -0.0017366816   0.0008186935  -0.0017366816
   3.2849999890  -0.0021169971   0.0010186757  -0.0021169971
   3.2899999890  -0.0025042866   0.0012139778  -0.0025042866
   3.2949999889  -0.0028849763   0.0013981963  -0.0028849763
   3.2999999889  -0.0032459760   0.0015649603  -0.0032459760
   3.3049999889  -0.0035759642   0.0017085744  -0.0035759642
   3.3099999889  -0.0038656659   0.0018244208  -0.0038656659
   3.3149999889  -0.0041071977   0.0019089990  -0.0041071977
   3.3199999889  -0.0042930187   0.0019596625  -0.0042930187
   3.3249999888  -0.0044152025   0.0019742608  -0.0044152025
   3.3299999888  -0.0044655687   0.0019509317  -0.0044655687
   3.3349999888  -0.0044367491   0.0018882014  -0.0044367491
   3.3399999888  -0.0043237833   0.0017853795  -0.0043237833
   3.3449999888  -0.0041255432   0.0016430753  -0.0041255432
   3.3499999888  -0.0038453547   0.0014635869  -0.0038453547
   3.3549999887  -0.0034905436   0.0012509662  -0.0034905436
   3.3599999887  -0.0030711304   0.0010107084  -0.0030711304
   3.3649999887  -0.0025982642   0.0007491837  -0.0025982642
   3.3699999887  -0.0020830590   0.0004730347  -0.0020830590
   3.3749999887  -0.0015362459   0.0001887560  -0.0015362459
   3.3799999886  -0.0009686088  -0.0000974356  -0.0009686088
   3.3849999886  -0.0003917686  -0.0003794920  -0.0003917686
   3.3899999886   0.0001812968  -0.0006513565   0.0001812968
   3.3949999886   0.0007364592  -0.0009069176   0.0007364592
   3.3999999886   0.0012594641  -0.0011402172   0.0012594641
   3.4049999886   0.0017374388  -0.0013458961   0.0017374388
   3.4099999885   0.0021603020  -0.0015197305   0.0021603020
   3.4149999885   0.0025215273  -0.0016590561   0.0025215273
   3.4199999885   0.0028180117  -0.0017629188   0.0028180117
   3.4249999885   0.0030492111  -0.0018319067   0.0030492111
   3.4299999885   0.0032160161  -0.0018677538   0.0032160161
   3.4349999885   0.0033199170  -0.0018728888   0.0033199170
   3.4399999884   0.0033628109  -0.0018501049   0.0033628109
   3.4449999884   0.0033474485  -0.0018024438   0.0033474485
   3.4499999884   0.0032781797  -0.0017332712   0.0032781797
   3.4549999884   0.0031615075  -0.0016464223   0.0031615075
   3.4599999884   0.0030060519  -0.0015462645   0.0030060519
   3.4649999884   0.0028218203  -0.0014375689   0.0028218203
   3.4699999883   0.0026190128  -0.0013251791   0.0026190128
   3.4749999883   0.0024068106  -0.0012135667   0.0024068106
   3.4799999883   0.0021925916  -0.0011064207   0.0021925916
   3.4849999883   0.0019818159  -0.0010064103   0.0019818159
   3.4899999883   0.0017785077  -0.0009151849   0.0017785077
   3.4949999883   0.0015860076  -0.0008335818   0.0015860076
   3.4999999882   0.0014075740  -0.0007619281   0.0014075740
   3.5049999882   0.0012465222  -0.0007002974   0.0012465222
   3.5099999882   0.0011058409  -0.0006486174   0.0011058409
   3.5149999882   0.0009874930  -0.0006066071   0.0009874930
   3.5199999882   0.0008917644  -0.0005736088   0.0008917644
   3.5249999882   0.0008170081  -0.0005484375   0.0008170081
   3.5299999881   0.0007599499  -0.0005293612   0.0007599499
   3.5349999881   0.0007164667  -0.0005142707   0.0007164667
   3.5399999881   0.0006825378  -0.0005010015   0.0006825378
   3.5449999881   0.0006550002  -0.0004876982   0.0006550002
   3.5499999881   0.0006318322  -0.0004730843   0.0006318322
   3.5549999881   0.0006119094  -0.0004565372   0.0006119094
   3.5599999880   0.0005944119  -0.0004379551   0.0005944119
   3.5649999880   0.0005782133  -0.0004174921   0.0005782133
   3.5699999880   0.0005615762  -0.0003952970   0.0005615762
   3.5749999880   0.0005423198  -0.0003713831   0.0005423198
   3.5799999880   0.0005183955  -0.0003456845   0.0005183955
   3.5849999880   0.0004885967  -0.0003182610   0.0004885967
   3.5899999879   0.0004530584  -0.0002895291   0.0004530584
   3.5949999879   0.0004132873  -0.0002603832   0.0004132873
   3.5999999879   0.0003716803  -0.0002321167   0.0003716803
   3.6049999879   0.0003307293  -0.0002061518   0.0003307293
   3.6099999879   0.0002922572  -0.0001836850   0.0002922572
   3.6149999879   0.0002570204  -0.0001653983   0.0002570204
   3.6199999878   0.0002248353  -0.0001513625   0.0002248353
   3.6249999878   0.0001951354  -0.0001411699   0.0001951354
   3.6299999878   0.0001676583  -0.0001342238   0.0001676583
   3.6349999878   0.0001429001  -0.0001300426   0.0001429001
   3.6399999878   0.0001220969  -0.0001284297   0.0001220969
   3.6449999878   0.0001067309  -0.0001294322   0.0001067309
   3.6499999877   0.0000978055  -0.0001331200   0.0000978055
   3.6549999877   0.0000952524  -0.0001393033   0.0000952524
   3.6599999877   0.0000977785  -0.0001473447   0.0000977785
   3.6649999877   0.0001032405  -0.0001561702   0.0001032405
   3.6699999877   0.0001093800  -0.0001644899   0.0001093800
   3.6749999877   0.0001145697  -0.0001711350   0.0001145697
   3.6799999876   0.0001182235  -0.0001753620   0.0001182235
   3.6849999876   0.0001206922  -0.0001769910   0.0001206922
   3.6899999876   0.0001227208  -0.0001763253   0.0001227208
   3.6949999876   0.0001247636  -0.0001739018   0.0001247636
   3.6999999876   0.0001265085  -0.0001701968   0.0001265085
   3.7049999876   0.0001268546  -0.0001654275   0.0001268546
   3.7099999875   0.0001243481  -0.0001595328   0.0001243481
   3.7149999875   0.0001178576  -0.0001523281   0.0001178576
   3.7199999875   0.0001071484  -0.0001437442   0.0001071484
   3.7249999875   0.0000930746  -0.0001340235   0.0000930746
   3.7299999875   0.0000772966  -0.0001237722   0.0000772966
   3.7349999875   0.0000616613  -0.0001138413   0.0000616613
   3.7399999874   0.0000475386  -0.0001050900   0.0000475386
   3.7449999874   0.0000354163  -0.0000981413   0.0000354163
   3.7499999874   0.0000249223  -0.0000932346   0.0000249223
   3.7549999874   0.0000152363  -0.0000902355   0.0000152363
   3.7599999874   0.0000056710  -0.0000887837   0.0000056710
   3.7649999874  -0.0000038600  -0.0000885012  -0.0000038600
   3.7699999873  -0.0000127087  -0.0000891607  -0.0000127087
   3.7749999873  -0.0000197452  -0.0000907386  -0.0000197452
   3.7799999873  -0.0000238675  -0.0000933381  -0.0000238675
   3.7849999873  -0.0000245267  -0.0000970298  -0.0000245267
   3.7899999873  -0.0000220217  -0.0001016945  -0.0000220217
   3.7949999873  -0.0000174337  -0.0001069518  -0.0000174337
   3.7999999872  -0.0000122326  -0.0001122117  -0.0000122326
   3.8049999872  -0.0000077342  -0.0001168333  -0.0000077342
   3.8099999872  -0.0000046505  -0.0001203191  -0.0000046505
   3.8149999872  -0.0000029274  -0.0001224598  -0.0000029274
   3.8199999872  -0.0000019300  -0.0001233639  -0.0000019300
   3.8249999872  -0.0000008794  -0.0001233600  -0.0000008794
   3.8299999871   0.0000006694  -0.0001228172   0.0000006694
   3.8349999871   0.0000025356  -0.0001219660   0.0000025356
   3.8399999871   0.0000039443  -0.0001208040   0.0000039443
   3.8449999871   0.0000038694  -0.0001191302   0.0000038694
   3.8499999871   0.0000015246  -0.0001166929   0.0000015246
   3.8549999871  -0.0000032304  -0.0001133798  -0.0000032304
   3.8599999870  -0.0000097690  -0.0001093581  -0.0000097690
   3.8649999870  -0.0000169253  -0.0001050892  -0.0000169253
   3.8699999870  -0.0000234692  -0.0001012053  -0.0000234692
   3.8749999870  -0.0000286073  -0.0000982944  -0.0000286073
   3.8799999870  -0.0000322700  -0.0000966914  -0.0000322700
   3.8849999870  -0.0000350504  -0.0000963706  -0.0000350504
   3.8899999869  -0.0000378254  -0.0000969887  -0.0000378254
   3.8949999869  -0.0000412488  -0.0000980612  -0.0000412488
   3.8999999869  -0.0000453670  -0.0000991872  -0.0000453670
   3.9049999869  -0.0000495516  -0.0001002186  -0.0000495516
   3.9099999869  -0.0000527818  -0.0001012952  -0.0000527818
   3.9149999869  -0.0000541399  -0.0001027328  -0.0000541399
   3.9199999868  -0.0000532757  -0.0001048223  -0.0000532757
   3.9249999868  -0.0000506084  -0.0001076416  -0.0000506084
   3.9299999868  -0.0000471679  -0.0001109711  -0.0000471679
   3.9349999868  -0.0000441520  -0.0001143553  -0.0000441520
   3.9399999868  -0.0000424139  -0.0001172778  -0.0000424139
   3.9449999868  -0.0000421247  -0.0001193648  -0.0000421247
   3.9499999867  -0.0000427670  -0.0001205197  -0.0000427670
   3.9549999867  -0.0000434518  -0.0001209298  -0.0000434518
   3.9599999867  -0.0000433954  -0.0001209470  -0.0000433954
   3.9649999867  -0.0000423250  -0.0001209066  -0.0000423250
   3.9699999867  -0.0000406199  -0.0001209745  -0.0000406199
   3.9749999867  -0.0000391312  -0.0001210934  -0.0000391312
   3.9799999866  -0.0000387752  -0.0001210484  -0.0000387752
   3.9849999866  -0.0000400991  -0.0001206134  -0.0000400991
   3.9899999866  -0.0000430235  -0.0001197012  -0.0000430235
   3.9949999866  -0.0000468740  -0.0001184442  -0.0000468740
   3.9999999866  -0.0000506802  -0.0001171649  -0.0000506802
   4.0049999866  -0.0000535938  -0.0001162531  -0.0000535938
   4.0099999865  -0.0000552353  -0.0001160074  -0.0000552353
   4.0149999865  -0.0000558138  -0.0001165150  -0.0000558138
   4.0199999865  -0.0000559768  -0.0001176248  -0.0000559768
   4.0249999865  -0.0000564677  -0.0001190252  -0.0000564677
   4.0299999865  -0.0000577556  -0.0001203894  -0.0000577556
   4.0349999864  -0.0000598048  -0.0001215224  -0.0000598048
   4.0399999864  -0.0000620900  -0.0001224428  -0.0000620900
   4.0449999864  -0.0000638445  -0.0001233627  -0.0000638445
   4.0499999864  -0.0000644249  -0.0001245755  -0.0000644249
   4.0549999864  -0.0000636234  -0.0001263026  -0.0000636234
   4.0599999864  -0.0000617818  -0.0001285692  -0.0000617818
   4.0649999863  -0.0000596526  -0.0001311672  -0.0000596526
   4.0699999863  -0.0000580693  -0.0001337248  -0.0000580693
   4.0749999863  -0.0000575774  -0.0001358533  -0.0000575774
   4.0799999863  -0.0000581977  -0.0001373062  -0.0000581977
   4.0849999863  -0.0000594356  -0.0001380792  -0.0000594356
   4.0899999863  -0.0000605330  -0.0001384039  -0.0000605330
   4.0949999862  -0.0000608451  -0.0001386388  -0.0000608451
   4.0999999862  -0.0000601640  -0.0001391073  -0.0000601640
   4.1049999862  -0.0000588305  -0.0001399574  -0.0000588305
   4.1099999862  -0.0000575795  -0.0001411087  -0.0000575795
   4.1149999862  -0.0000571903  -0.0001423094  -0.0000571903
   4.1199999862  -0.0000581086  -0.0001432744  -0.0000581086
   4.1249999861  -0.0000602237  -0.0001438378  -0.0000602237
   4.1299999861  -0.0000629099  -0.0001440434  -0.0000629099
   4.1349999861  -0.0000653111  -0.0001441328  -0.0000653111
   4.1399999861  -0.0000667325  -0.0001444348  -0.0000667325
   4.1449999861  -0.0000669515  -0.0001452144  -0.0000669515
   4.1499999861  -0.0000662995  -0.0001465518  -0.0000662995
   4.1549999860  -0.0000654813  -0.0001483122  -0.0000654813
   4.1599999860  -0.0000652230  -0.0001502174  -0.0000652230
   4.1649999860  -0.0000659225  -0.0001519834  -0.0000659225
   4.1699999860  -0.0000674667  -0.0001534564  -0.0000674667
   4.1749999860  -0.0000692986  -0.0001546798  -0.0000692986
   4.1799999860  -0.0000706942  -0.0001558642  -0.0000706942
   4.1849999859  -0.0000711104  -0.0001572743  -0.0000711104
   4.1899999859  -0.0000704386  -0.0001590903  -0.0000704386
   4.1949999859  -0.0000690490  -0.0001613112  -0.0000690490
   4.1999999859  -0.0000676115  -0.0001637445  -0.0000676115
   4.2049999859  -0.0000667848  -0.0001660877  -0.0000667848
   4.2099999859  -0.0000669213  -0.0001680630  -0.0000669213
   4.2149999858  -0.0000679227  -0.0001695408  -0.0000679227
   4.2199999858  -0.0000693056  -0.0001705973  -0.0000693056
   4.2249999858  -0.0000704410  -0.0001714788  -0.0000704410
   4.2299999858  -0.0000708529  -0.0001724912  -0.0000708529
   4.2349999858  -0.0000704388  -0.0001738642  -0.0000704388
   4.2399999858  -0.0000695140  -0.0001756528  -0.0000695140
   4.2449999857  -0.0000686625  -0.0001777195  -0.0000686625
   4.2499999857  -0.0000684655  -0.0001798036  -0.0000684655
   4.2549999857  -0.0000692296  -0.0001816464  -0.0000692296
   4.2599999857  -0.0000708412  -0.0001831130  -0.0000708412
   4.2649999857  -0.0000728114  -0.0001842570  -0.0000728114
   4.2699999857  -0.0000744932  -0.0001852976  -0.0000744932
   4.2749999856  -0.0000753727  -0.0001865209  -0.0000753727
   4.2799999856  -0.0000753014  -0.0001881512  -0.0000753014
   4.2849999856  -0.0000745618  -0.0001902517  -0.0000745618
   4.2899999856  -0.0000737343  -0.0001927015  -0.0000737343
   4.2949999856  -0.0000734249  -0.0001952576  -0.0000734249
   4.2999999856  -0.0000739814  -0.0001976728  -0.0000739814
   4.3049999855  -0.0000753292  -0.0001998133  -0.0000753292
   4.3099999855  -0.0000770073  -0.0002017181  -0.0000770073
   4.3149999855  -0.0000783872  -0.0002035747  -0.0000783872
   4.3199999855  -0.0000789729  -0.0002056213  -0.0000789729
   4.3249999855  -0.0000786376  -0.0002080241  -0.0000786376
   4.3299999855  -0.0000776852  -0.0002107894  -0.0000776852
   4.3349999854  -0.0000767076  -0.0002137533  -0.0000767076
   4.3399999854  -0.0000763066  -0.0002166535  -0.0000763066
   4.3449999854  -0.0000768135  -0.0002192490  -0.0000768135
   4.3499999854  -0.0000781406  -0.0002214308  -0.0000781406
   4.3549999854  -0.0000798325  -0.0002232711  -0.0000798325
   4.3599999854  -0.0000812886  -0.0002249895  -0.0000812886
   4.3649999853  -0.0000820480  -0.0002268533  -0.0000820480
   4.3699999853  -0.0000820010  -0.0002290604  -0.0000820010
   4.3749999853  -0.0000814297  -0.0002316600  -0.0000814297
   4.3799999853  -0.0000808631  -0.0002345459  -0.0000808631
   4.3849999853  -0.0000808220  -0.0002375221  -0.0000808220
   4.3899999853  -0.0000815744  -0.0002404078  -0.0000815744
   4.3949999852  -0.0000830164  -0.0002431300  -0.0000830164
   4.3999999852  -0.0000847294  -0.0002457595  -0.0000847294
   4.4049999852  -0.0000861831  -0.0002484760  -0.0000861831
   4.4099999852  -0.0000869859  -0.0002514766  -0.0000869859
   4.4149999852  -0.0000870676  -0.0002548742  -0.0000870676
   4.4199999852  -0.0000867123  -0.0002586294  -0.0000867123
   4.4249999851  -0.0000864283  -0.0002625498  -0.0000864283
   4.4299999851  -0.0000867157  -0.0002663569  -0.0000867157
   4.4349999851  -0.0000878380  -0.0002697918  -0.0000878380
   4.4399999851  -0.0000896996  -0.0002727159  -0.0000896996
   4.4449999851  -0.0000918829  -0.0002751639  -0.0000918829
   4.4499999851  -0.0000938295  -0.0002773286  -0.0000938295
   4.4549999850  -0.0000950821  -0.0002794876  -0.0000950821
   4.4599999850  -0.0000954810  -0.0002819036  -0.0000954810
   4.4649999850  -0.0000952255  -0.0002847452  -0.0000952255
   4.4699999850  -0.0000947747  -0.0002880570  -0.0000947747
   4.4749999850  -0.0000946339  -0.0002917903  -0.0000946339
   4.4799999850  -0.0000951251  -0.0002958718  -0.0000951251
   4.4849999849  -0.0000962497  -0.0003002721  -0.0000962497
   4.4899999849  -0.0000977072  -0.0003050355  -0.0000977072
   4.4949999849  -0.0000990608  -0.0003102517  -0.0000990608
   4.4999999849  -0.0000999715  -0.0003159798  -0.0000999715
   4.5049999849  -0.0001003867  -0.0003221612  -0.0001003867
   4.5099999849  -0.0001005916  -0.0003285652  -0.0001005916
   4.5149999848  -0.0001010941  -0.0003348021  -0.0001010941
   4.5199999848  -0.0001023943  -0.0003404071  -0.0001023943
   4.5249999848  -0.0001047469  -0.0003449691  -0.0001047469
   4.5299999848  -0.0001080257  -0.0003482556  -0.0001080257
   4.5349999848  -0.0001117543  -0.0003502890  -0.0001117543
   4.5399999848  -0.0001152887  -0.0003513475  -0.0001152887
   4.5449999847  -0.0001180673  -0.0003518956  -0.0001180673
   4.5499999847  -0.0001198144  -0.0003524779  -0.0001198144
   4.5549999847  -0.0001206106  -0.0003536176  -0.0001206106
   4.5599999847  -0.0001208069  -0.0003557528  -0.0001208069
   4.5649999847  -0.0001208325  -0.0003592203  -0.0001208325
   4.5699999847  -0.0001209953  -0.0003642705  -0.0001209953
   4.5749999846  -0.0001213694  -0.0003710823  -0.0001213694
   4.5799999846  -0.0001218206  -0.0003797503  -0.0001218206
   4.5849999846  -0.0001221507  -0.0003902364  -0.0001221507
   4.5899999846  -0.0001222849  -0.0004022987  -0.0001222849
   4.5949999846  -0.0001224063  -0.0004154346  -0.0001224063
   4.5999999846  -0.0001229672  -0.0004288731  -0.0001229672
   4.6049999845  -0.0001245605  -0.0004416411  -0.0001245605
   4.6099999845  -0.0001277021  -0.0004527015  -0.0001277021
   4.6149999845  -0.0001326147  -0.0004611330  -0.0001326147
   4.6199999845  -0.0001391033  -0.0004663078  -0.0001391033
   4.6249999845  -0.0001465780  -0.0004680200  -0.0001465780
   4.6299999845  -0.0001542154  -0.0004665337  -0.0001542154
   4.6349999844  -0.0001611950  -0.0004625478  -0.0001611950
   4.6399999844  -0.0001669162  -0.0004570934  -0.0001669162
   4.6449999844  -0.0001711144  -0.0004513992  -0.0001711144
   4.6499999844  -0.0001738415  -0.0004467582  -0.0001738415
   4.6549999844  -0.0001753359  -0.0004444143  -0.0001753359
   4.6599999844  -0.0001758560  -0.0004454729  -0.0001758560
   4.6649999843  -0.0001755657  -0.0004508216  -0.0001755657
   4.6699999843  -0.0001745259  -0.0004610461  -0.0001745259
   4.6749999843  -0.0001727978  -0.0004763373  -0.0001727978
   4.6799999843  -0.0001705968  -0.0004964010  -0.0001705968
   4.6849999843  -0.0001684121  -0.0005204019  -0.0001684121
   4.6899999843  -0.0001670126  -0.0005469739  -0.0001670126
   4.6949999842  -0.0001673151  -0.0005743236  -0.0001673151
   4.6999999842  -0.0001701520  -0.0006004244  -0.0001701520
   4.7049999842  -0.0001760282  -0.0006232732  -0.0001760282
   4.7099999842  -0.0001849656  -0.0006411578  -0.0001849656
   4.7149999842  -0.0001964977  -0.0006528793  -0.0001964977
   4.7199999841  -0.0002098144  -0.0006578879  -0.0002098144
   4.7249999841  -0.0002239921  -0.0006563138  -0.0002239921
   4.7299999841  -0.0002382135  -0.0006489087  -0.0002382135
   4.7349999841  -0.0002518944  -0.0006369273  -0.0002518944
   4.7399999841  -0.0002646816  -0.0006219876  -0.0002646816
   4.7449999841  -0.0002763506  -0.0006059331  -0.0002763506
   4.7499999840  -0.0002866739  -0.0005907070  -0.0002866739
   4.7549999840  -0.0002953410  -0.0005782320  -0.0002953410
   4.7599999840  -0.0003019787  -0.0005702821  -0.0003019787
   4.7649999840  -0.0003062662  -0.0005683459  -0.0003062662
   4.7699999840  -0.0003080940  -0.0005734896  -0.0003080940
   4.7749999840  -0.0003076872  -0.0005862449  -0.0003076872
   4.7799999839  -0.0003056319  -0.0006065513  -0.0003056319
   4.7849999839  -0.0003027847  -0.0006337725  -0.0003027847
   4.7899999839  -0.0003000963  -0.0006667888  -0.0003000963
   4.7949999839  -0.0002984199  -0.0007041441  -0.0002984199
   4.7999999839  -0.0002983816  -0.0007442088  -0.0002983816
   4.8049999839  -0.0003003607  -0.0007853161  -0.0003003607
   4.8099999838  -0.0003045821  -0.0008258408  -0.0003045821
   4.8149999838  -0.0003112720  -0.0008642123  -0.0003112720
   4.8199999838  -0.0003207990  -0.0008988815  -0.0003207990
   4.8249999838  -0.0003337290  -0.0009282755  -0.0003337290
   4.8299999838  -0.0003507571  -0.0009507845  -0.0003507571
   4.8349999838  -0.0003725331  -0.0009648070  -0.0003725331
   4.8399999837  -0.0003994426  -0.0009688607  -0.0003994426
   4.8449999837  -0.0004314232  -0.0009617416  -0.0004314232
   4.8499999837  -0.0004678828  -0.0009426968  -0.0004678828
   4.8549999837  -0.0005077389  -0.0009115770  -0.0005077389
   4.8599999837  -0.0005495500  -0.0008689453  -0.0005495500
   4.8649999837  -0.0005916771  -0.0008161346  -0.0005916771
   4.8699999836  -0.0006324049  -0.0007552631  -0.0006324049
   4.8749999836  -0.0006699896  -0.0006892173  -0.0006699896
   4.8799999836  -0.0007026415  -0.0006216057  -0.0007026415
   4.8849999836  -0.0007284932  -0.0005566692  -0.0007284932
   4.8899999836  -0.0007456187  -0.0004991268  -0.0007456187
   4.8949999836  -0.0007521448  -0.0004539328  -0.0007521448
   4.8999999835  -0.0007464553  -0.0004259412  -0.0007464553
   4.9049999835  -0.0007274369  -0.0004194963  -0.0007274369
   4.9099999835  -0.0006946898  -0.0004380004  -0.0006946898
   4.9149999835  -0.0006486306  -0.0004835221  -0.0006486306
   4.9199999835  -0.0005904524  -0.0005565093  -0.0005904524
   4.9249999835  -0.0005219589  -0.0006556502  -0.0005219589
   4.9299999834  -0.0004453307  -0.0007778957  -0.0004453307
   4.9349999834  -0.0003629021  -0.0009186235  -0.0003629021
   4.9399999834  -0.0002770079  -0.0010719088  -0.0002770079
   4.9449999834  -0.0001899242  -0.0012308537  -0.0001899242
   4.9499999834  -0.0001038825  -0.0013879437  -0.0001038825
   4.9549999834  -0.0000211036  -0.0015354081  -0.0000211036
   4.9599999833   0.0000562015  -0.0016655771   0.0000562015
   4.9649999833   0.0001258975  -0.0017712306   0.0001258975
   4.9699999833   0.0001860547  -0.0018459291   0.0001860547
   4.9749999833   0.0002351014  -0.0018843080   0.0002351014
   4.9799999833   0.0002719452  -0.0018823056   0.0002719452
   4.9849999833   0.0002960158  -0.0018373002   0.0002960158
   4.9899999832   0.0003072123  -0.0017481394   0.0003072123
   4.9949999832   0.0003057784  -0.0016150684   0.0003057784
   4.9999999832   0.0002921588  -0.0014395831   0.0002921588
   5.0049999832   0.0002668953  -0.0012242503   0.0002668953
   5.0099999832   0.0002306045  -0.0009725351   0.0002306045
   5.0149999832   0.0001840376  -0.0006886621   0.0001840376
   5.0199999831   0.0001281848  -0.0003775164   0.0001281848
   5.0249999831   0.0000643630  -0.0000445628   0.0000643630
   5.0299999831  -0.0000057715   0.0003042472  -0.0000057715
   5.0349999831  -0.0000803103   0.0006626108  -0.0000803103
   5.0399999831  -0.0001572638   0.0010240672  -0.0001572638
   5.0449999831  -0.0002347601   0.0013822401  -0.0002347601
   5.0499999830  -0.0003112056   0.0017311014  -0.0003112056
   5.0549999830  -0.0003853570   0.0020652208  -0.0003853570
   5.0599999830  -0.0004562922   0.0023799674  -0.0004562922
   5.0649999830  -0.0005233105   0.0026716492  -0.0005233105
   5.0699999830  -0.0005858181   0.0029375876  -0.0005858181
   5.0749999830  -0.0006432557   0.0031761415  -0.0006432557
   5.0799999829  -0.0006950953   0.0033866951  -0.0006950953
   5.0849999829  -0.0007408993   0.0035696145  -0.0007408993
   5.0899999829  -0.0007803999   0.0037261744  -0.0007803999
   5.0949999829  -0.0008135488   0.0038584426  -0.0008135488
   5.0999999829  -0.0008405001   0.0039691173  -0.0008405001
   5.1049999829  -0.0008615236   0.0040613224  -0.0008615236
   5.1099999828  -0.0008768788   0.0041383783  -0.0008768788
   5.1149999828  -0.0008867015   0.0042035833  -0.0008867015
   5.1199999828  -0.0008909507   0.0042600372  -0.0008909507
   5.1249999828  -0.0008894391   0.0043105355  -0.0008894391
   5.1299999828  -0.0008819349   0.0043575409  -0.0008819349
   5.1349999828  -0.0008682909   0.0044032181  -0.0008682909
   5.1399999827  -0.0008485442   0.0044495020  -0.0008485442
   5.1449999827  -0.0008229408   0.0044981630  -0.0008229408
   5.1499999827  -0.0007918713   0.0045508381  -0.0007918713
   5.1549999827  -0.0007557388   0.0046090157  -0.0007557388
   5.1599999827  -0.0007148116   0.0046739759  -0.0007148116
   5.1649999827  -0.0006691173   0.0047467102  -0.0006691173
   5.1699999826  -0.0006184194   0.0048278428  -0.0006184194
   5.1749999826  -0.0005622815   0.0049175783  -0.0005622815
   5.1799999826  -0.0005001899   0.0050156849  -0.0005001899
   5.1849999826  -0.0004316800   0.0051215103  -0.0004316800
   5.1899999826  -0.0003564172   0.0052340185  -0.0003564172
   5.1949999826  -0.0002742035   0.0053518352  -0.0002742035
   5.1999999825  -0.0001849209   0.0054732938  -0.0001849209
   5.2049999825  -0.0000884488   0.0055964835  -0.0000884488
   5.2099999825   0.0000153954   0.0057193055   0.0000153954
   5.2149999825   0.0001268558   0.0058395445   0.0001268558
   5.2199999825   0.0002461752   0.0059549543   0.0002461752
   5.2249999825   0.0003734985   0.0060633460   0.0003734985
   5.2299999824   0.0005087888   0.0061626608   0.0005087888
   5.2349999824   0.0006518007   0.0062510057   0.0006518007
   5.2399999824   0.0008021249   0.0063266426   0.0008021249
   5.2449999824   0.0009592870   0.0063879298   0.0009592870
   5.2499999824   0.0011228549   0.0064332373   0.0011228549
   5.2549999824   0.0012925026   0.0064608613   0.0012925026
   5.2599999823   0.0014679973   0.0064689686   0.0014679973
   5.2649999823   0.0016491085   0.0064555904   0.0016491085
   5.2699999823   0.0018354729   0.0064186705   0.0018354729
   5.2749999823   0.0020264676   0.0063561559   0.0020264676
   5.2799999823   0.0022211438   0.0062661082   0.0022211438
   5.2849999823   0.0024182454   0.0061468090   0.0024182454
   5.2899999822   0.0026163062   0.0059968395   0.0026163062
   5.2949999822   0.0028137849   0.0058151244   0.0028137849
   5.2999999822   0.0030091888   0.0056009428   0.0030091888
   5.3049999822   0.0032011393   0.0053539180   0.0032011393
   5.3099999822   0.0033883652   0.0050739977   0.0033883652
   5.3149999822   0.0035696370   0.0047614367   0.0035696370
   5.3199999821   0.0037436829   0.0044167831   0.0037436829
   5.3249999821   0.0039091310   0.0040408669   0.0039091310
   5.3299999821   0.0040645096   0.0036347830   0.0040645096
   5.3349999821   0.0042083055   0.0031998678   0.0042083055
   5.3399999821   0.0043390567   0.0027376696   0.0043390567
   5.3449999821   0.0044554354   0.0022499260   0.0044554354
   5.3499999820   0.0045562872   0.0017385569   0.0045562872
   5.3549999820   0.0046406102   0.0012056850   0.0046406102
   5.3599999820   0.0047074923   0.0006536807   0.0047074923
   5.3649999820   0.0047560444   0.0000852199   0.0047560444
   5.3699999820   0.0047853719  -0.0004966670   0.0047853719
   5.3749999820   0.0047946108  -0.0010885797   0.0047946108
   5.3799999819   0.0047830219  -0.0016867806   0.0047830219
   5.3849999819   0.0047501110  -0.0022872781   0.0047501110
   5.3899999819   0.0046957250  -0.0028859471   0.0046957250
   5.3949999819   0.0046200849  -0.0034786597   0.0046200849
   5.3999999819   0.0045237391  -0.0040614012   0.0045237391
   5.4049999818   0.0044074569  -0.0046303494   0.0044074569
   5.4099999818   0.0042721024  -0.0051819105   0.0042721024
   5.4149999818   0.0041185407  -0.0057127218   0.0041185407
   5.4199999818   0.0039476062  -0.0062196354   0.0039476062
   5.4249999818   0.0037601421  -0.0066997039   0.0037601421
   5.4299999818   0.0035570837  -0.0071501786   0.0035570837
   5.4349999817   0.0033395464  -0.0075685237   0.0033395464
   5.4399999817   0.0031088763  -0.0079524389   0.0031088763
   5.4449999817   0.0028666413  -0.0082998811   0.0028666413
   5.4499999817   0.0026145670  -0.0086090762   0.0026145670
   5.4549999817   0.0023544442  -0.0088785236   0.0023544442
   5.4599999817   0.0020880452  -0.0091069982   0.0020880452
   5.4649999816   0.0018170781  -0.0092935634   0.0018170781
   5.4699999816   0.0015431906  -0.0094376022   0.0015431906
   5.4749999816   0.0012680080  -0.0095388656   0.0012680080
   5.4799999816   0.0009931760  -0.0095975268   0.0009931760
   5.4849999816   0.0007203759  -0.0096142209   0.0007203759
   5.4899999816   0.0004512930  -0.0095900516   0.0004512930
   5.4949999815   0.0001875442  -0.0095265513   0.0001875442
   5.4999999815  -0.0000694119  -0.0094255987  -0.0000694119
   5.5049999815  -0.0003183420  -0.0092893102  -0.0003183420
   5.5099999815  -0.0005582553  -0.0091199322  -0.0005582553
   5.5149999815  -0.0007883602  -0.0089197584  -0.0007883602
   5.5199999815  -0.0010079782  -0.0086910885  -0.0010079782
   5.5249999814  -0.0012164514  -0.0084362278  -0.0012164514
   5.5299999814  -0.0014130844  -0.0081575143  -0.0014130844
   5.5349999814  -0.0015971452  -0.0078573502  -0.0015971452
   5.5399999814  -0.0017679287  -0.0075382202  -0.0017679287
   5.5449999814  -0.0019248534  -0.0072026849  -0.0019248534
   5.5499999814  -0.0020675541  -0.0068533523  -0.0020675541
   5.5549999813  -0.0021959317  -0.0064928389  -0.0021959317
   5.5599999813  -0.0023101411  -0.0061237336  -0.0023101411
   5.5649999813  -0.0024105256  -0.0057485719  -0.0024105256
   5.5699999813  -0.0024975246  -0.0053698217  -0.0024975246
   5.5749999813  -0.0025715916  -0.0049898703  -0.0025715916
   5.5799999813  -0.0026331514  -0.0046110029  -0.0026331514
   5.5849999812  -0.0026826052  -0.0042353641  -0.0026826052
   5.5899999812  -0.0027203706  -0.0038649081  -0.0027203706
   5.5949999812  -0.0027469306  -0.0035013459  -0.0027469306
   5.5999999812  -0.0027628616  -0.0031461094  -0.0027628616
   5.6049999812  -0.0027688250  -0.0028003470  -0.0027688250
   5.6099999812  -0.0027655245  -0.0024649550  -0.0027655245
   5.6149999811  -0.0027536487  -0.0021406402  -0.0027536487
   5.6199999811  -0.0027338263  -0.0018279939  -0.0027338263
   5.6249999811  -0.0027066167  -0.0015275560  -0.0027066167
   5.6299999811  -0.0026725406  -0.0012398509  -0.0026725406
   5.6349999811  -0.0026321392  -0.0009653864  -0.0026321392
   5.6399999811  -0.0025860324  -0.0007046214  -0.0025860324
   5.6449999810  -0.0025349463  -0.0004579185  -0.0025349463
   5.6499999810  -0.0024796925  -0.0002255012  -0.0024796925
   5.6549999810  -0.0024210994  -0.0000074312  -0.0024210994
   5.6599999810  -0.0023599199   0.0001963892  -0.0023599199
   5.6649999810  -0.0022967500   0.0003861933  -0.0022967500
   5.6699999810  -0.0022319908   0.0005623193  -0.0022319908
   5.6749999809  -0.0021658706   0.0007251835  -0.0021658706
   5.6799999809  -0.0020985172   0.0008752653  -0.0020985172
   5.6849999809  -0.0020300542   0.0010131026  -0.0020300542
   5.6899999809  -0.0019606828   0.0011392881  -0.0019606828
   5.6949999809  -0.0018907198   0.0012544561  -0.0018907198
   5.6999999809  -0.0018205810   0.0013592556  -0.0018205810
   5.7049999808  -0.0017507209   0.0014543108  -0.0017507209
   5.7099999808  -0.0016815580   0.0015401807  -0.0016815580
   5.7149999808  -0.0016134166   0.0016173325  -0.0016134166
   5.7199999808  -0.0015465057   0.0016861403  -0.0015465057
   5.7249999808  -0.0014809386   0.0017469114  -0.0014809386
   5.7299999808  -0.0014167772   0.0017999330  -0.0014167772
   5.7349999807  -0.0013540760   0.0018455239  -0.0013540760
   5.7399999807  -0.0012929048   0.0018840741  -0.0012929048
   5.7449999807  -0.0012333394   0.0019160587  -0.0012333394
   5.7499999807  -0.0011754304   0.0019420240  -0.0011754304
   5.7549999807  -0.0011191687   0.0019625516  -0.0011191687
   5.7599999807  -0.0010644731   0.0019782144  -0.0010644731
   5.7649999806  -0.0010112107   0.0019895377  -0.0010112107
   5.7699999806  -0.0009592512   0.0019969766  -0.0009592512
   5.7749999806  -0.0009085320   0.0020009111  -0.0009085320
   5.7799999806  -0.0008591076   0.0020016550  -0.0008591076
   5.7849999806  -0.0008111579   0.0019994691  -0.0008111579
   5.7899999806  -0.0007649449   0.0019945718  -0.0007649449
   5.7949999805  -0.0007207293   0.0019871431  -0.0007207293
   5.7999999805  -0.0006786766   0.0019773246  -0.0006786766
   5.8049999805  -0.0006387882   0.0019652207  -0.0006387882
   5.8099999805  -0.0006008844   0.0019509088  -0.0006008844
   5.8149999805  -0.0005646497   0.0019344601  -0.0005646497
   5.8199999805  -0.0005297214   0.0019159695  -0.0005297214
   5.8249999804  -0.0004957919   0.0018955846  -0.0004957919
   5.8299999804  -0.0004626854   0.0018735242  -0.0004626854
   5.8349999804  -0.0004303852   0.0018500766  -0.0004303852
   5.8399999804  -0.0003990059   0.0018255751  -0.0003990059
   5.8449999804  -0.0003687286   0.0018003565  -0.0003687286
   5.8499999804  -0.0003397282   0.0017747119  -0.0003397282
   5.8549999803  -0.0003121208   0.0017488463  -0.0003121208
   5.8599999803  -0.0002859472   0.0017228569  -0.0002859472
   5.8649999803  -0.0002611895   0.0016967368  -0.0002611895
   5.8699999803  -0.0002378015   0.0016704009  -0.0002378015
   5.8749999803  -0.0002157327   0.0016437268  -0.0002157327
   5.8799999803  -0.0001949295   0.0016165969  -0.0001949295
   5.8849999802  -0.0001753150   0.0015889325  -0.0001753150
   5.8899999802  -0.0001567614   0.0015607137  -0.0001567614
   5.8949999802  -0.0001390757   0.0015319828  -0.0001390757
   5.8999999802  -0.0001220170   0.0015028382  -0.0001220170
   5.9049999802  -0.0001053477   0.0014734218  -0.0001053477
   5.9099999802  -0.0000889030   0.0014439065  -0.0000889030
   5.9149999801  -0.0000726544   0.0014144846  -0.0000726544
   5.9199999801  -0.0000567371   0.0013853548  -0.0000567371
   5.9249999801  -0.0000414249   0.0013567056  -0.0000414249
   5.9299999801  -0.0000270548   0.0013286915  -0.0000270548
   5.9349999801  -0.0000139238   0.0013014062  -0.0000139238
   5.9399999801  -0.0000021917   0.0012748577  -0.0000021917
   5.9449999800   0.0000081758   0.0012489558   0.0000081758
   5.9499999800   0.0000174042   0.0012235198   0.0000174042
   5.9549999800   0.0000258485   0.0011983109   0.0000258485
   5.9599999800   0.0000338970   0.0011730844   0.0000338970
   5.9649999800   0.0000418723   0.0011476490   0.0000418723
   5.9699999800   0.0000499637   0.0011219188   0.0000499637
   5.9749999799   0.0000582070   0.0010959409   0.0000582070
   5.9799999799   0.0000665102   0.0010698910   0.0000665102
   5.9849999799   0.0000747069   0.0010440373   0.0000747069
   5.9899999799   0.0000826124   0.0010186830   0.0000826124
   5.9949999799   0.0000900617   0.0009941034   0.0000900617
