   0.0000000000   0.0000000000   0.0000000000   0.0000000000
   0.0050000000   0.0000000000   0.0000000000   0.0000000000
   0.0100000000   0.0000000000   0.0000000000   0.0000000000
   0.0149999999   0.0000000000   0.0000000000   0.0000000000
   0.0199999999   0.0000000000   0.0000000000   0.0000000000
   0.0249999999   0.0000000000   0.0000000000   0.0000000000
   0.0299999999   0.0000000000   0.0000000000   0.0000000000
   0.0349999999   0.0000000000   0.0000000000   0.0000000000
   0.0399999999   0.0000000000   0.0000000000   0.0000000000
   0.0449999998   0.0000000000  -0.0000000000   0.0000000000
   0.0499999998   0.0000000000   0.0000000000   0.0000000000
   0.0549999998   0.0000000000   0.0000000000   0.0000000000
   0.0599999998   0.0000000000   0.0000000000   0.0000000000
   0.0649999998  -0.0000000000   0.0000000000  -0.0000000000
   0.0699999998  -0.0000000000  -0.0000000000  -0.0000000000
   0.0749999997  -0.0000000000  -0.0000000000  -0.0000000000
   0.0799999997  -0.0000000000  -0.0000000000  -0.0000000000
   0.0849999997   0.0000000000   0.0000000000   0.0000000000
   0.0899999997   0.0000000000   0.0000000000   0.0000000000
   0.0949999997  -0.0000000000   0.0000000000  -0.0000000000
   0.0999999997  -0.0000000000   0.0000000000  -0.0000000000
   0.1049999996  -0.0000000000  -0.0000000000  -0.0000000000
   0.1099999996   0.0000000000  -0.0000000000   0.0000000000
   0.1149999996   0.0000000000  -0.0000000000   0.0000000000
   0.1199999996   0.0000000000  -0.0000000000   0.0000000000
   0.1249999996   0.0000000000   0.0000000000   0.0000000000
   0.1299999996  -0.0000000000   0.0000000000  -0.0000000000
   0.1349999995  -0.0000000000   0.0000000000  -0.0000000000
   0.1399999995  -0.0000000000   0.0000000000  -0.0000000000
   0.1449999995   0.0000000000   0.0000000000   0.0000000000
   0.1499999995   0.0000000000   0.0000000000   0.0000000000
   0.1549999995   0.0000000000  -0.0000000000   0.0000000000
   0.1599999995  -0.0000000000  -0.0000000000  -0.0000000000
   0.1649999994  -0.0000000000  -0.0000000000  -0.0000000000
   0.1699999994  -0.0000000000  -0.0000000000  -0.0000000000
   0.1749999994  -0.0000000000   0.0000000000  -0.0000000000
   0.1799999994   0.0000000000   0.0000000000   0.0000000000
   0.1849999994   0.0000000000   0.0000000000   0.0000000000
   0.1899999994   0.0000000000   0.0000000000   0.0000000000
   0.1949999993  -0.0000000000  -0.0000000000  -0.0000000000
   0.1999999993  -0.0000000000  -0.0000000000  -0.0000000000
   0.2049999993  -0.0000000000  -0.0000000000  -0.0000000000
   0.2099999993  -0.0000000000   0.0000000000  -0.0000000000
   0.2149999993   0.0000000000   0.0000000000   0.0000000000
   0.2199999993   0.0000000000   0.0000000000   0.0000000000
   0.2249999992   0.0000000000   0.0000000000   0.0000000000
   0.2299999992  -0.0000000000  -0.0000000000  -0.0000000000
   0.2349999992  -0.0000000000  -0.0000000000  -0.0000000000
   0.2399999992  -0.0000000000  -0.0000000000  -0.0000000000
   0.2449999992  -0.0000000000  -0.0000000000  -0.0000000000
   0.2499999992   0.0000000000   0.0000000000   0.0000000000
   0.2549999991   0.0000000000   0.0000000000   0.0000000000
   0.2599999991   0.0000000000   0.0000000000   0.0000000000
   0.2649999991   0.0000000000   0.0000000000   0.0000000000
   0.2699999991  -0.0000000000  -0.0000000000  -0.0000000000
   0.2749999991  -0.0000000000  -0.0000000000  -0.0000000000
   0.2799999991  -0.0000000000  -0.0000000000  -0.0000000000
   0.2849999990   0.0000000000   0.0000000000   0.0000000000
   0.2899999990   0.0000000000   0.0000000000   0.0000000000
   0.2949999990   0.0000000000   0.0000000000   0.0000000000
   0.2999999990   0.0000000000   0.0000000000   0.0000000000
   0.3049999990  -0.0000000000  -0.0000000000  -0.0000000000
   0.3099999990  -0.0000000000  -0.0000000000  -0.0000000000
   0.3149999989  -0.0000000001  -0.0000000001  -0.0000000001
   0.3199999989  -0.0000000001  -0.0000000000  -0.0000000001
   0.3249999989   0.0000000000   0.0000000001   0.0000000000
   0.3299999989   0.0000000002   0.0000000002   0.0000000002
   0.3349999989   0.0000000004   0.0000000003   0.0000000004
   0.3399999989   0.0000000003   0.0000000002   0.0000000003
   0.3449999988  -0.0000000003  -0.0000000004  -0.0000000003
   0.3499999988  -0.0000000013  -0.0000000012  -0.0000000013
   0.3549999988  -0.0000000021  -0.0000000018  -0.0000000021
   0.3599999988  -0.0000000016  -0.0000000011  -0.0000000016
   0.3649999988   0.0000000015   0.0000000019   0.0000000015
   0.3699999988   0.0000000068   0.0000000066   0.0000000068
   0.3749999987   0.0000000111   0.0000000097   0.0000000111
   0.3799999987   0.0000000087   0.0000000063   0.0000000087
   0.3849999987  -0.0000000060  -0.0000000080  -0.0000000060
   0.3899999987  -0.0000000318  -0.0000000309  -0.0000000318
   0.3949999987  -0.0000000548  -0.0000000486  -0.0000000548
   0.3999999987  -0.0000000485  -0.0000000375  -0.0000000485
   0.4049999986   0.0000000137   0.0000000231   0.0000000137
   0.4099999986   0.0000001315   0.0000001280   0.0000001315
   0.4149999986   0.0000002506   0.0000002235   0.0000002506
   0.4199999986   0.0000002582   0.0000002095   0.0000002582
   0.4249999986   0.0000000298  -0.0000000148   0.0000000298
   0.4299999986  -0.0000004683  -0.0000004594  -0.0000004683
   0.4349999985  -0.0000010588  -0.0000009469  -0.0000010588
   0.4399999985  -0.0000013056  -0.0000010884  -0.0000013056
   0.4449999985  -0.0000006462  -0.0000004191  -0.0000006462
   0.4499999985   0.0000012478   0.0000012812   0.0000012478
   0.4549999985   0.0000039789   0.0000035844   0.0000039789
   0.4599999985   0.0000060871   0.0000051825   0.0000060871
   0.4649999984   0.0000052687   0.0000041509   0.0000052687
   0.4699999984  -0.0000005553  -0.0000010886  -0.0000005553
   0.4749999984  -0.0000114272  -0.0000102628  -0.0000114272
   0.4799999984  -0.0000235285  -0.0000198631  -0.0000235285
   0.4849999984  -0.0000286401  -0.0000229587  -0.0000286401
   0.4899999984  -0.0000162670  -0.0000112494  -0.0000162670
   0.4949999983   0.0000209346   0.0000203016   0.0000209346
   0.4999999983   0.0000794061   0.0000672650   0.0000794061
   0.5049999983   0.0001375977   0.0001105306   0.0001375977
   0.5099999983   0.0001540125   0.0001156269   0.0001540125
   0.5149999983   0.0000747546   0.0000397791   0.0000747546
   0.5199999983  -0.0001473664  -0.0001521333  -0.0001473664
   0.5249999982  -0.0005243894  -0.0004649453  -0.0005243894
   0.5299999982  -0.0010025085  -0.0008496931  -0.0010025085
   0.5349999982  -0.0014396571  -0.0011872335  -0.0014396571
   0.5399999982  -0.0016019704  -0.0012865863  -0.0016019704
   0.5449999982  -0.0011856228  -0.0009021880  -0.0011856228
   0.5499999982   0.0001368609   0.0002312244   0.0001368609
   0.5549999981   0.0026549199   0.0023529881   0.0026549199
   0.5599999981   0.0065578635   0.0056306561   0.0065578635
   0.5649999981   0.0118884130   0.0101246109   0.0118884130
   0.5699999981   0.0185236039   0.0157706433   0.0185236039
   0.5749999981   0.0261866562   0.0223827242   0.0261866562
   0.5799999981   0.0344846285   0.0296730211   0.0344846285
   0.5849999980   0.0429604723   0.0372829567   0.0429604723
   0.5899999980   0.0511464468   0.0448185196   0.0511464468
   0.5949999980   0.0586086329   0.0518845765   0.0586086329
   0.5999999980   0.0649775535   0.0581151964   0.0649775535
   0.6049999980   0.0699650594   0.0631986544   0.0699650594
   0.6099999980   0.0733706739   0.0668962588   0.0733706739
   0.6149999979   0.0750810045   0.0690538531   0.0750810045
   0.6199999979   0.0750645426   0.0696047467   0.0750645426
   0.6249999979   0.0733627341   0.0685637036   0.0733627341
   0.6299999979   0.0700777728   0.0660134737   0.0700777728
   0.6349999979   0.0653582736   0.0620873752   0.0653582736
   0.6399999979   0.0593850308   0.0569524725   0.0593850308
   0.6449999978   0.0523593912   0.0507971879   0.0523593912
   0.6499999978   0.0444958236   0.0438248813   0.0444958236
   0.6549999978   0.0360183858   0.0362520599   0.0360183858
   0.6599999978   0.0271590006   0.0283078219   0.0271590006
   0.6649999978   0.0181547981   0.0202308763   0.0181547981
   0.6699999978   0.0092426910   0.0122621144   0.0092426910
   0.6749999977   0.0006513628   0.0046333726   0.0006513628
   0.6799999977  -0.0074071292  -0.0024445944  -0.0074071292
   0.6849999977  -0.0147430166  -0.0087909787  -0.0147430166
   0.6899999977  -0.0211893956  -0.0142576412  -0.0211893956
   0.6949999977  -0.0265975838  -0.0187251768  -0.0265975838
   0.6999999976  -0.0308298740  -0.0220947488  -0.0308298740
   0.7049999976  -0.0337544092  -0.0242803183  -0.0337544092
   0.7099999976  -0.0352473673  -0.0252064176  -0.0352473673
   0.7149999976  -0.0352060171  -0.0248151243  -0.0352060171
   0.7199999976  -0.0335727462  -0.0230827270  -0.0335727462
   0.7249999976  -0.0303657699  -0.0200427010  -0.0303657699
   0.7299999975  -0.0257083256  -0.0158083174  -0.0257083256
   0.7349999975  -0.0198462451  -0.0105867597  -0.0198462451
   0.7399999975  -0.0131449946  -0.0046777730  -0.0131449946
   0.7449999975  -0.0060617683   0.0015464600  -0.0060617683
   0.7499999975   0.0009050093   0.0076783612   0.0009050093
   0.7549999975   0.0072794809   0.0133221093   0.0072794809
   0.7599999974   0.0126715167   0.0181410852   0.0126715167
   0.7649999974   0.0168248051   0.0218957897   0.0168248051
   0.7699999974   0.0196394616   0.0244653254   0.0196394616
   0.7749999974   0.0211658985   0.0258501456   0.0211658985
   0.7799999974   0.0215743911   0.0261583036   0.0215743911
   0.7849999974   0.0211103091   0.0255803658   0.0211103091
   0.7899999973   0.0200467192   0.0243588772   0.0200467192
   0.7949999973   0.0186440561   0.0227572568   0.0186440561
   0.7999999973   0.0171223124   0.0210313470   0.0171223124
   0.8049999973   0.0156467809   0.0194056083   0.0156467809
   0.8099999973   0.0143253877   0.0180554853   0.0143253877
   0.8149999973   0.0132145360   0.0170974250   0.0132145360
   0.8199999972   0.0123305629   0.0165876216   0.0123305629
   0.8249999972   0.0116644051   0.0165293271   0.0116644051
   0.8299999972   0.0111972178   0.0168866910   0.0111972178
   0.8349999972   0.0109145230   0.0176014030   0.0109145230
   0.8399999972   0.0108165140   0.0186078730   0.0108165140
   0.8449999972   0.0109229195   0.0198437508   0.0109229195
   0.8499999971   0.0112723047   0.0212548698   0.0112723047
   0.8549999971   0.0119172664   0.0227961119   0.0119172664
   0.8599999971   0.0129178333   0.0244310619   0.0129178333
   0.8649999971   0.0143350544   0.0261330010   0.0143350544
   0.8699999971   0.0162254842   0.0278880615   0.0162254842
   0.8749999971   0.0186358722   0.0296992118   0.0186358722
   0.8799999970   0.0215967637   0.0315883263   0.0215967637
   0.8849999970   0.0251143383   0.0335936297   0.0251143383
   0.8899999970   0.0291613049   0.0357612032   0.0291613049
   0.8949999970   0.0336691155   0.0381312608   0.0336691155
   0.8999999970   0.0385242205   0.0407215794   0.0385242205
   0.9049999970   0.0435701619   0.0435111405   0.0435701619
   0.9099999969   0.0486153965   0.0464266544   0.0486153965
   0.9149999969   0.0534448135   0.0493336319   0.0534448135
   0.9199999969   0.0578319510   0.0520327065   0.0578319510
   0.9249999969   0.0615493759   0.0542614129   0.0615493759
   0.9299999969   0.0643762742   0.0557016442   0.0643762742
   0.9349999969   0.0661041208   0.0559931861   0.0661041208
   0.9399999968   0.0665423928   0.0547536221   0.0665423928
   0.9449999968   0.0655261280   0.0516042418   0.0655261280
   0.9499999968   0.0629258377   0.0462004520   0.0629258377
   0.9549999968   0.0586586011   0.0382639657   0.0586586011
   0.9599999968   0.0526979768   0.0276132327   0.0526979768
   0.9649999968   0.0450802845   0.0141885326   0.0450802845
   0.9699999967   0.0359058570  -0.0019310929   0.0359058570
   0.9749999967   0.0253354930  -0.0205205935   0.0253354930
   0.9799999967   0.0135837358  -0.0412115087   0.0135837358
   0.9849999967   0.0009110879  -0.0635035269   0.0009110879
   0.9899999967  -0.0123833434  -0.0867836134  -0.0123833434
   0.9949999967  -0.0259686228  -0.1103512544  -0.0259686228
   0.9999999966  -0.0394893668  -0.1334484874  -0.0394893668
   1.0049999966  -0.0525754982  -0.1552934110  -0.0525754982
   1.0099999966  -0.0648556339  -0.1751156384  -0.0648556339
   1.0149999966  -0.0759739645  -0.1921917672  -0.0759739645
   1.0199999966  -0.0856088667  -0.2058786091  -0.0856088667
   1.0249999966  -0.0934904399  -0.2156419440  -0.0934904399
   1.0299999965  -0.0994141910  -0.2210790479  -0.0994141910
   1.0349999965  -0.1032492016  -0.2219341033  -0.1032492016
   1.0399999965  -0.1049407337  -0.2181065628  -0.1049407337
   1.0449999965  -0.1045086164  -0.2096532452  -0.1045086164
   1.0499999965  -0.1020432524  -0.1967851992  -0.1020432524
   1.0549999965  -0.0977005804  -0.1798601423  -0.0977005804
   1.0599999964  -0.0916961802  -0.1593707929  -0.0916961802
   1.0649999964  -0.0842976442  -0.1359289680  -0.0842976442
   1.0699999964  -0.0758139748  -0.1102451703  -0.0758139748
   1.0749999964  -0.0665813572  -0.0831036370  -0.0665813572
   1.0799999964  -0.0569459114  -0.0553333577  -0.0569459114
   1.0849999964  -0.0472453225  -0.0277761731  -0.0472453225
   1.0899999963  -0.0377919126  -0.0012535120  -0.0377919126
   1.0949999963  -0.0288594234   0.0234665048  -0.0288594234
   1.0999999963  -0.0206746439   0.0456999500  -0.0206746439
   1.1049999963  -0.0134135901   0.0648745350  -0.0134135901
   1.1099999963  -0.0072008529   0.0805523884  -0.0072008529
   1.1149999963  -0.0021104445   0.0924470622  -0.0021104445
   1.1199999962   0.0018329842   0.1004337135   0.0018329842
   1.1249999962   0.0046526595   0.1045515080   0.0046526595
   1.1299999962   0.0064171047   0.1049975542   0.0064171047
   1.1349999962   0.0072352889   0.1021121821   0.0072352889
   1.1399999962   0.0072487372   0.0963561009   0.0072487372
   1.1449999962   0.0066208139   0.0882808032   0.0066208139
   1.1499999961   0.0055244437   0.0784943470   0.0055244437
   1.1549999961   0.0041301776   0.0676251599   0.0041301776
   1.1599999961   0.0025964111   0.0562866670   0.0025964111
   1.1649999961   0.0010627928   0.0450453126   0.0010627928
   1.1699999961  -0.0003532339   0.0343940073  -0.0003532339
   1.1749999961  -0.0015577202   0.0247323417  -0.0015577202
   1.1799999960  -0.0024806256   0.0163542092  -0.0024806256
   1.1849999960  -0.0030762966   0.0094429003  -0.0030762966
   1.1899999960  -0.0033241511   0.0040732995  -0.0033241511
   1.1949999960  -0.0032289096   0.0002204928  -0.0032289096
   1.1999999960  -0.0028193373  -0.0022261772  -0.0028193373
   1.2049999960  -0.0021447169  -0.0034448549  -0.0021447169
   1.2099999959  -0.0012690263  -0.0036602397  -0.0012690263
   1.2149999959  -0.0002636830  -0.0031217159  -0.0002636830
   1.2199999959   0.0007997071  -0.0020823398   0.0007997071
   1.2249999959   0.0018551686  -0.0007803123   0.0018551686
   1.2299999959   0.0028458980   0.0005758230   0.0028458980
   1.2349999959   0.0037255597   0.0018175528   0.0037255597
   1.2399999958   0.0044581218   0.0028221985   0.0044581218
   1.2449999958   0.0050173228   0.0035144772   0.0050173228
   1.2499999958   0.0053866206   0.0038644399   0.0053866206
   1.2549999958   0.0055598470   0.0038825226   0.0055598470
   1.2599999958   0.0055421185   0.0036124262   0.0055421185
   1.2649999958   0.0053501629   0.0031224842   0.0053501629
   1.2699999957   0.0050113012   0.0024961366   0.0050113012
   1.2749999957   0.0045608054   0.0018221524   0.0045608054
   1.2799999957   0.0040380145   0.0011853054   0.0040380145
   1.2849999957   0.0034820951   0.0006582650   0.0034820951
   1.2899999957   0.0029284662   0.0002954269   0.0029284662
   1.2949999957   0.0024066138   0.0001292489   0.0024066138
   1.2999999956   0.0019394422   0.0001693509   0.0019394422
   1.3049999956   0.0015437294   0.0004042415   0.0015437294
   1.3099999956   0.0012309232   0.0008051472   0.0012309232
   1.3149999956   0.0010075798   0.0013311413   0.0010075798
   1.3199999956   0.0008751415   0.0019346834   0.0008751415
   1.3249999956   0.0008292776   0.0025667950   0.0008292776
   1.3299999955   0.0008594018   0.0031813628   0.0008594018
   1.3349999955   0.0009490385   0.0037383619   0.0009490385
   1.3399999955   0.0010774133   0.0042060311   0.0010774133
   1.3449999955   0.0012221296   0.0045621403   0.0012221296
   1.3499999955   0.0013623044   0.0047944761   0.0013623044
   1.3549999954   0.0014813041   0.0049005995   0.0014813041
   1.3599999954   0.0015683440   0.0048868892   0.0015683440
   1.3649999954   0.0016186348   0.0047669224   0.0016186348
   1.3699999954   0.0016322754   0.0045593675   0.0016322754
   1.3749999954   0.0016124882   0.0042857049   0.0016124882
   1.3799999954   0.0015639057   0.0039681605   0.0015639057
   1.3849999953   0.0014914307   0.0036281861   0.0014914307
   1.3899999953   0.0013998282   0.0032856317   0.0013998282
   1.3949999953   0.0012938401   0.0029585066   0.0012938401
   1.3999999953   0.0011784167   0.0026630148   0.0011784167
   1.4049999953   0.0010586988   0.0024134737   0.0010586988
   1.4099999953   0.0009396068   0.0022218208   0.0009396068
   1.4149999952   0.0008251815   0.0020966477   0.0008251815
   1.4199999952   0.0007180080   0.0020419760   0.0007180080
   1.4249999952   0.0006190640   0.0020561873   0.0006190640
   1.4299999952   0.0005281495   0.0021315564   0.0005281495
   1.4349999952   0.0004447792   0.0022546955   0.0004447792
   1.4399999952   0.0003691742   0.0024079512   0.0003691742
   1.4449999951   0.0003029044   0.0025715142   0.0003029044
   1.4499999951   0.0002488434   0.0027258161   0.0002488434
   1.4549999951   0.0002103735   0.0028537449   0.0002103735
   1.4599999951   0.0001900901   0.0029423262   0.0001900901
   1.4649999951   0.0001884844   0.0029837044   0.0001884844
   1.4699999951   0.0002031167   0.0029754429   0.0002031167
   1.4749999950   0.0002286316   0.0029202663   0.0002286316
   1.4799999950   0.0002576568   0.0028253757   0.0002576568
   1.4849999950   0.0002823176   0.0027014212   0.0002823176
   1.4899999950   0.0002958915   0.0025611627   0.0002958915
   1.4949999950   0.0002941066   0.0024178645   0.0002941066
   1.4999999950   0.0002757503   0.0022835474   0.0002757503
   1.5049999949   0.0002425112   0.0021673337   0.0002425112
   1.5099999949   0.0001982327   0.0020742088   0.0001982327
   1.5149999949   0.0001479007   0.0020045057   0.0001479007
   1.5199999949   0.0000966900   0.0019542998   0.0000966900
   1.5249999949   0.0000492719   0.0019166748   0.0000492719
   1.5299999949   0.0000094137   0.0018835907   0.0000094137
   1.5349999948  -0.0000202307   0.0018479009  -0.0000202307
   1.5399999948  -0.0000382782   0.0018050234  -0.0000382782
   1.5449999948  -0.0000448008   0.0017538664  -0.0000448008
   1.5499999948  -0.0000414945   0.0016968234  -0.0000414945
   1.5549999948  -0.0000316883   0.0016389091  -0.0000316883
   1.5599999948  -0.0000200269   0.0015863263  -0.0000200269
   1.5649999947  -0.0000117413   0.0015448654  -0.0000117413
   1.5699999947  -0.0000115823   0.0015185259  -0.0000115823
   1.5749999947  -0.0000226646   0.0015086313  -0.0000226646
   1.5799999947  -0.0000455653   0.0015135441  -0.0000455653
   1.5849999947  -0.0000779971   0.0015289364  -0.0000779971
   1.5899999947  -0.0001152223   0.0015484817  -0.0001152223
   1.5949999946  -0.0001511369   0.0015648104  -0.0001511369
   1.5999999946  -0.0001797351   0.0015705942  -0.0001797351
   1.6049999946  -0.0001965381   0.0015596493  -0.0001965381
   1.6099999946  -0.0001995856   0.0015279537  -0.0001995856
   1.6149999946  -0.0001897490   0.0014744488  -0.0001897490
   1.6199999946  -0.0001703414   0.0014014677  -0.0001703414
   1.6249999945  -0.0001462164   0.0013146413  -0.0001462164
   1.6299999945  -0.0001226630   0.0012221972  -0.0001226630
   1.6349999945  -0.0001044012   0.0011336934  -0.0001044012
   1.6399999945  -0.0000948821   0.0010583781  -0.0000948821
   1.6449999945  -0.0000959467   0.0010034946  -0.0000959467
   1.6499999945  -0.0001077793   0.0009728966  -0.0001077793
   1.6549999944  -0.0001290379   0.0009662953  -0.0001290379
   1.6599999944  -0.0001570689   0.0009793172  -0.0001570689
   1.6649999944  -0.0001881823   0.0010043654  -0.0001881823
   1.6699999944  -0.0002180289   0.0010320912  -0.0002180289
   1.6749999944  -0.0002421327   0.0010531539  -0.0002421327
   1.6799999944  -0.0002565857   0.0010598995  -0.0002565857
   1.6849999943  -0.0002588171   0.0010476367  -0.0002588171
   1.6899999943  -0.0002482604   0.0010152984  -0.0002482604
   1.6949999943  -0.0002266999   0.0009654227  -0.0002266999
   1.6999999943  -0.0001981269   0.0009035234  -0.0001981269
   1.7049999943  -0.0001680548   0.0008370191  -0.0001680548
   1.7099999943  -0.0001424136   0.0007739381  -0.0001424136
   1.7149999942  -0.0001262828   0.0007216106  -0.0001262828
   1.7199999942  -0.0001227935   0.0006855317  -0.0001227935
   1.7249999942  -0.0001324877   0.0006685256  -0.0001324877
   1.7299999942  -0.0001532910   0.0006703071  -0.0001532910
   1.7349999942  -0.0001810740   0.0006874919  -0.0001810740
   1.7399999942  -0.0002106150   0.0007140780  -0.0002106150
   1.7449999941  -0.0002366894   0.0007423650  -0.0002366894
   1.7499999941  -0.0002550207   0.0007642152  -0.0002550207
   1.7549999941  -0.0002629130   0.0007724764  -0.0002629130
   1.7599999941  -0.0002595088   0.0007623215  -0.0002595088
   1.7649999941  -0.0002457221   0.0007322307  -0.0002457221
   1.7699999941  -0.0002239479   0.0006843806  -0.0002239479
   1.7749999940  -0.0001976489   0.0006243146  -0.0001976489
   1.7799999940  -0.0001708798   0.0005599292  -0.0001708798
   1.7849999940  -0.0001477690   0.0004999754  -0.0001477690
   1.7899999940  -0.0001319655   0.0004523975  -0.0001319655
   1.7949999940  -0.0001260814   0.0004228675  -0.0001260814
   1.7999999940  -0.0001312037   0.0004138139  -0.0001312037
   1.8049999939  -0.0001465851   0.0004241113  -0.0001465851
   1.8099999939  -0.0001696297   0.0004494368  -0.0001696297
   1.8149999939  -0.0001962414   0.0004831562  -0.0001962414
   1.8199999939  -0.0002215169   0.0005175245  -0.0002215169
   1.8249999939  -0.0002406690   0.0005449666  -0.0002406690
   1.8299999939  -0.0002499806   0.0005592403  -0.0002499806
   1.8349999938  -0.0002475680   0.0005563401  -0.0002475680
   1.8399999938  -0.0002337634   0.0005350553  -0.0002337634
   1.8449999938  -0.0002110237   0.0004971322  -0.0002110237
   1.8499999938  -0.0001833932   0.0004470208  -0.0001833932
   1.8549999938  -0.0001556598   0.0003912195  -0.0001556598
   1.8599999938  -0.0001324123   0.0003372755  -0.0001324123
   1.8649999937  -0.0001172126   0.0002925656  -0.0001172126
   1.8699999937  -0.0001120448   0.0002630404  -0.0001120448
   1.8749999937  -0.0001171110   0.0002521554  -0.0001171110
   1.8799999937  -0.0001309582   0.0002602053  -0.0001309582
   1.8849999937  -0.0001508486   0.0002842183  -0.0001508486
   1.8899999937  -0.0001732652   0.0003184595  -0.0001732652
   1.8949999936  -0.0001944543   0.0003554617  -0.0001944543
   1.8999999936  -0.0002109396   0.0003873866  -0.0002109396
   1.9049999936  -0.0002199741   0.0004074409  -0.0002199741
   1.9099999936  -0.0002199094   0.0004110645  -0.0002199094
   1.9149999936  -0.0002104553   0.0003966656  -0.0002104553
   1.9199999936  -0.0001927883   0.0003657850  -0.0001927883
   1.9249999935  -0.0001694567   0.0003226987  -0.0001694567
   1.9299999935  -0.0001440498   0.0002735798  -0.0001440498
   1.9349999935  -0.0001206383   0.0002254070  -0.0001206383
   1.9399999935  -0.0001030619   0.0001848257  -0.0001030619
   1.9449999935  -0.0000941965   0.0001571361  -0.0000941965
   1.9499999935  -0.0000953668   0.0001455378  -0.0000953668
   1.9549999934  -0.0001060537   0.0001507013  -0.0001060537
   1.9599999934  -0.0001239831   0.0001706998  -0.0001239831
   1.9649999934  -0.0001455840   0.0002013038  -0.0001455840
   1.9699999934  -0.0001667115   0.0002366098  -0.0001667115
   1.9749999934  -0.0001834593   0.0002699401  -0.0001834593
   1.9799999934  -0.0001928756   0.0002949033  -0.0001928756
   1.9849999933  -0.0001934343   0.0003064560  -0.0001934343
   1.9899999933  -0.0001851914   0.0003017828  -0.0001851914
   1.9949999933  -0.0001696374   0.0002808172  -0.0001696374
   1.9999999933  -0.0001493283   0.0002462841  -0.0001493283
   2.0049999933  -0.0001273998   0.0002032363  -0.0001273998
   2.0099999933  -0.0001070668   0.0001581626  -0.0001070668
   2.0149999932  -0.0000911774   0.0001178401  -0.0000911774
   2.0199999932  -0.0000818553   0.0000881518  -0.0000818553
   2.0249999932  -0.0000802425   0.0000730943  -0.0000802425
   2.0299999932  -0.0000863488   0.0000741495  -0.0000863488
   2.0349999932  -0.0000990241   0.0000901156  -0.0000990241
   2.0399999931  -0.0001160752   0.0001173985  -0.0001160752
   2.0449999931  -0.0001345478   0.0001506859  -0.0001345478
   2.0499999931  -0.0001511648   0.0001838652  -0.0001511648
   2.0549999931  -0.0001628728   0.0002110228  -0.0001628728
   2.0599999931  -0.0001674027   0.0002273640  -0.0001674027
   2.0649999931  -0.0001637247   0.0002299186  -0.0001637247
   2.0699999930  -0.0001522813   0.0002179451  -0.0001522813
   2.0749999930  -0.0001349263   0.0001929891  -0.0001349263
   2.0799999930  -0.0001145687   0.0001586073  -0.0001145687
   2.0849999930  -0.0000945975   0.0001198014  -0.0000945975
   2.0899999930  -0.0000782220   0.0000822462  -0.0000782220
   2.0949999930  -0.0000678809   0.0000514143  -0.0000678809
   2.0999999929  -0.0000648446   0.0000317190  -0.0000648446
   2.1049999929  -0.0000690788   0.0000258034  -0.0000690788
   2.1099999929  -0.0000793621   0.0000340912  -0.0000793621
   2.1149999929  -0.0000935946   0.0000546911  -0.0000935946
   2.1199999929  -0.0001092051   0.0000836907  -0.0001092051
   2.1249999929  -0.0001235690   0.0001158078  -0.0001235690
   2.1299999928  -0.0001343754   0.0001452942  -0.0001343754
   2.1349999928  -0.0001399133   0.0001669250  -0.0001399133
   2.1399999928  -0.0001392691   0.0001768868  -0.0001392691
   2.1449999928  -0.0001324327   0.0001733953  -0.0001324327
   2.1499999928  -0.0001203078   0.0001569331  -0.0001203078
   2.1549999928  -0.0001046107   0.0001300837  -0.0001046107
   2.1599999927  -0.0000876497   0.0000970195  -0.0000876497
   2.1649999927  -0.0000719906   0.0000627617  -0.0000719906
   2.1699999927  -0.0000600447   0.0000323574  -0.0000600447
   2.1749999927  -0.0000536467   0.0000101090  -0.0000536467
   2.1799999927  -0.0000537044  -0.0000010384  -0.0000537044
   2.1849999927  -0.0000600066   0.0000001168  -0.0000600066
   2.1899999926  -0.0000712403   0.0000129022  -0.0000712403
   2.1949999926  -0.0000852288   0.0000349008  -0.0000852288
   2.1999999926  -0.0000993438   0.0000623202  -0.0000993438
   2.2049999926  -0.0001110039   0.0000905586  -0.0001110039
   2.2099999926  -0.0001181495   0.0001148997  -0.0001181495
   2.2149999926  -0.0001195942   0.0001312427  -0.0001195942
   2.2199999925  -0.0001151842   0.0001367585  -0.0001151842
   2.2249999925  -0.0001057526   0.0001303593  -0.0001057526
   2.2299999925  -0.0000928983   0.0001128918  -0.0000928983
   2.2349999925  -0.0000786586   0.0000870076  -0.0000786586
   2.2399999925  -0.0000651533   0.0000567218  -0.0000651533
   2.2449999925  -0.0000542640   0.0000267332  -0.0000542640
   2.2499999924  -0.0000473924   0.0000016282  -0.0000473924
   2.2549999924  -0.0000453080  -0.0000148855  -0.0000453080
   2.2599999924  -0.0000480828  -0.0000205763  -0.0000480828
   2.2649999924  -0.0000551015  -0.0000150124  -0.0000551015
   2.2699999924  -0.0000651422   0.0000004322  -0.0000651422
   2.2749999924  -0.0000765274   0.0000228717  -0.0000765274
   2.2799999923  -0.0000873453   0.0000484308  -0.0000873453
   2.2849999923  -0.0000957296   0.0000728893  -0.0000957296
   2.2899999923  -0.0001001646   0.0000923363  -0.0001001646
   2.2949999923  -0.0000997639   0.0001037363  -0.0000997639
   2.2999999923  -0.0000944569   0.0001053394  -0.0000944569
   2.3049999923  -0.0000850320   0.0000968953  -0.0000850320
   2.3099999922  -0.0000730087   0.0000796586  -0.0000730087
   2.3149999922  -0.0000603573   0.0000561922  -0.0000603573
   2.3199999922  -0.0000491228   0.0000299889  -0.0000491228
   2.3249999922  -0.0000410388   0.0000049558  -0.0000410388
   2.3299999922  -0.0000372179  -0.0000151801  -0.0000372179
   2.3349999922  -0.0000379843  -0.0000274554  -0.0000379843
   2.3399999921  -0.0000428718  -0.0000301522  -0.0000428718
   2.3449999921  -0.0000507704  -0.0000230839  -0.0000507704
   2.3499999921  -0.0000601712  -0.0000076291  -0.0000601712
   2.3549999921  -0.0000694449   0.0000135036  -0.0000694449
   2.3599999921  -0.0000770967   0.0000367374  -0.0000770967
   2.3649999921  -0.0000819630   0.0000582298  -0.0000819630
   2.3699999920  -0.0000833351   0.0000745051  -0.0000833351
   2.3749999920  -0.0000810156   0.0000830042  -0.0000810156
   2.3799999920  -0.0000753194   0.0000824614  -0.0000753194
   2.3849999920  -0.0000670279   0.0000730572  -0.0000670279
   2.3899999920  -0.0000572961   0.0000563360  -0.0000572961
   2.3949999920  -0.0000475122   0.0000349191  -0.0000475122
   2.3999999919  -0.0000391092   0.0000120677  -0.0000391092
   2.4049999919  -0.0000333444  -0.0000088275  -0.0000333444
   2.4099999919  -0.0000310799  -0.0000247534  -0.0000310799
   2.4149999919  -0.0000326080  -0.0000335072  -0.0000326080
   2.4199999919  -0.0000375704  -0.0000339965  -0.0000375704
   2.4249999919  -0.0000450018  -0.0000263745  -0.0000450018
   2.4299999918  -0.0000535004  -0.0000119963  -0.0000535004
   2.4349999918  -0.0000614943   0.0000067919  -0.0000614943
   2.4399999918  -0.0000675435   0.0000270032  -0.0000675435
   2.4449999918  -0.0000706074   0.0000454525  -0.0000706074
   2.4499999918  -0.0000702169   0.0000592347  -0.0000702169
   2.4549999918  -0.0000665191   0.0000661704  -0.0000665191
   2.4599999917  -0.0000601987   0.0000651510  -0.0000601987
   2.4649999917  -0.0000523088   0.0000563223  -0.0000523088
   2.4699999917  -0.0000440631   0.0000410669  -0.0000440631
   2.4749999917  -0.0000366353   0.0000217791  -0.0000366353
   2.4799999917  -0.0000309999   0.0000014665  -0.0000309999
   2.4849999917  -0.0000278257  -0.0000167515  -0.0000278257
   2.4899999916  -0.0000274190  -0.0000301557  -0.0000274190
   2.4949999916  -0.0000297068  -0.0000368558  -0.0000297068
   2.4999999916  -0.0000342525  -0.0000360613  -0.0000342525
   2.5049999916  -0.0000403051  -0.0000281596  -0.0000403051
   2.5099999916  -0.0000468846  -0.0000146014  -0.0000468846
   2.5149999916  -0.0000529083   0.0000023665  -0.0000529083
   2.5199999915  -0.0000573489   0.0000200670  -0.0000573489
   2.5249999915  -0.0000594046   0.0000357950  -0.0000594046
   2.5299999915  -0.0000586489   0.0000472005  -0.0000586489
   2.5349999915  -0.0000551250   0.0000526091  -0.0000551250
   2.5399999915  -0.0000493559   0.0000512446  -0.0000493559
   2.5449999915  -0.0000422601   0.0000433312  -0.0000422601
   2.5499999914  -0.0000349842   0.0000300596  -0.0000349842
   2.5549999914  -0.0000286876   0.0000134173  -0.0000286876
   2.5599999914  -0.0000243261  -0.0000041022  -0.0000243261
   2.5649999914  -0.0000224826  -0.0000198736  -0.0000224826
   2.5699999914  -0.0000232815  -0.0000315442  -0.0000232815
   2.5749999914  -0.0000263977  -0.0000374041  -0.0000263977
   2.5799999913  -0.0000311514  -0.0000366578  -0.0000311514
   2.5849999913  -0.0000366558  -0.0000295490  -0.0000366558
   2.5899999913  -0.0000419793  -0.0000173143  -0.0000419793
   2.5949999913  -0.0000462895  -0.0000019727  -0.0000462895
   2.5999999913  -0.0000489560   0.0000140114  -0.0000489560
   2.6049999913  -0.0000496095   0.0000281302  -0.0000496095
   2.6099999912  -0.0000481623   0.0000382296  -0.0000481623
   2.6149999912  -0.0000448032   0.0000428328  -0.0000448032
   2.6199999912  -0.0000399720   0.0000413418  -0.0000399720
   2.6249999912  -0.0000343146   0.0000340913  -0.0000343146
   2.6299999912  -0.0000286136   0.0000222597  -0.0000286136
   2.6349999912  -0.0000236893   0.0000076623  -0.0000236893
   2.6399999911  -0.0000202768  -0.0000075321  -0.0000202768
   2.6449999911  -0.0000188966  -0.0000211169  -0.0000188966
   2.6499999911  -0.0000197463  -0.0000311553  -0.0000197463
   2.6549999911  -0.0000226436  -0.0000362450  -0.0000226436
   2.6599999911  -0.0000270431  -0.0000357103  -0.0000270431
   2.6649999911  -0.0000321304  -0.0000297005  -0.0000321304
   2.6699999910  -0.0000369761  -0.0000191758  -0.0000369761
   2.6749999910  -0.0000407146  -0.0000057759  -0.0000407146
   2.6799999910  -0.0000427057   0.0000084193  -0.0000427057
   2.6849999910  -0.0000426413   0.0000212078  -0.0000426413
   2.6899999910  -0.0000405784   0.0000306116  -0.0000405784
   2.6949999909  -0.0000368980   0.0000351935  -0.0000368980
   2.6999999909  -0.0000322084   0.0000342849  -0.0000322084
   2.7049999909  -0.0000272239   0.0000280835  -0.0000272239
   2.7099999909  -0.0000226467   0.0000176055  -0.0000226467
   2.7149999909  -0.0000190713   0.0000045048  -0.0000190713
   2.7199999909  -0.0000169226  -0.0000092038  -0.0000169226
   2.7249999908  -0.0000164212  -0.0000214657  -0.0000164212
   2.7299999908  -0.0000175719  -0.0000304989  -0.0000175719
   2.7349999908  -0.0000201671  -0.0000350500  -0.0000201671
   2.7399999908  -0.0000238047  -0.0000345608  -0.0000238047
   2.7449999908  -0.0000279257  -0.0000292277  -0.0000279257
   2.7499999908  -0.0000318761  -0.0000199501  -0.0000318761
   2.7549999907  -0.0000349949  -0.0000081827  -0.0000349949
   2.7599999907  -0.0000367216   0.0000042866  -0.0000367216
   2.7649999907  -0.0000367019   0.0000155984  -0.0000367019
   2.7699999907  -0.0000348687   0.0000240880  -0.0000348687
   2.7749999907  -0.0000314716   0.0000285194  -0.0000314716
   2.7799999907  -0.0000270424   0.0000282585  -0.0000270424
   2.7849999906  -0.0000222983   0.0000233622  -0.0000222983
   2.7899999906  -0.0000180031   0.0000145717  -0.0000180031
   2.7949999906  -0.0000148214   0.0000032078  -0.0000148214
   2.7999999906  -0.0000131979  -0.0000090209  -0.0000131979
   2.8049999906  -0.0000132912  -0.0000202737  -0.0000132912
   2.8099999906  -0.0000149693  -0.0000288623  -0.0000149693
   2.8149999905  -0.0000178605  -0.0000335168  -0.0000178605
   2.8199999905  -0.0000214384  -0.0000335876  -0.0000214384
   2.8249999905  -0.0000251174  -0.0000291450  -0.0000251174
   2.8299999905  -0.0000283379  -0.0000209571  -0.0000283379
   2.8349999905  -0.0000306325  -0.0000103515  -0.0000306325
   2.8399999905  -0.0000316715   0.0000010102  -0.0000316715
   2.8449999904  -0.0000312920   0.0000114010  -0.0000312920
   2.8499999904  -0.0000295149   0.0000192911  -0.0000295149
   2.8549999904  -0.0000265486   0.0000235648  -0.0000265486
   2.8599999904  -0.0000227755   0.0000236623  -0.0000227755
   2.8649999904  -0.0000187134   0.0000196371  -0.0000187134
   2.8699999904  -0.0000149505   0.0000121298  -0.0000149505
   2.8749999903  -0.0000120568   0.0000022667  -0.0000120568
   2.8799999903  -0.0000104865  -0.0000085019  -0.0000104865
   2.8849999903  -0.0000104893  -0.0000186045  -0.0000104893
   2.8899999903  -0.0000120538  -0.0000265703  -0.0000120538
   2.8949999903  -0.0000148990  -0.0000312423  -0.0000148990
   2.8999999903  -0.0000185183  -0.0000319499  -0.0000185183
   2.9049999902  -0.0000222724  -0.0000286154  -0.0000222724
   2.9099999902  -0.0000255076  -0.0000217706  -0.0000255076
   2.9149999902  -0.0000276760  -0.0000124802  -0.0000276760
   2.9199999902  -0.0000284296  -0.0000021780  -0.0000284296
   2.9249999902  -0.0000276693   0.0000075563  -0.0000276693
   2.9299999902  -0.0000255435   0.0000152450  -0.0000255435
   2.9349999901  -0.0000224022   0.0000197425  -0.0000224022
   2.9399999901  -0.0000187239   0.0000204100  -0.0000187239
   2.9449999901  -0.0000150336   0.0000172055  -0.0000150336
   2.9499999901  -0.0000118294   0.0000106761  -0.0000118294
   2.9549999901  -0.0000095246   0.0000018577  -0.0000095246
   2.9599999901  -0.0000084069  -0.0000078985  -0.0000084069
   2.9649999900  -0.0000086103  -0.0000171393  -0.0000086103
   2.9699999900  -0.0000100989  -0.0000245270  -0.0000100989
   2.9749999900  -0.0000126606  -0.0000290283  -0.0000126606
   2.9799999900  -0.0000159210  -0.0000300490  -0.0000159210
   2.9849999900  -0.0000193800  -0.0000275034  -0.0000193800
   2.9899999900  -0.0000224783  -0.0000218124  -0.0000224783
   2.9949999899  -0.0000246847  -0.0000138382  -0.0000246847
   2.9999999899  -0.0000255925  -0.0000047625  -0.0000255925
   3.0049999899  -0.0000250018   0.0000040773  -0.0000250018
   3.0099999899  -0.0000229667   0.0000113765  -0.0000229667
   3.0149999899  -0.0000197933   0.0000160533  -0.0000197933
   3.0199999899  -0.0000159858   0.0000174136  -0.0000159858
   3.0249999898  -0.0000121519   0.0000152625  -0.0000121519
   3.0299999898  -0.0000088910   0.0000099401  -0.0000088910
   3.0349999898  -0.0000066878   0.0000022716  -0.0000066878
   3.0399999898  -0.0000058358  -0.0000065638  -0.0000058358
   3.0449999898  -0.0000064022  -0.0000152210  -0.0000064022
   3.0499999898  -0.0000082348  -0.0000224027  -0.0000082348
   3.0549999897  -0.0000110037  -0.0000270598  -0.0000110037
   3.0599999897  -0.0000142632  -0.0000285450  -0.0000142632
   3.0649999897  -0.0000175198  -0.0000266999  -0.0000175198
   3.0699999897  -0.0000202963  -0.0000218630  -0.0000202963
   3.0749999897  -0.0000221873  -0.0000148051  -0.0000221873
   3.0799999897  -0.0000229048  -0.0000066043  -0.0000229048
   3.0849999896  -0.0000223131   0.0000015177  -0.0000223131
   3.0899999896  -0.0000204526   0.0000083746  -0.0000204526
   3.0949999896  -0.0000175466   0.0000129842  -0.0000175466
   3.0999999896  -0.0000139848   0.0000147045  -0.0000139848
   3.1049999896  -0.0000102793   0.0000133187  -0.0000102793
   3.1099999896  -0.0000069917   0.0000090598  -0.0000069917
   3.1149999895  -0.0000046412   0.0000025728  -0.0000046412
   3.1199999895  -0.0000036107  -0.0000051802  -0.0000036107
   3.1249999895  -0.0000040699  -0.0000130576  -0.0000040699
   3.1299999895  -0.0000059369  -0.0000199019  -0.0000059369
   3.1349999895  -0.0000088891  -0.0000247076  -0.0000088891
   3.1399999895  -0.0000124211  -0.0000267707  -0.0000124211
   3.1449999894  -0.0000159392  -0.0000257975  -0.0000159392
   3.1499999894  -0.0000188678  -0.0000219540  -0.0000188678
   3.1549999894  -0.0000207464  -0.0000158430  -0.0000207464
   3.1599999894  -0.0000212975  -0.0000084116  -0.0000212975
   3.1649999894  -0.0000204568  -0.0000007992  -0.0000204568
   3.1699999894  -0.0000183665   0.0000058442  -0.0000183665
   3.1749999893  -0.0000153406   0.0000105396  -0.0000153406
   3.1799999893  -0.0000118117   0.0000126254  -0.0000118117
   3.1849999893  -0.0000082716   0.0000118475  -0.0000082716
   3.1899999893  -0.0000052086   0.0000083808  -0.0000052086
   3.1949999893  -0.0000030487   0.0000027849  -0.0000030487
   3.1999999893  -0.0000021008  -0.0000040905  -0.0000021008
   3.2049999892  -0.0000025112  -0.0000112344  -0.0000025112
   3.2099999892  -0.0000042351  -0.0000176177  -0.0000042351
   3.2149999892  -0.0000070295  -0.0000223330  -0.0000070295
   3.2199999892  -0.0000104777  -0.0000247171  -0.0000104777
   3.2249999892  -0.0000140434  -0.0000244419  -0.0000140434
   3.2299999892  -0.0000171521  -0.0000215619  -0.0000171521
   3.2349999891  -0.0000192857  -0.0000165100  -0.0000192857
   3.2399999891  -0.0000200734  -0.0000100381  -0.0000200734
   3.2449999891  -0.0000193611  -0.0000031096  -0.0000193611
   3.2499999891  -0.0000172425   0.0000032440  -0.0000172425
   3.2549999891  -0.0000140439   0.0000080787  -0.0000140439
   3.2599999891  -0.0000102670   0.0000106823  -0.0000102670
   3.2649999890  -0.0000064994   0.0000106833  -0.0000064994
   3.2699999890  -0.0000033134   0.0000081067  -0.0000033134
   3.2749999890  -0.0000011736   0.0000033669  -0.0000011736
   3.2799999890  -0.0000003684  -0.0000027997  -0.0000003684
   3.2849999890  -0.0000009774  -0.0000094530  -0.0000009774
   3.2899999890  -0.0000028731  -0.0000155961  -0.0000028731
   3.2949999889  -0.0000057509  -0.0000203284  -0.0000057509
   3.2999999889  -0.0000091780  -0.0000229789  -0.0000091780
   3.3049999889  -0.0000126535  -0.0000231986  -0.0000126535
   3.3099999889  -0.0000156702  -0.0000210015  -0.0000156702
   3.3149999889  -0.0000177783  -0.0000167494  -0.0000177783
   3.3199999889  -0.0000186442  -0.0000110898  -0.0000186442
   3.3249999888  -0.0000181020  -0.0000048566  -0.0000181020
   3.3299999888  -0.0000161873   0.0000010485  -0.0000161873
   3.3349999888  -0.0000131462   0.0000057805  -0.0000131462
   3.3399999888  -0.0000094108   0.0000086658  -0.0000094108
   3.3449999888  -0.0000055400   0.0000092960  -0.0000055400
   3.3499999888  -0.0000021317   0.0000075873  -0.0000021317
   3.3549999887   0.0000002777   0.0000037973   0.0000002777
   3.3599999887   0.0000013076  -0.0000015075   0.0000013076
   3.3649999887   0.0000008016  -0.0000075328   0.0000008016
   3.3699999887  -0.0000011457  -0.0000133753  -0.0000011457
   3.3749999887  -0.0000042074  -0.0000181621  -0.0000042074
   3.3799999886  -0.0000078839  -0.0000211865  -0.0000078839
   3.3849999886  -0.0000115902  -0.0000220164  -0.0000115902
   3.3899999886  -0.0000147521  -0.0000205573  -0.0000147521
   3.3949999886  -0.0000168945  -0.0000170598  -0.0000168945
   3.3999999886  -0.0000177068  -0.0000120732  -0.0000177068
   3.4049999886  -0.0000170798  -0.0000063553  -0.0000170798
   3.4099999885  -0.0000151113  -0.0000007552  -0.0000151113
   3.4149999885  -0.0000120850   0.0000039133  -0.0000120850
   3.4199999885  -0.0000084283   0.0000069875  -0.0000084283
   3.4249999885  -0.0000046555   0.0000080474  -0.0000046555
   3.4299999885  -0.0000013015   0.0000069702  -0.0000013015
   3.4349999885   0.0000011487   0.0000039415   0.0000011487
   3.4399999884   0.0000023278  -0.0000005765   0.0000023278
   3.4449999884   0.0000020442  -0.0000059148   0.0000020442
   3.4499999884   0.0000003198  -0.0000112946   0.0000003198
   3.4549999884  -0.0000026010  -0.0000159383  -0.0000026010
   3.4599999884  -0.0000062789  -0.0000191782  -0.0000062789
   3.4649999884  -0.0000101420  -0.0000205508  -0.0000101420
   3.4699999883  -0.0000135763  -0.0000198627  -0.0000135763
   3.4749999883  -0.0000160287  -0.0000172199  -0.0000160287
   3.4799999883  -0.0000171016  -0.0000130163  -0.0000171016
   3.4849999883  -0.0000166206  -0.0000078782  -0.0000166206
   3.4899999883  -0.0000146616  -0.0000025733  -0.0000146616
   3.4949999883  -0.0000115328   0.0000021060  -0.0000115328
   3.4999999882  -0.0000077183   0.0000054654  -0.0000077183
   3.5049999882  -0.0000037949   0.0000070177  -0.0000037949
   3.5099999882  -0.0000003404   0.0000065566  -0.0000003404
   3.5149999882   0.0000021508   0.0000041839   0.0000021508
   3.5199999882   0.0000033349   0.0000002856   0.0000033349
   3.5249999882   0.0000030598  -0.0000045361   0.0000030598
   3.5299999881   0.0000013802  -0.0000095602   0.0000013802
   3.5349999881  -0.0000014534  -0.0000140556  -0.0000014534
   3.5399999881  -0.0000050282  -0.0000173846  -0.0000050282
   3.5449999881  -0.0000088232  -0.0000190880  -0.0000088232
   3.5499999881  -0.0000122781  -0.0000189423  -0.0000122781
   3.5549999881  -0.0000148704  -0.0000169865  -0.0000148704
   3.5599999880  -0.0000161931  -0.0000135141  -0.0000161931
   3.5649999880  -0.0000160194  -0.0000090328  -0.0000160194
   3.5699999880  -0.0000143448  -0.0000041945  -0.0000143448
   3.5749999880  -0.0000113971   0.0000002969  -0.0000113971
   3.5799999880  -0.0000076074   0.0000037871  -0.0000076074
   3.5849999880  -0.0000035471   0.0000057688  -0.0000035471
   3.5899999879   0.0000001625   0.0000059579   0.0000001625
   3.5949999879   0.0000029516   0.0000043372   0.0000029516
   3.5999999879   0.0000043959   0.0000011595   0.0000043959
   3.6049999879   0.0000042853  -0.0000030919   0.0000042853
   3.6099999879   0.0000026560  -0.0000077765   0.0000026560
   3.6149999879  -0.0000002212  -0.0000121948  -0.0000002212
   3.6199999878  -0.0000038903  -0.0000156948  -0.0000038903
   3.6249999878  -0.0000077869  -0.0000177695  -0.0000077869
   3.6299999878  -0.0000113266  -0.0000181318  -0.0000113266
   3.6349999878  -0.0000139911  -0.0000167530  -0.0000139911
   3.6399999878  -0.0000153971  -0.0000138617  -0.0000153971
   3.6449999878  -0.0000153448  -0.0000099028  -0.0000153448
   3.6499999877  -0.0000138395  -0.0000054664  -0.0000138395
   3.6549999877  -0.0000110893  -0.0000011978  -0.0000110893
   3.6599999877  -0.0000074779   0.0000022945  -0.0000074779
   3.6649999877  -0.0000035165   0.0000045229  -0.0000035165
   3.6699999877   0.0000002232   0.0000051841   0.0000002232
   3.6749999877   0.0000031889   0.0000041979   0.0000031889
   3.6799999876   0.0000049300   0.0000017162   0.0000049300
   3.6849999876   0.0000051716  -0.0000018968   0.0000051716
   3.6899999876   0.0000038638  -0.0000061135   0.0000038638
   3.6949999876   0.0000011973  -0.0000103163   0.0000011973
   3.6999999876  -0.0000024209  -0.0000138866  -0.0000024209
   3.7049999876  -0.0000064312  -0.0000162970  -0.0000064312
   3.7099999875  -0.0000102105  -0.0000171934  -0.0000102105
   3.7149999875  -0.0000131739  -0.0000164502  -0.0000131739
   3.7199999875  -0.0000148679  -0.0000141895  -0.0000148679
   3.7249999875  -0.0000150406  -0.0000107609  -0.0000150406
   3.7299999875  -0.0000136763  -0.0000066843  -0.0000136763
   3.7349999875  -0.0000109908  -0.0000025685  -0.0000109908
   3.7399999874  -0.0000073921   0.0000009829  -0.0000073921
   3.7449999874  -0.0000034137   0.0000034598  -0.0000034137
   3.7499999874   0.0000003659   0.0000045186   0.0000003659
   3.7549999874   0.0000034060   0.0000040278   0.0000034060
   3.7599999874   0.0000052773   0.0000020821   0.0000052773
   3.7649999874   0.0000057179  -0.0000010158   0.0000057179
   3.7699999873   0.0000046679  -0.0000048023   0.0000046679
   3.7749999873   0.0000022774  -0.0000087223   0.0000022774
   3.7799999873  -0.0000011109  -0.0000122091  -0.0000011109
   3.7849999873  -0.0000050053  -0.0000147654  -0.0000050053
   3.7899999873  -0.0000088312  -0.0000160313  -0.0000088312
   3.7949999873  -0.0000120122  -0.0000158338  -0.0000120122
   3.7999999872  -0.0000140574  -0.0000142093  -0.0000140574
   3.8049999872  -0.0000146400  -0.0000113974  -0.0000146400
   3.8099999872  -0.0000136537  -0.0000078079  -0.0000136537
   3.8149999872  -0.0000112351  -0.0000039638  -0.0000112351
   3.8199999872  -0.0000077455  -0.0000004270  -0.0000077455
   3.8249999872  -0.0000037143   0.0000022838  -0.0000037143
   3.8299999871   0.0000002469   0.0000037716   0.0000002469
   3.8349999871   0.0000035424   0.0000038228   0.0000035424
   3.8399999871   0.0000056864   0.0000024413   0.0000056864
   3.8449999871   0.0000063752  -0.0000001524   0.0000063752
   3.8499999871   0.0000055279  -0.0000035574   0.0000055279
   3.8549999871   0.0000032911  -0.0000072577   0.0000032911
   3.8599999870   0.0000000107  -0.0000107040   0.0000000107
   3.8649999870  -0.0000038239  -0.0000133969  -0.0000038239
   3.8699999870  -0.0000076508  -0.0000149584  -0.0000076508
   3.8749999870  -0.0000109146  -0.0000151816  -0.0000109146
   3.8799999870  -0.0000131419  -0.0000140536  -0.0000131419
   3.8849999870  -0.0000140059  -0.0000117518  -0.0000140059
   3.8899999869  -0.0000133720  -0.0000086158  -0.0000133720
   3.8949999869  -0.0000113196  -0.0000050989  -0.0000113196
   3.8999999869  -0.0000081342  -0.0000017059  -0.0000081342
   3.9049999869  -0.0000042716   0.0000010771  -0.0000042716
   3.9099999869  -0.0000002950   0.0000028513  -0.0000002950
   3.9149999869   0.0000032064   0.0000033634   0.0000032064
   3.9199999868   0.0000057068   0.0000025440   0.0000057068
   3.9249999868   0.0000068262   0.0000005187   0.0000068262
   3.9299999868   0.0000063926  -0.0000024090   0.0000063926
   3.9349999868   0.0000044720  -0.0000058031   0.0000044720
   3.9399999868   0.0000013596  -0.0000091601   0.0000013596
   3.9449999868  -0.0000024664  -0.0000119843  -0.0000024664
   3.9499999867  -0.0000064213  -0.0000138623  -0.0000064213
   3.9549999867  -0.0000099072  -0.0000145242  -0.0000099072
   3.9599999867  -0.0000124054  -0.0000138831  -0.0000124054
   3.9649999867  -0.0000135532  -0.0000120464  -0.0000135532
   3.9699999867  -0.0000131940  -0.0000092977  -0.0000131940
   3.9749999867  -0.0000113929  -0.0000060509  -0.0000113929
   3.9799999866  -0.0000084210  -0.0000027860  -0.0000084210
   3.9849999866  -0.0000047115   0.0000000234  -0.0000047115
   3.9899999866  -0.0000007971   0.0000019796  -0.0000007971
   3.9949999866   0.0000027635   0.0000028159   0.0000027635
   3.9999999866   0.0000054611   0.0000024297   0.0000054611
   4.0049999866   0.0000069059   0.0000008930   0.0000069059
   4.0099999865   0.0000068827  -0.0000015620   0.0000068827
   4.0149999865   0.0000053859  -0.0000045766   0.0000053859
   4.0199999865   0.0000026260  -0.0000077157   0.0000026260
   4.0249999865  -0.0000009956  -0.0000105265  -0.0000009956
   4.0299999865  -0.0000049414  -0.0000126027  -0.0000049414
   4.0349999864  -0.0000086175  -0.0000136424  -0.0000086175
   4.0399999864  -0.0000114650  -0.0000134944  -0.0000114650
   4.0449999864  -0.0000130479  -0.0000121827  -0.0000130479
   4.0499999864  -0.0000131231  -0.0000099046  -0.0000131231
   4.0549999864  -0.0000116790  -0.0000070015  -0.0000116790
   4.0599999864  -0.0000089360  -0.0000039063  -0.0000089360
   4.0649999863  -0.0000053102  -0.0000010758  -0.0000053102
   4.0699999863  -0.0000013468   0.0000010781  -0.0000013468
   4.0749999863   0.0000023657   0.0000022505   0.0000023657
   4.0799999863   0.0000052845   0.0000022855   0.0000052845
   4.0849999863   0.0000069916   0.0000011961   0.0000069916
   4.0899999863   0.0000072519  -0.0000008417   0.0000072519
   4.0949999862   0.0000060424  -0.0000035184   0.0000060424
   4.0999999862   0.0000035518  -0.0000064382   0.0000035518
   4.1049999862   0.0000001501  -0.0000091775   0.0000001501
   4.1099999862  -0.0000036645  -0.0000113459  -0.0000036645
   4.1149999862  -0.0000073355  -0.0000126413  -0.0000073355
   4.1199999862  -0.0000103256  -0.0000128903  -0.0000103256
   4.1249999861  -0.0000121927  -0.0000120698  -0.0000121927
   4.1299999861  -0.0000126552  -0.0000103072  -0.0000126552
   4.1349999861  -0.0000116361  -0.0000078597  -0.0000116361
   4.1399999861  -0.0000092794  -0.0000050768  -0.0000092794
   4.1449999861  -0.0000059330  -0.0000023523  -0.0000059330
   4.1499999861  -0.0000020985  -0.0000000699  -0.0000020985
   4.1549999860   0.0000016450   0.0000014496   0.0000016450
   4.1599999860   0.0000047325   0.0000019930   0.0000047325
   4.1649999860   0.0000067037   0.0000014864   0.0000067037
   4.1699999860   0.0000072763   0.0000000066   0.0000072763
   4.1749999860   0.0000063886  -0.0000022292   0.0000063886
   4.1799999860   0.0000042046  -0.0000048961   0.0000042046
   4.1849999859   0.0000010820  -0.0000076099   0.0000010820
   4.1899999859  -0.0000024902  -0.0000099849  -0.0000024902
   4.1949999859  -0.0000059721  -0.0000116896  -0.0000059721
   4.1999999859  -0.0000088566  -0.0000124912  -0.0000088566
   4.2049999859  -0.0000107432  -0.0000122845  -0.0000107432
   4.2099999859  -0.0000113913  -0.0000111008  -0.0000113913
   4.2149999858  -0.0000107475  -0.0000090999  -0.0000107475
   4.2199999858  -0.0000089439  -0.0000065470  -0.0000089439
   4.2249999858  -0.0000062709  -0.0000037803  -0.0000062709
   4.2299999858  -0.0000031293  -0.0000011697  -0.0000031293
   4.2349999858   0.0000000314   0.0000009270   0.0000000314
   4.2399999858   0.0000027779   0.0000022090   0.0000027779
   4.2449999857   0.0000047533   0.0000024738   0.0000047533
   4.2499999857   0.0000057239   0.0000016485   0.0000057239
   4.2549999857   0.0000056059  -0.0000001929   0.0000056059
   4.2599999857   0.0000044690  -0.0000028306   0.0000044690
   4.2649999857   0.0000025166  -0.0000059206   0.0000025166
   4.2699999857   0.0000000469  -0.0000090347   0.0000000469
   4.2749999856  -0.0000025973  -0.0000117162  -0.0000025973
   4.2799999856  -0.0000050813  -0.0000135435  -0.0000050813
   4.2849999856  -0.0000071238  -0.0000141938  -0.0000071238
   4.2899999856  -0.0000085266  -0.0000134989  -0.0000085266
   4.2949999856  -0.0000091849  -0.0000114821  -0.0000091849
   4.2999999856  -0.0000090808  -0.0000083703  -0.0000090808
   4.3049999855  -0.0000082632  -0.0000045757  -0.0000082632
   4.3099999855  -0.0000068257  -0.0000006462  -0.0000068257
   4.3149999855  -0.0000048887   0.0000028091  -0.0000048887
   4.3199999855  -0.0000025925   0.0000052123  -0.0000025925
   4.3249999855  -0.0000001011   0.0000061099  -0.0000001011
   4.3299999855   0.0000023882   0.0000052556   0.0000023882
   4.3349999854   0.0000046380   0.0000026659   0.0000046380
   4.3399999854   0.0000063758  -0.0000013611   0.0000063758
   4.3449999854   0.0000073178  -0.0000062697   0.0000073178
   4.3499999854   0.0000072111  -0.0000113156   0.0000072111
   4.3549999854   0.0000058887  -0.0000156708   0.0000058887
   4.3599999854   0.0000033258  -0.0000185549   0.0000033258
   4.3649999853  -0.0000003173  -0.0000193707  -0.0000003173
   4.3699999853  -0.0000046784  -0.0000178230  -0.0000046784
   4.3749999853  -0.0000092139  -0.0000139970  -0.0000092139
   4.3799999853  -0.0000132571  -0.0000083762  -0.0000132571
   4.3849999853  -0.0000161123  -0.0000017915  -0.0000161123
   4.3899999853  -0.0000171693   0.0000046975  -0.0000171693
   4.3949999852  -0.0000160226   0.0000099713  -0.0000160226
   4.3999999852  -0.0000125716   0.0000130434  -0.0000125716
   4.4049999852  -0.0000070812   0.0000132423  -0.0000070812
   4.4099999852  -0.0000001858   0.0000103496  -0.0000001858
   4.4149999852   0.0000071715   0.0000046664   0.0000071715
   4.4199999852   0.0000138624  -0.0000030084   0.0000138624
   4.4249999851   0.0000187448  -0.0000114875   0.0000187448
   4.4299999851   0.0000208573  -0.0000193795   0.0000208573
   4.4349999851   0.0000196026  -0.0000253175   0.0000196026
   4.4399999851   0.0000148865  -0.0000281954   0.0000148865
   4.4449999851   0.0000071813  -0.0000273701   0.0000071813
   4.4499999851  -0.0000025051  -0.0000227922  -0.0000025051
   4.4549999850  -0.0000127580  -0.0000150397  -0.0000127580
   4.4599999850  -0.0000219678  -0.0000052447  -0.0000219678
   4.4649999850  -0.0000285913   0.0000050778  -0.0000285913
   4.4699999850  -0.0000314202   0.0000142705  -0.0000314202
   4.4749999850  -0.0000298047   0.0000208052  -0.0000298047
   4.4799999850  -0.0000237916   0.0000235386  -0.0000237916
   4.4849999849  -0.0000141447   0.0000219089  -0.0000141447
   4.4899999849  -0.0000022414   0.0000160397  -0.0000022414
   4.4949999849   0.0000101393   0.0000067331   0.0000101393
   4.4999999849   0.0000211027  -0.0000046486   0.0000211027
   4.5049999849   0.0000289461  -0.0000163932   0.0000289461
   4.5099999849   0.0000324362  -0.0000267081   0.0000324362
   4.5149999848   0.0000310079  -0.0000340031   0.0000310079
   4.5199999848   0.0000248507  -0.0000371415   0.0000248507
   4.5249999848   0.0000148737  -0.0000356163   0.0000148737
   4.5299999848   0.0000025544  -0.0000296241   0.0000025544
   4.5349999848  -0.0000102980  -0.0000200272  -0.0000102980
   4.5399999848  -0.0000218242  -0.0000082118  -0.0000218242
   4.5449999847  -0.0000303962   0.0000041295  -0.0000303962
   4.5499999847  -0.0000348536   0.0000152543  -0.0000348536
   4.5549999847  -0.0000346604   0.0000236239  -0.0000346604
   4.5599999847  -0.0000299622   0.0000281170  -0.0000299622
   4.5649999847  -0.0000215410   0.0000281739  -0.0000215410
   4.5699999847  -0.0000106783   0.0000238564  -0.0000106783
   4.5749999846   0.0000010467   0.0000158198   0.0000010467
   4.5799999846   0.0000119922   0.0000052063   0.0000119922
   4.5849999846   0.0000206859  -0.0000065227   0.0000206859
   4.5899999846   0.0000260223  -0.0000177903   0.0000260223
   4.5949999846   0.0000274006  -0.0000271169   0.0000274006
   4.5999999846   0.0000247878  -0.0000333135   0.0000247878
   4.6049999845   0.0000187028  -0.0000356342   0.0000187028
   4.6099999845   0.0000101286  -0.0000338670   0.0000101286
   4.6149999845   0.0000003660  -0.0000283548   0.0000003660
   4.6199999845  -0.0000091497  -0.0000199428  -0.0000091497
   4.6249999845  -0.0000170469  -0.0000098597  -0.0000170469
   4.6299999845  -0.0000222040   0.0000004525  -0.0000222040
   4.6349999844  -0.0000239048   0.0000095408  -0.0000239048
   4.6399999844  -0.0000219410   0.0000161483  -0.0000219410
   4.6449999844  -0.0000166491   0.0000193969  -0.0000166491
   4.6499999844  -0.0000088740   0.0000189199  -0.0000088740
   4.6549999844   0.0000001403   0.0000149198   0.0000001403
   4.6599999844   0.0000089246   0.0000081408   0.0000089246
   4.6649999843   0.0000160024  -0.0000002458   0.0000160024
   4.6699999843   0.0000201240  -0.0000088262   0.0000201240
   4.6749999843   0.0000204808  -0.0000161717   0.0000204808
   4.6799999843   0.0000168621  -0.0000210737   0.0000168621
   4.6849999843   0.0000097225  -0.0000227440   0.0000097225
   4.6899999843   0.0000001377  -0.0000209481   0.0000001377
   4.6949999842  -0.0000103510  -0.0000160457  -0.0000103510
   4.6999999842  -0.0000199846  -0.0000089301  -0.0000199846
   4.7049999842  -0.0000270878  -0.0000008742  -0.0000270878
   4.7099999842  -0.0000303676   0.0000066893  -0.0000303676
   4.7149999842  -0.0000291548   0.0000124184  -0.0000291548
   4.7199999841  -0.0000235374   0.0000152948  -0.0000235374
   4.7249999841  -0.0000143578   0.0000147998  -0.0000143578
   4.7299999841  -0.0000030706   0.0000109978  -0.0000030706
   4.7349999841   0.0000085151   0.0000045140   0.0000085151
   4.7399999841   0.0000185583  -0.0000035890   0.0000185583
   4.7449999841   0.0000255130  -0.0000120100   0.0000255130
   4.7499999840   0.0000283952  -0.0000194426   0.0000283952
   4.7549999840   0.0000269379  -0.0000247984   0.0000269379
   4.7599999840   0.0000216092  -0.0000273759   0.0000216092
   4.7649999840   0.0000134907  -0.0000269492   0.0000134907
   4.7699999840   0.0000040480  -0.0000237631   0.0000040480
   4.7749999840  -0.0000051575  -0.0000184455  -0.0000051575
   4.7799999839  -0.0000127547  -0.0000118622  -0.0000127547
   4.7849999839  -0.0000177906  -0.0000049483  -0.0000177906
   4.7899999839  -0.0000198569   0.0000014476  -0.0000198569
   4.7949999839  -0.0000190998   0.0000066758  -0.0000190998
   4.7999999839  -0.0000161196   0.0000103406  -0.0000161196
   4.8049999839  -0.0000117925   0.0000122949  -0.0000117925
   4.8099999838  -0.0000070591   0.0000125896  -0.0000070591
   4.8149999838  -0.0000027295   0.0000114001  -0.0000027295
   4.8199999838   0.0000006563   0.0000089558   0.0000006563
   4.8249999838   0.0000028863   0.0000054926   0.0000028863
   4.8299999838   0.0000040516   0.0000012386   0.0000040516
   4.8349999838   0.0000044551  -0.0000035714   0.0000044551
   4.8399999837   0.0000044857  -0.0000086646   0.0000044857
   4.8449999837   0.0000044944  -0.0000137045   0.0000044944
   4.8499999837   0.0000047065  -0.0000182870   0.0000047065
   4.8549999837   0.0000051871  -0.0000219698   0.0000051871
   4.8599999837   0.0000058649  -0.0000243340   0.0000058649
   4.8649999837   0.0000065970  -0.0000250648   0.0000065970
   4.8699999836   0.0000072490  -0.0000240326   0.0000072490
   4.8749999836   0.0000077616  -0.0000213487   0.0000077616
   4.8799999836   0.0000081797  -0.0000173787   0.0000081797
   4.8849999836   0.0000086342  -0.0000127041   0.0000086342
   4.8899999836   0.0000092837  -0.0000080330   0.0000092837
   4.8949999836   0.0000102368  -0.0000040780   0.0000102368
   4.8999999835   0.0000114832  -0.0000014245   0.0000114832
   4.9049999835   0.0000128605  -0.0000004195   0.0000128605
   4.9099999835   0.0000140727  -0.0000011066   0.0000140727
   4.9149999835   0.0000147606  -0.0000032225   0.0000147606
   4.9199999835   0.0000146076  -0.0000062588   0.0000146076
   4.9249999835   0.0000134509  -0.0000095745   0.0000134509
   4.9299999834   0.0000113643  -0.0000125329   0.0000113643
   4.9349999834   0.0000086831  -0.0000146324   0.0000086831
   4.9399999834   0.0000059586  -0.0000156005   0.0000059586
   4.9449999834   0.0000038463  -0.0000154304   0.0000038463
   4.9499999834   0.0000029531  -0.0000143559   0.0000029531
   4.9549999834   0.0000036811  -0.0000127729   0.0000036811
   4.9599999833   0.0000061096  -0.0000111312   0.0000061096
   4.9649999833   0.0000099487  -0.0000098247   0.0000099487
   4.9699999833   0.0000145800  -0.0000091054   0.0000145800
   4.9749999833   0.0000191776  -0.0000090429   0.0000191776
   4.9799999833   0.0000228838  -0.0000095321   0.0000228838
   4.9849999833   0.0000249962  -0.0000103456   0.0000249962
   4.9899999832   0.0000251221  -0.0000112110   0.0000251221
   4.9949999832   0.0000232648  -0.0000118906   0.0000232648
   4.9999999832   0.0000198196  -0.0000122410   0.0000198196
   5.0049999832   0.0000154857  -0.0000122383   0.0000154857
   5.0099999832   0.0000111130  -0.0000119637   0.0000111130
   5.0149999832   0.0000075237  -0.0000115580   0.0000075237
   5.0199999831   0.0000053486  -0.0000111625   0.0000053486
   5.0249999831   0.0000049145  -0.0000108658   0.0000049145
   5.0299999831   0.0000062042  -0.0000106748   0.0000062042
   5.0349999831   0.0000088918  -0.0000105192   0.0000088918
   5.0399999831   0.0000124389  -0.0000102860   0.0000124389
   5.0449999831   0.0000162237  -0.0000098726   0.0000162237
   5.0499999830   0.0000196696  -0.0000092381   0.0000196696
   5.0549999830   0.0000223432  -0.0000084361   0.0000223432
   5.0599999830   0.0000240052  -0.0000076146   0.0000240052
   5.0649999830   0.0000246084  -0.0000069831   0.0000246084
   5.0699999830   0.0000242546  -0.0000067535   0.0000242546
   5.0749999830   0.0000231312  -0.0000070729   0.0000231312
   5.0799999829   0.0000214495  -0.0000079684   0.0000214495
   5.0849999829   0.0000194046  -0.0000093202   0.0000194046
   5.0899999829   0.0000171651  -0.0000108749   0.0000171651
   5.0949999829   0.0000148885  -0.0000122956   0.0000148885
   5.0999999829   0.0000127492  -0.0000132403   0.0000127492
   5.1049999829   0.0000109603  -0.0000134462   0.0000109603
   5.1099999828   0.0000097731  -0.0000127993   0.0000097731
   5.1149999828   0.0000094454  -0.0000113709   0.0000094454
   5.1199999828   0.0000101828  -0.0000094079   0.0000101828
   5.1249999828   0.0000120668  -0.0000072806   0.0000120668
   5.1299999828   0.0000149946  -0.0000053996   0.0000149946
   5.1349999828   0.0000186502  -0.0000041226   0.0000186502
   5.1399999827   0.0000225273  -0.0000036757   0.0000225273
   5.1449999827   0.0000260049  -0.0000041075   0.0000260049
   5.1499999827   0.0000284651  -0.0000052865   0.0000284651
   5.1549999827   0.0000294272  -0.0000069410   0.0000294272
   5.1599999827   0.0000286652  -0.0000087281   0.0000286652
   5.1649999827   0.0000262772  -0.0000103142   0.0000262772
   5.1699999826   0.0000226853  -0.0000114448   0.0000226853
   5.1749999826   0.0000185612  -0.0000119890   0.0000185612
   5.1799999826   0.0000146929  -0.0000119487   0.0000146929
   5.1849999826   0.0000118221  -0.0000114355   0.0000118221
   5.1899999826   0.0000104916  -0.0000106243   0.0000104916
   5.1949999826   0.0000109374  -0.0000096984   0.0000109374
   5.1999999825   0.0000130509  -0.0000088042   0.0000130509
   5.2049999825   0.0000164175  -0.0000080258   0.0000164175
   5.2099999825   0.0000204183  -0.0000073853   0.0000204183
   5.2149999825   0.0000243681  -0.0000068659   0.0000243681
   5.2199999825   0.0000276550  -0.0000064458   0.0000276550
   5.2249999825   0.0000298486  -0.0000061293   0.0000298486
   5.2299999824   0.0000307569  -0.0000059624   0.0000307569
   5.2349999824   0.0000304254  -0.0000060243   0.0000304254
   5.2399999824   0.0000290867  -0.0000063992   0.0000290867
   5.2449999824   0.0000270838  -0.0000071349   0.0000270838
   5.2499999824   0.0000247888  -0.0000082066   0.0000247888
   5.2549999824   0.0000225409  -0.0000094979   0.0000225409
   5.2599999823   0.0000206128  -0.0000108106   0.0000206128
   5.2649999823   0.0000192057  -0.0000119028   0.0000192057
   5.2699999823   0.0000184637  -0.0000125467   0.0000184637
   5.2749999823   0.0000184898  -0.0000125900   0.0000184898
   5.2799999823   0.0000193520  -0.0000120032   0.0000193520
   5.2849999823   0.0000210702  -0.0000108974   0.0000210702
   5.2899999822   0.0000235893  -0.0000095072   0.0000235893
   5.2949999822   0.0000267488  -0.0000081401   0.0000267488
   5.2999999822   0.0000302659  -0.0000071058   0.0000302659
   5.3049999822   0.0000337471  -0.0000066442   0.0000337471
   5.3099999822   0.0000367344  -0.0000068687   0.0000367344
   5.3149999822   0.0000387822  -0.0000077420   0.0000387822
   5.3199999821   0.0000395495  -0.0000090882   0.0000395495
   5.3249999821   0.0000388846  -0.0000106380   0.0000388846
   5.3299999821   0.0000368794  -0.0000120939   0.0000368794
   5.3349999821   0.0000338747  -0.0000131979   0.0000338747
   5.3399999821   0.0000304115  -0.0000137835   0.0000304115
   5.3449999821   0.0000271356  -0.0000138007   0.0000271356
   5.3499999820   0.0000246746  -0.0000133106   0.0000246746
   5.3549999820   0.0000235151  -0.0000124535   0.0000235151
   5.3599999820   0.0000239072  -0.0000114054   0.0000239072
   5.3649999820   0.0000258173  -0.0000103336   0.0000258173
   5.3699999820   0.0000289400  -0.0000093666   0.0000289400
   5.3749999820   0.0000327633  -0.0000085816   0.0000327633
   5.3799999819   0.0000366729  -0.0000080098   0.0000366729
   5.3849999819   0.0000400693  -0.0000076539   0.0000400693
   5.3899999819   0.0000424747  -0.0000075066   0.0000424747
   5.3949999819   0.0000436066  -0.0000075639   0.0000436066
   5.3999999819   0.0000434079  -0.0000078274   0.0000434079
   5.4049999818   0.0000420330  -0.0000082958   0.0000420330
   5.4099999818   0.0000397975  -0.0000089494   0.0000397975
   5.4149999818   0.0000371086  -0.0000097356   0.0000371086
   5.4199999818   0.0000343926  -0.0000105615   0.0000343926
   5.4249999818   0.0000320332  -0.0000112986   0.0000320332
   5.4299999818   0.0000303299  -0.0000118026   0.0000303299
   5.4349999817   0.0000294774  -0.0000119426   0.0000294774
   5.4399999817   0.0000295632  -0.0000116352   0.0000295632
   5.4449999817   0.0000305750  -0.0000108724   0.0000305750
   5.4499999817   0.0000324125  -0.0000097356   0.0000324125
   5.4549999817   0.0000348983  -0.0000083890   0.0000348983
   5.4599999817   0.0000377874  -0.0000070526   0.0000377874
   5.4649999816   0.0000407789  -0.0000059592   0.0000407789
   5.4699999816   0.0000435340  -0.0000053045   0.0000435340
   5.4749999816   0.0000457072  -0.0000052040   0.0000457072
   5.4799999816   0.0000469896  -0.0000056653   0.0000469896
   5.4849999816   0.0000471615  -0.0000065848   0.0000471615
   5.4899999816   0.0000461449  -0.0000077693   0.0000461449
   5.4949999815   0.0000440408  -0.0000089776   0.0000440408
   5.4999999815   0.0000411397  -0.0000099721   0.0000411397
   5.5049999815   0.0000378943  -0.0000105684   0.0000378943
   5.5099999815   0.0000348542  -0.0000106709   0.0000348542
   5.5149999815   0.0000325714  -0.0000102859   0.0000325714
   5.5199999815   0.0000314942  -0.0000095115   0.0000314942
   5.5249999814   0.0000318741  -0.0000085062   0.0000318741
   5.5299999814   0.0000337073  -0.0000074480   0.0000337073
   5.5349999814   0.0000367282  -0.0000064936   0.0000367282
   5.5399999814   0.0000404565  -0.0000057504   0.0000404565
   5.5449999814   0.0000442910  -0.0000052667   0.0000442910
   5.5499999814   0.0000476275  -0.0000050400   0.0000476275
   5.5549999813   0.0000499731  -0.0000050383   0.0000499731
   5.5599999813   0.0000510335  -0.0000052230   0.0000510335
   5.5649999813   0.0000507522  -0.0000055650   0.0000507522
   5.5699999813   0.0000492988  -0.0000060463   0.0000492988
   5.5749999813   0.0000470128  -0.0000066491   0.0000470128
   5.5799999813   0.0000443231  -0.0000073374   0.0000443231
   5.5849999812   0.0000416636  -0.0000080417   0.0000416636
   5.5899999812   0.0000394074  -0.0000086564   0.0000394074
   5.5949999812   0.0000378276  -0.0000090543   0.0000378276
   5.5999999812   0.0000370880  -0.0000091158   0.0000370880
   5.6049999812   0.0000372531  -0.0000087658   0.0000372531
   5.6099999812   0.0000383048  -0.0000080038   0.0000383048
   5.6149999811   0.0000401543  -0.0000069183   0.0000401543
   5.6199999811   0.0000426446  -0.0000056770   0.0000426446
   5.6249999811   0.0000455461  -0.0000044946   0.0000455461
   5.6299999811   0.0000485571  -0.0000035854   0.0000485571
   5.6349999811   0.0000513194  -0.0000031140   0.0000513194
   5.6399999811   0.0000534573  -0.0000031573   0.0000534573
   5.6449999810   0.0000546379  -0.0000036876   0.0000546379
   5.6499999810   0.0000546418  -0.0000045818   0.0000546418
   5.6549999810   0.0000534243  -0.0000056524   0.0000534243
   5.6599999810   0.0000511498  -0.0000066918   0.0000511498
   5.6649999810   0.0000481815  -0.0000075161   0.0000481815
   5.6699999810   0.0000450272  -0.0000079994   0.0000450272
   5.6749999809   0.0000422475  -0.0000080898   0.0000422475
   5.6799999809   0.0000403490  -0.0000078073   0.0000403490
   5.6849999809   0.0000396860  -0.0000072266   0.0000396860
   5.6899999809   0.0000403945  -0.0000064535   0.0000403945
   5.6949999809   0.0000423723  -0.0000056017   0.0000423723
   5.6999999809   0.0000453073  -0.0000047759   0.0000453073
   5.7049999808   0.0000487446  -0.0000040629   0.0000487446
   5.7099999808   0.0000521743  -0.0000035282   0.0000521743
   5.7149999808   0.0000551203  -0.0000032165   0.0000551203
   5.7199999808   0.0000572128  -0.0000031511   0.0000572128
   5.7249999808   0.0000582333  -0.0000033334   0.0000582333
   5.7299999808   0.0000581307  -0.0000037397   0.0000581307
   5.7349999807   0.0000570110  -0.0000043216   0.0000570110
   5.7399999807   0.0000551089  -0.0000050069   0.0000551089
   5.7449999807   0.0000527480  -0.0000057059   0.0000527480
   5.7499999807   0.0000502965  -0.0000063205   0.0000502965
   5.7549999807   0.0000481221  -0.0000067558   0.0000481221
   5.7599999807   0.0000465490  -0.0000069318   0.0000465490
   5.7649999806   0.0000458190  -0.0000067963   0.0000458190
   5.7699999806   0.0000460621  -0.0000063353   0.0000460621
   5.7749999806   0.0000472780  -0.0000055811   0.0000472780
   5.7799999806   0.0000493347  -0.0000046154   0.0000493347
   5.7849999806   0.0000519837  -0.0000035647   0.0000519837
   5.7899999806   0.0000548918  -0.0000025860   0.0000548918
   5.7949999805   0.0000576848  -0.0000018417   0.0000576848
   5.7999999805   0.0000599966  -0.0000014693   0.0000599966
   5.8049999805   0.0000615181  -0.0000015496   0.0000615181
   5.8099999805   0.0000620401  -0.0000020838   0.0000620401
   5.8149999805   0.0000614840  -0.0000029856   0.0000614840
   5.8199999805   0.0000599207  -0.0000040944   0.0000599207
   5.8249999804   0.0000575707  -0.0000052070   0.0000575707
   5.8299999804   0.0000547861  -0.0000061206   0.0000547861
   5.8349999804   0.0000520108  -0.0000066768   0.0000520108
   5.8399999804   0.0000497219  -0.0000067940   0.0000497219
   5.8449999804   0.0000483555  -0.0000064788   0.0000483555
   5.8499999804   0.0000482303  -0.0000058153   0.0000482303
   5.8549999803   0.0000494822  -0.0000049358   0.0000494822
   5.8599999803   0.0000520262  -0.0000039829   0.0000520262
   5.8649999803   0.0000555581  -0.0000030770   0.0000555581
   5.8699999803   0.0000595996  -0.0000022977   0.0000595996
   5.8749999803   0.0000635805  -0.0000016829   0.0000635805
   5.8799999803   0.0000669415  -0.0000012434   0.0000669415
   5.8849999802   0.0000692325  -0.0000009830   0.0000692325
   5.8899999802   0.0000701872  -0.0000009130   0.0000701872
   5.8949999802   0.0000697554  -0.0000010538   0.0000697554
   5.8999999802   0.0000680902  -0.0000014216   0.0000680902
   5.9049999802   0.0000654990  -0.0000020069   0.0000654990
   5.9099999802   0.0000623745  -0.0000027557   0.0000623745
   5.9149999801   0.0000591269  -0.0000035640   0.0000591269
   5.9199999801   0.0000561318  -0.0000042932   0.0000561318
   5.9249999801   0.0000537021  -0.0000048023   0.0000537021
   5.9299999801   0.0000520781  -0.0000049890   0.0000520781
   5.9349999801   0.0000514275  -0.0000048234   0.0000514275
   5.9399999801   0.0000518426  -0.0000043621   0.0000518426
   5.9449999800   0.0000533286  -0.0000037361   0.0000533286
   5.9499999800   0.0000557850  -0.0000031139   0.0000557850
   5.9549999800   0.0000589917  -0.0000026536   0.0000589917
   5.9599999800   0.0000626124  -0.0000024570   0.0000626124
   5.9649999800   0.0000662267  -0.0000025424   0.0000662267
   5.9699999800   0.0000693924  -0.0000028415   0.0000693924
   5.9749999799   0.0000717268  -0.0000032222   0.0000717268
   5.9799999799   0.0000729866  -0.0000035256   0.0000729866
   5.9849999799   0.0000731236  -0.0000036075   0.0000731236
   5.9899999799   0.0000722973  -0.0000033703   0.0000722973
   5.9949999799   0.0000708376  -0.0000027797   0.0000708376
