   0.0000000000   0.0000000000   0.0000000000   0.0000000000
   0.0050000000   0.0000000000   0.0000000000   0.0000000000
   0.0100000000   0.0000000000   0.0000000000   0.0000000000
   0.0149999999   0.0000000000   0.0000000000   0.0000000000
   0.0199999999   0.0000000000   0.0000000000   0.0000000000
   0.0249999999   0.0000000000   0.0000000000   0.0000000000
   0.0299999999   0.0000000000   0.0000000000   0.0000000000
   0.0349999999   0.0000000000   0.0000000000   0.0000000000
   0.0399999999   0.0000000000   0.0000000000   0.0000000000
   0.0449999998   0.0000000000   0.0000000000   0.0000000000
   0.0499999998  -0.0000000000  -0.0000000000  -0.0000000000
   0.0549999998  -0.0000000000  -0.0000000000  -0.0000000000
   0.0599999998  -0.0000000000  -0.0000000000  -0.0000000000
   0.0649999998  -0.0000000000  -0.0000000000  -0.0000000000
   0.0699999998  -0.0000000000  -0.0000000000  -0.0000000000
   0.0749999997  -0.0000000000  -0.0000000000  -0.0000000000
   0.0799999997  -0.0000000000  -0.0000000000  -0.0000000000
   0.0849999997  -0.0000000000  -0.0000000000  -0.0000000000
   0.0899999997  -0.0000000000  -0.0000000000  -0.0000000000
   0.0949999997  -0.0000000000  -0.0000000000  -0.0000000000
   0.0999999997  -0.0000000000  -0.0000000000  -0.0000000000
   0.1049999996  -0.0000000000  -0.0000000000  -0.0000000000
   0.1099999996  -0.0000000000  -0.0000000000  -0.0000000000
   0.1149999996  -0.0000000000  -0.0000000000  -0.0000000000
   0.1199999996  -0.0000000000  -0.0000000000  -0.0000000000
   0.1249999996  -0.0000000000  -0.0000000000  -0.0000000000
   0.1299999996  -0.0000000000  -0.0000000000  -0.0000000000
   0.1349999995  -0.0000000000  -0.0000000000  -0.0000000000
   0.1399999995  -0.0000000000  -0.0000000000  -0.0000000000
   0.1449999995  -0.0000000000  -0.0000000000  -0.0000000000
   0.1499999995  -0.0000000000  -0.0000000000  -0.0000000000
   0.1549999995  -0.0000000000  -0.0000000000  -0.0000000000
   0.1599999995  -0.0000000000  -0.0000000000  -0.0000000000
   0.1649999994  -0.0000000000  -0.0000000000  -0.0000000000
   0.1699999994  -0.0000000000  -0.0000000000  -0.0000000000
   0.1749999994  -0.0000000000  -0.0000000000  -0.0000000000
   0.1799999994  -0.0000000000  -0.0000000000  -0.0000000000
   0.1849999994  -0.0000000000  -0.0000000000  -0.0000000000
   0.1899999994  -0.0000000000   0.0000000000  -0.0000000000
   0.1949999993   0.0000000000   0.0000000000   0.0000000000
   0.1999999993   0.0000000000   0.0000000000   0.0000000000
   0.2049999993   0.0000000000   0.0000000000   0.0000000000
   0.2099999993   0.0000000000   0.0000000000   0.0000000000
   0.2149999993   0.0000000000   0.0000000000   0.0000000000
   0.2199999993   0.0000000000   0.0000000000   0.0000000000
   0.2249999992   0.0000000000   0.0000000000   0.0000000000
   0.2299999992   0.0000000000  -0.0000000000   0.0000000000
   0.2349999992   0.0000000000  -0.0000000000   0.0000000000
   0.2399999992   0.0000000000  -0.0000000000   0.0000000000
   0.2449999992   0.0000000000  -0.0000000000   0.0000000000
   0.2499999992   0.0000000000  -0.0000000000   0.0000000000
   0.2549999991   0.0000000000  -0.0000000000   0.0000000000
   0.2599999991   0.0000000000  -0.0000000000   0.0000000000
   0.2649999991  -0.0000000000   0.0000000000  -0.0000000000
   0.2699999991  -0.0000000000   0.0000000000  -0.0000000000
   0.2749999991  -0.0000000000   0.0000000000  -0.0000000000
   0.2799999991  -0.0000000000   0.0000000000  -0.0000000000
   0.2849999990  -0.0000000000   0.0000000000  -0.0000000000
   0.2899999990  -0.0000000000   0.0000000000  -0.0000000000
   0.2949999990  -0.0000000000  -0.0000000000  -0.0000000000
   0.2999999990   0.0000000000  -0.0000000000   0.0000000000
   0.3049999990   0.0000000000  -0.0000000000   0.0000000000
   0.3099999990   0.0000000000  -0.0000000000   0.0000000000
   0.3149999989   0.0000000000  -0.0000000000   0.0000000000
   0.3199999989   0.0000000000  -0.0000000000   0.0000000000
   0.3249999989   0.0000000000  -0.0000000000   0.0000000000
   0.3299999989  -0.0000000000   0.0000000000  -0.0000000000
   0.3349999989  -0.0000000000   0.0000000000  -0.0000000000
   0.3399999989  -0.0000000000   0.0000000000  -0.0000000000
   0.3449999988  -0.0000000000   0.0000000000  -0.0000000000
   0.3499999988  -0.0000000000   0.0000000000  -0.0000000000
   0.3549999988  -0.0000000000   0.0000000000  -0.0000000000
   0.3599999988   0.0000000000  -0.0000000000   0.0000000000
   0.3649999988   0.0000000000  -0.0000000000   0.0000000000
   0.3699999988   0.0000000000  -0.0000000000   0.0000000000
   0.3749999987   0.0000000000  -0.0000000000   0.0000000000
   0.3799999987   0.0000000000  -0.0000000000   0.0000000000
   0.3849999987   0.0000000000  -0.0000000000   0.0000000000
   0.3899999987  -0.0000000000   0.0000000000  -0.0000000000
   0.3949999987  -0.0000000000   0.0000000000  -0.0000000000
   0.3999999987  -0.0000000000   0.0000000000  -0.0000000000
   0.4049999986  -0.0000000000   0.0000000000  -0.0000000000
   0.4099999986  -0.0000000000   0.0000000000  -0.0000000000
   0.4149999986  -0.0000000000   0.0000000000  -0.0000000000
   0.4199999986   0.0000000000  -0.0000000000   0.0000000000
   0.4249999986   0.0000000000  -0.0000000000   0.0000000000
   0.4299999986   0.0000000000  -0.0000000000   0.0000000000
   0.4349999985   0.0000000000  -0.0000000000   0.0000000000
   0.4399999985   0.0000000000  -0.0000000000   0.0000000000
   0.4449999985   0.0000000000  -0.0000000000   0.0000000000
   0.4499999985  -0.0000000000   0.0000000000  -0.0000000000
   0.4549999985  -0.0000000000   0.0000000000  -0.0000000000
   0.4599999985  -0.0000000001   0.0000000001  -0.0000000001
   0.4649999984  -0.0000000001   0.0000000001  -0.0000000001
   0.4699999984  -0.0000000001   0.0000000001  -0.0000000001
   0.4749999984  -0.0000000000   0.0000000000  -0.0000000000
   0.4799999984   0.0000000000  -0.0000000000   0.0000000000
   0.4849999984   0.0000000002  -0.0000000001   0.0000000002
   0.4899999984   0.0000000002  -0.0000000001   0.0000000002
   0.4949999983   0.0000000003  -0.0000000001   0.0000000003
   0.4999999983   0.0000000003  -0.0000000001   0.0000000003
   0.5049999983   0.0000000001  -0.0000000001   0.0000000001
   0.5099999983  -0.0000000002  -0.0000000000  -0.0000000002
   0.5149999983  -0.0000000005  -0.0000000000  -0.0000000005
   0.5199999983  -0.0000000008  -0.0000000001  -0.0000000008
   0.5249999982  -0.0000000009  -0.0000000003  -0.0000000009
   0.5299999982  -0.0000000008  -0.0000000004  -0.0000000008
   0.5349999982  -0.0000000004  -0.0000000003  -0.0000000004
   0.5399999982   0.0000000003   0.0000000002   0.0000000003
   0.5449999982   0.0000000012   0.0000000012   0.0000000012
   0.5499999982   0.0000000021   0.0000000027   0.0000000021
   0.5549999981   0.0000000028   0.0000000042   0.0000000028
   0.5599999981   0.0000000032   0.0000000051   0.0000000032
   0.5649999981   0.0000000031   0.0000000043   0.0000000031
   0.5699999981   0.0000000023   0.0000000010   0.0000000023
   0.5749999981   0.0000000004  -0.0000000055   0.0000000004
   0.5799999981  -0.0000000031  -0.0000000147  -0.0000000031
   0.5849999980  -0.0000000089  -0.0000000251  -0.0000000089
   0.5899999980  -0.0000000173  -0.0000000338  -0.0000000173
   0.5949999980  -0.0000000275  -0.0000000368  -0.0000000275
   0.5999999980  -0.0000000366  -0.0000000295  -0.0000000366
   0.6049999980  -0.0000000379  -0.0000000075  -0.0000000379
   0.6099999980  -0.0000000212   0.0000000325  -0.0000000212
   0.6149999979   0.0000000250   0.0000000907   0.0000000250
   0.6199999979   0.0000001090   0.0000001623   0.0000001090
   0.6249999979   0.0000002259   0.0000002341   0.0000002259
   0.6299999979   0.0000003464   0.0000002808   0.0000003464
   0.6349999979   0.0000004060   0.0000002613   0.0000004060
   0.6399999979   0.0000003026   0.0000001196   0.0000003026
   0.6449999978  -0.0000000871  -0.0000002062  -0.0000000871
   0.6499999978  -0.0000008643  -0.0000007598  -0.0000008643
   0.6549999978  -0.0000020301  -0.0000015241  -0.0000020301
   0.6599999978  -0.0000033812  -0.0000023618  -0.0000033812
   0.6649999978  -0.0000044023  -0.0000029512  -0.0000044023
   0.6699999978  -0.0000042047  -0.0000027461  -0.0000042047
   0.6749999977  -0.0000015816  -0.0000010021  -0.0000015816
   0.6799999977   0.0000047390   0.0000030791   0.0000047390
   0.6849999977   0.0000155778   0.0000100400   0.0000155778
   0.6899999977   0.0000305096   0.0000196767   0.0000305096
   0.6949999977   0.0000468756   0.0000304116   0.0000468756
   0.6999999976   0.0000588240   0.0000386592   0.0000588240
   0.7049999976   0.0000567541   0.0000384156   0.0000567541
   0.7099999976   0.0000276721   0.0000213934   0.0000276721
   0.7149999976  -0.0000429864  -0.0000219372  -0.0000429864
   0.7199999976  -0.0001675983  -0.0001000825  -0.0001675983
   0.7249999976  -0.0003504721  -0.0002168790  -0.0003504721
   0.7299999975  -0.0005801236  -0.0003665966  -0.0005801236
   0.7349999975  -0.0008206185  -0.0005283082  -0.0008206185
   0.7399999975  -0.0010035526  -0.0006604698  -0.0010035526
   0.7449999975  -0.0010227847  -0.0006970148  -0.0010227847
   0.7499999975  -0.0007342603  -0.0005464513  -0.0007342603
   0.7549999975   0.0000370131  -0.0000953385   0.0000370131
   0.7599999974   0.0014816473   0.0007829532   0.0014816473
   0.7649999974   0.0037824637   0.0022141212   0.0037824637
   0.7699999974   0.0070850636   0.0043044670   0.0070850636
   0.7749999974   0.0114663027   0.0071202650   0.0114663027
   0.7799999974   0.0169060310   0.0106681177   0.0169060310
   0.7849999974   0.0232680232   0.0148799725   0.0232680232
   0.7899999973   0.0302953878   0.0196063154   0.0302953878
   0.7949999973   0.0376237960   0.0246201321   0.0376237960
   0.7999999973   0.0448128307   0.0296325933   0.0448128307
   0.8049999973   0.0513921588   0.0343193367   0.0513921588
   0.8099999973   0.0569158350   0.0383540882   0.0569158350
   0.8149999973   0.0610157024   0.0414446611   0.0610157024
   0.8199999972   0.0634442525   0.0433655235   0.0634442525
   0.8249999972   0.0640988040   0.0439814256   0.0640988040
   0.8299999972   0.0630223139   0.0432580538   0.0630223139
   0.8349999972   0.0603808845   0.0412580953   0.0603808845
   0.8399999972   0.0564230355   0.0381239533   0.0564230355
   0.8449999972   0.0514298480   0.0340510188   0.0514298480
   0.8499999971   0.0456670983   0.0292572397   0.0456670983
   0.8549999971   0.0393498806   0.0239552685   0.0393498806
   0.8599999971   0.0326270059   0.0183325564   0.0326270059
   0.8649999971   0.0255874030   0.0125425933   0.0255874030
   0.8699999971   0.0182850928   0.0067075919   0.0182850928
   0.8749999971   0.0107745504   0.0009300321   0.0107745504
   0.8799999970   0.0031456796  -0.0046916574   0.0031456796
   0.8849999970  -0.0044520508  -0.0100488199  -0.0044520508
   0.8899999970  -0.0118035991  -0.0150145375  -0.0118035991
   0.8949999970  -0.0186426240  -0.0194446798  -0.0186426240
   0.8999999970  -0.0246825203  -0.0231881295  -0.0246825203
   0.9049999970  -0.0296561116  -0.0261036029  -0.0296561116
   0.9099999969  -0.0333537046  -0.0280786237  -0.0333537046
   0.9149999969  -0.0356500462  -0.0290457095  -0.0356500462
   0.9199999969  -0.0365142953  -0.0289917956  -0.0365142953
   0.9249999969  -0.0360023242  -0.0279590348  -0.0360023242
   0.9299999969  -0.0342358658  -0.0260376866  -0.0342358658
   0.9349999969  -0.0313765957  -0.0233540213  -0.0313765957
   0.9399999968  -0.0276040388  -0.0200573065  -0.0276040388
   0.9449999968  -0.0231039615  -0.0163096463  -0.0231039615
   0.9499999968  -0.0180693756  -0.0122808157  -0.0180693756
   0.9549999968  -0.0127109405  -0.0081478336  -0.0127109405
   0.9599999968  -0.0072692363  -0.0040966798  -0.0072692363
   0.9649999968  -0.0020196480  -0.0003221459  -0.0020196480
   0.9699999967   0.0027377747   0.0029781148   0.0027377747
   0.9749999967   0.0067064522   0.0056175949   0.0067064522
   0.9799999967   0.0096360138   0.0074424179   0.0096360138
   0.9849999967   0.0113702016   0.0083565887   0.0113702016
   0.9899999967   0.0118868094   0.0083449000   0.0118868094
   0.9949999967   0.0113166307   0.0074866062   0.0113166307
   0.9999999966   0.0099325918   0.0059542453   0.0099325918
   1.0049999966   0.0081076140   0.0039951238   0.0081076140
   1.0099999966   0.0062482588   0.0018972203   0.0062482588
   1.0149999966   0.0047184061  -0.0000545499   0.0047184061
   1.0199999966   0.0037708740  -0.0016228357   0.0037708740
   1.0249999966   0.0035037634  -0.0026534807   0.0035037634
   1.0299999965   0.0038525010  -0.0030943625   0.0038525010
   1.0349999965   0.0046195526  -0.0029933604   0.0046195526
   1.0399999965   0.0055340489  -0.0024763464   0.0055340489
   1.0449999965   0.0063258098  -0.0017109014   0.0063258098
   1.0499999965   0.0067946820  -0.0008648063   0.0067946820
   1.0549999965   0.0068577041  -0.0000693552   0.0068577041
   1.0599999964   0.0065629286   0.0006040718   0.0065629286
   1.0649999964   0.0060679556   0.0011494966   0.0060679556
   1.0699999964   0.0055907530   0.0016140761   0.0055907530
   1.0749999964   0.0053475024   0.0020729050   0.0053475024
   1.0799999964   0.0054950784   0.0025988759   0.0054950784
   1.0849999964   0.0060936680   0.0032364509   0.0060936680
   1.0899999963   0.0070987125   0.0039865970   0.0070987125
   1.0949999963   0.0083827298   0.0048065798   0.0083827298
   1.0999999963   0.0097791638   0.0056238617   0.0097791638
   1.1049999963   0.0111345736   0.0063592872   0.0111345736
   1.1099999963   0.0123537762   0.0069522123   0.0123537762
   1.1149999963   0.0134253026   0.0073799251   0.0134253026
   1.1199999962   0.0144207602   0.0076656374   0.0144207602
   1.1249999962   0.0154694891   0.0078728802   0.0154694891
   1.1299999962   0.0167169521   0.0080882150   0.0167169521
   1.1349999962   0.0182796091   0.0083975597   0.0182796091
   1.1399999962   0.0202094506   0.0088631407   0.0202094506
   1.1449999962   0.0224779371   0.0095076473   0.0224779371
   1.1499999961   0.0249829485   0.0103097866   0.0249829485
   1.1549999961   0.0275753991   0.0112118876   0.0275753991
   1.1599999961   0.0300964909   0.0121365927   0.0300964909
   1.1649999961   0.0324138010   0.0130071105   0.0324138010
   1.1699999961   0.0344452641   0.0137647186   0.0344452641
   1.1749999961   0.0361642492   0.0143783843   0.0361642492
   1.1799999960   0.0375850070   0.0148440722   0.0375850070
   1.1849999960   0.0387339089   0.0151746489   0.0387339089
   1.1899999960   0.0396162671   0.0153842344   0.0396162671
   1.1949999960   0.0401898312   0.0154724974   0.0401898312
   1.1999999960   0.0403540018   0.0154143214   0.0403540018
   1.2049999960   0.0399590459   0.0151585550   0.0399590459
   1.2099999959   0.0388336366   0.0146367905   0.0388336366
   1.2149999959   0.0368236439   0.0137801511   0.0368236439
   1.2199999959   0.0338318396   0.0125397484   0.0338318396
   1.2249999959   0.0298479254   0.0109054378   0.0298479254
   1.2299999959   0.0249610152   0.0089179384   0.0249610152
   1.2349999959   0.0193515021   0.0066711058   0.0193515021
   1.2399999958   0.0132646711   0.0043035933   0.0132646711
   1.2449999958   0.0069729311   0.0019816487   0.0069729311
   1.2499999958   0.0007359479  -0.0001232737   0.0007359479
   1.2549999958  -0.0052322425  -0.0018574806  -0.0052322425
   1.2599999958  -0.0107826200  -0.0031041860  -0.0107826200
   1.2649999958  -0.0158345544  -0.0037956364  -0.0158345544
   1.2699999957  -0.0203649034  -0.0039168321  -0.0203649034
   1.2749999957  -0.0243878845  -0.0035014144  -0.0243878845
   1.2799999957  -0.0279323695  -0.0026219000  -0.0279323695
   1.2849999957  -0.0310229009  -0.0013773669  -0.0310229009
   1.2899999957  -0.0336687557   0.0001182527  -0.0336687557
   1.2949999957  -0.0358625354   0.0017448689  -0.0358625354
   1.2999999956  -0.0375869083   0.0033808211  -0.0375869083
   1.3049999956  -0.0388260709   0.0049037229  -0.0388260709
   1.3099999956  -0.0395776738   0.0061891378  -0.0395776738
   1.3149999956  -0.0398614511   0.0071092765  -0.0398614511
   1.3199999956  -0.0397222776   0.0075337803  -0.0397222776
   1.3249999956  -0.0392273041   0.0073338723  -0.0392273041
   1.3299999955  -0.0384585708   0.0063899900  -0.0384585708
   1.3349999955  -0.0375035845   0.0046018570  -0.0375035845
   1.3399999955  -0.0364465116   0.0018991734  -0.0364465116
   1.3449999955  -0.0353619603  -0.0017490638  -0.0353619603
   1.3499999955  -0.0343121027  -0.0063281605  -0.0343121027
   1.3549999954  -0.0333465810  -0.0117749418  -0.0333465810
   1.3599999954  -0.0325037042  -0.0179783613  -0.0325037042
   1.3649999954  -0.0318111591  -0.0247826220  -0.0318111591
   1.3699999954  -0.0312849074  -0.0319917493  -0.0312849074
   1.3749999954  -0.0309259214  -0.0393748692  -0.0309259214
   1.3799999954  -0.0307155719  -0.0466720700  -0.0307155719
   1.3849999953  -0.0306114103  -0.0536013666  -0.0306114103
   1.3899999953  -0.0305454470  -0.0598676515  -0.0305454470
   1.3949999953  -0.0304267002  -0.0651744368  -0.0304267002
   1.3999999953  -0.0301488404  -0.0692386638  -0.0301488404
   1.4049999953  -0.0296024825  -0.0718080508  -0.0296024825
   1.4099999953  -0.0286904315  -0.0726796208  -0.0286904315
   1.4149999952  -0.0273433129  -0.0717174516  -0.0273433129
   1.4199999952  -0.0255327262  -0.0688674699  -0.0255327262
   1.4249999952  -0.0232793913  -0.0641672996  -0.0232793913
   1.4299999952  -0.0206545944  -0.0577496891  -0.0206545944
   1.4349999952  -0.0177743788  -0.0498387380  -0.0177743788
   1.4399999952  -0.0147871208  -0.0407388934  -0.0147871208
   1.4449999951  -0.0118561911  -0.0308174042  -0.0118561911
   1.4499999951  -0.0091401881  -0.0204815708  -0.0091401881
   1.4549999951  -0.0067736519  -0.0101526951  -0.0067736519
   1.4599999951  -0.0048511826  -0.0002390735  -0.0048511826
   1.4649999951  -0.0034174675   0.0088893805  -0.0034174675
   1.4699999951  -0.0024648675   0.0169223646  -0.0024648675
   1.4749999950  -0.0019390001   0.0236241924  -0.0019390001
   1.4799999950  -0.0017513382   0.0288413342  -0.0017513382
   1.4849999950  -0.0017964785   0.0325023639  -0.0017964785
   1.4899999950  -0.0019707353   0.0346113390  -0.0019707353
   1.4949999950  -0.0021883744   0.0352365900  -0.0021883744
   1.4999999950  -0.0023922791   0.0344973676  -0.0023922791
   1.5049999949  -0.0025571065   0.0325506998  -0.0025571065
   1.5099999949  -0.0026847664   0.0295801574  -0.0026847664
   1.5149999949  -0.0027939061   0.0257872426  -0.0027939061
   1.5199999949  -0.0029065067   0.0213850908  -0.0029065067
   1.5249999949  -0.0030352937   0.0165934214  -0.0030352937
   1.5299999949  -0.0031752659   0.0116333860  -0.0031752659
   1.5349999948  -0.0033013745   0.0067212082  -0.0033013745
   1.5399999948  -0.0033726131   0.0020601530  -0.0033726131
   1.5449999948  -0.0033410314  -0.0021688128  -0.0033410314
   1.5499999948  -0.0031629579  -0.0058165887  -0.0031629579
   1.5549999948  -0.0028093241  -0.0087742508  -0.0028093241
   1.5599999948  -0.0022724802  -0.0109786379  -0.0022724802
   1.5649999947  -0.0015680576  -0.0124141621  -0.0015680576
   1.5699999947  -0.0007318742  -0.0131104634  -0.0007318742
   1.5749999947   0.0001868542  -0.0131362575   0.0001868542
   1.5799999947   0.0011339761  -0.0125903337   0.0011339761
   1.5849999947   0.0020584248  -0.0115910098   0.0020584248
   1.5899999947   0.0029181752  -0.0102654061   0.0029181752
   1.5949999946   0.0036833549  -0.0087397043   0.0036833549
   1.5999999946   0.0043366161  -0.0071311863   0.0043366161
   1.6049999946   0.0048715288  -0.0055424384   0.0048715288
   1.6099999946   0.0052900411  -0.0040577352   0.0052900411
   1.6149999946   0.0055999517  -0.0027413538   0.0055999517
   1.6199999946   0.0058129845  -0.0016374359   0.0058129845
   1.6249999945   0.0059436128  -0.0007709871   0.0059436128
   1.6299999945   0.0060084193  -0.0001496539   0.0060084193
   1.6349999945   0.0060256043   0.0002339967   0.0060256043
   1.6399999945   0.0060142722   0.0003998827   0.0060142722
   1.6449999945   0.0059932951   0.0003776157   0.0059932951
   1.6499999945   0.0059797664   0.0002035924   0.0059797664
   1.6549999944   0.0059872532  -0.0000819660   0.0059872532
   1.6599999944   0.0060241602  -0.0004379490   0.0060241602
   1.6649999944   0.0060925399  -0.0008251563   0.0060925399
   1.6699999944   0.0061876253  -0.0012088218   0.0061876253
   1.6749999944   0.0062982578  -0.0015606866   0.0062982578
   1.6799999944   0.0064082505  -0.0018604415   0.0064082505
   1.6849999943   0.0064985800  -0.0020963855   0.0064985800
   1.6899999943   0.0065501429  -0.0022652150   0.0065501429
   1.6949999943   0.0065466612  -0.0023709713   0.0065466612
   1.6999999943   0.0064772198  -0.0024232975   0.0064772198
   1.7049999943   0.0063379019  -0.0024352773   0.0063379019
   1.7099999943   0.0061321079  -0.0024211951   0.0061321079
   1.7149999942   0.0058694058  -0.0023945545   0.0058694058
   1.7199999942   0.0055631246  -0.0023666054   0.0055631246
   1.7249999942   0.0052272791  -0.0023454791   0.0052272791
   1.7299999942   0.0048736756  -0.0023358596   0.0048736756
   1.7349999942   0.0045100823  -0.0023389848   0.0045100823
   1.7399999942   0.0041401029  -0.0023527205   0.0041401029
   1.7449999941   0.0037648925  -0.0023715066   0.0037648925
   1.7499999941   0.0033862442  -0.0023861314   0.0033862442
   1.7549999941   0.0030100312  -0.0023834840   0.0030100312
   1.7599999941   0.0026487208  -0.0023466020   0.0026487208
   1.7649999941   0.0023218041  -0.0022553951   0.0023218041
   1.7699999941   0.0020535221  -0.0020883375   0.0020535221
   1.7749999940   0.0018680804  -0.0018251908   0.0018680804
   1.7799999940   0.0017833956  -0.0014504993   0.0017833956
   1.7849999940   0.0018050431  -0.0009572778   0.0018050431
   1.7899999940   0.0019222379  -0.0003501029   0.0019222379
   1.7949999940   0.0021073091   0.0003532049   0.0021073091
   1.7999999940   0.0023192796   0.0011219202   0.0023192796
   1.8049999939   0.0025110689   0.0019149988   0.0025110689
   1.8099999939   0.0026388093   0.0026856460   0.0026388093
   1.8149999939   0.0026711021   0.0033871366   0.0026711021
   1.8199999939   0.0025959468   0.0039788392   0.0025959468
   1.8249999939   0.0024235913   0.0044313089   0.0024235913
   1.8299999939   0.0021845413   0.0047294911   0.0021845413
   1.8349999938   0.0019231638   0.0048734795   0.0019231638
   1.8399999938   0.0016884019   0.0048767971   0.0016884019
   1.8449999938   0.0015237998   0.0047626917   0.0015237998
   1.8499999938   0.0014591474   0.0045593307   0.0014591474
   1.8549999938   0.0015055797   0.0042949532   0.0015055797
   1.8599999938   0.0016550498   0.0039939542   0.0016550498
   1.8649999937   0.0018839824   0.0036745706   0.0018839824
   1.8699999937   0.0021599057   0.0033483920   0.0021599057
   1.8749999937   0.0024491947   0.0030214599   0.0024491947
   1.8799999937   0.0027239062   0.0026963539   0.0027239062
   1.8849999937   0.0029660571   0.0023744892   0.0029660571
   1.8899999937   0.0031684772   0.0020578999   0.0031684772
   1.8949999936   0.0033323525   0.0017500287   0.0033323525
   1.8999999936   0.0034624858   0.0014554134   0.0034624858
   1.9049999936   0.0035619093   0.0011785370   0.0035619093
   1.9099999936   0.0036276267   0.0009223898   0.0036276267
   1.9149999936   0.0036488927   0.0006873882   0.0036488927
   1.9199999936   0.0036086697   0.0004711857   0.0036086697
   1.9249999935   0.0034879346   0.0002696228   0.0034879346
   1.9299999935   0.0032716202   0.0000786787   0.0032716202
   1.9349999935   0.0029544245  -0.0001030765   0.0029544245
   1.9399999935   0.0025446808  -0.0002722629   0.0025446808
   1.9449999935   0.0020649815  -0.0004194651   0.0020649815
   1.9499999935   0.0015491651  -0.0005295516   0.0015491651
   1.9549999934   0.0010363486  -0.0005837024   0.0010363486
   1.9599999934   0.0005636012  -0.0005628372   0.0005636012
   1.9649999934   0.0001593256  -0.0004517177   0.0001593256
   1.9699999934  -0.0001607333  -0.0002427590  -0.0001607333
   1.9749999934  -0.0003936635   0.0000613957  -0.0003936635
   1.9799999934  -0.0005456902   0.0004471950  -0.0005456902
   1.9849999933  -0.0006257383   0.0008915678  -0.0006257383
   1.9899999933  -0.0006382648   0.0013650163  -0.0006382648
   1.9949999933  -0.0005776602   0.0018356042  -0.0005776602
   1.9999999933  -0.0004260952   0.0022728317  -0.0004260952
   2.0049999933  -0.0001556798   0.0026504852  -0.0001556798
   2.0099999933   0.0002655102   0.0029479280   0.0002655102
   2.0149999932   0.0008651765   0.0031498320   0.0008651765
   2.0199999932   0.0016586622   0.0032448694   0.0016586622
   2.0249999932   0.0026432650   0.0032242129   0.0026432650
   2.0299999932   0.0037965994   0.0030807226   0.0037965994
   2.0349999932   0.0050793674   0.0028094018   0.0050793674
   2.0399999931   0.0064415693   0.0024091874   0.0064415693
   2.0449999931   0.0078301742   0.0018855692   0.0078301742
   2.0499999931   0.0091959118   0.0012531084   0.0091959118
   2.0549999931   0.0104972493   0.0005368051   0.0104972493
   2.0599999931   0.0117006392  -0.0002284984   0.0117006392
   2.0649999931   0.0127774330  -0.0010009514   0.0127774330
   2.0699999930   0.0136990035  -0.0017363722   0.0136990035
   2.0749999930   0.0144322468  -0.0023937847   0.0144322468
   2.0799999930   0.0149375180  -0.0029405172   0.0149375180
   2.0849999930   0.0151702554  -0.0033556346   0.0151702554
   2.0899999930   0.0150863237  -0.0036309107   0.0150863237
   2.0949999930   0.0146498571  -0.0037692194   0.0146498571
   2.0999999929   0.0138415261  -0.0037809228   0.0138415261
   2.1049999929   0.0126649402  -0.0036793526   0.0126649402
   2.1099999929   0.0111494014  -0.0034766638   0.0111494014
   2.1149999929   0.0093482586  -0.0031811447   0.0093482586
   2.1199999929   0.0073333454  -0.0027965697   0.0073333454
   2.1249999929   0.0051870250  -0.0023235483   0.0051870250
   2.1299999928   0.0029938993  -0.0017622517   0.0029938993
   2.1349999928   0.0008341362  -0.0011155557   0.0008341362
   2.1399999928  -0.0012203174  -0.0003916079  -0.0012203174
   2.1449999928  -0.0031063801   0.0003949006  -0.0031063801
   2.1499999928  -0.0047680953   0.0012230286  -0.0047680953
   2.1549999928  -0.0061539651   0.0020672213  -0.0061539651
   2.1599999927  -0.0072150105   0.0028997096  -0.0072150105
   2.1649999927  -0.0079048744   0.0036929464  -0.0079048744
   2.1699999927  -0.0081825459   0.0044214578  -0.0081825459
   2.1749999927  -0.0080174041   0.0050627709  -0.0080174041
   2.1799999927  -0.0073955123   0.0055974392  -0.0073955123
   2.1849999927  -0.0063256639   0.0060085026  -0.0063256639
   2.1899999926  -0.0048436801   0.0062808848  -0.0048436801
   2.1949999926  -0.0030138502   0.0064012236  -0.0030138502
   2.1999999926  -0.0009270492   0.0063584485  -0.0009270492
   2.2049999926   0.0013042327   0.0061451473   0.0013042327
   2.2099999926   0.0035531437   0.0057594732   0.0035531437
   2.2149999926   0.0056868845   0.0052071252   0.0056868845
   2.2199999925   0.0075751417   0.0045028454   0.0075751417
   2.2249999925   0.0090976215   0.0036709256   0.0090976215
   2.2299999925   0.0101501450   0.0027443994   0.0101501450
   2.2349999925   0.0106491601   0.0017628516   0.0106491601
   2.2399999925   0.0105348455   0.0007690656   0.0105348455
   2.2449999925   0.0097731431  -0.0001950281   0.0097731431
   2.2499999924   0.0083570577  -0.0010924817   0.0083570577
   2.2549999924   0.0063074234  -0.0018948819   0.0063074234
   2.2599999924   0.0036731328  -0.0025847601   0.0036731328
   2.2649999924   0.0005306176  -0.0031565057   0.0005306176
   2.2699999924  -0.0030177585  -0.0036157011  -0.0030177585
   2.2749999924  -0.0068467433  -0.0039770857  -0.0068467433
   2.2799999923  -0.0108129068  -0.0042615918  -0.0108129068
   2.2849999923  -0.0147610135  -0.0044930241  -0.0147610135
   2.2899999923  -0.0185317687  -0.0046949547  -0.0185317687
   2.2949999923  -0.0219703705  -0.0048882748  -0.0219703705
   2.2999999923  -0.0249351121  -0.0050896308  -0.0249351121
   2.3049999923  -0.0273052181  -0.0053107317  -0.0273052181
   2.3099999922  -0.0289871894  -0.0055583164  -0.0289871894
   2.3149999922  -0.0299191496  -0.0058344657  -0.0299191496
   2.3199999922  -0.0300729707  -0.0061369471  -0.0300729707
   2.3249999922  -0.0294542438  -0.0064593871  -0.0294542438
   2.3299999922  -0.0281003792  -0.0067912182  -0.0281003792
   2.3349999922  -0.0260772286  -0.0071175002  -0.0260772286
   2.3399999921  -0.0234746338  -0.0074188103  -0.0234746338
   2.3449999921  -0.0204012331  -0.0076714180  -0.0204012331
   2.3499999921  -0.0169787733  -0.0078478986  -0.0169787733
   2.3549999921  -0.0133361158  -0.0079182412  -0.0133361158
   2.3599999921  -0.0096031342  -0.0078513961  -0.0096031342
   2.3649999921  -0.0059047509  -0.0076171292  -0.0059047509
   2.3699999920  -0.0023554396  -0.0071880234  -0.0023554396
   2.3749999920   0.0009454449  -0.0065414772   0.0009454449
   2.3799999920   0.0039171764  -0.0056615884   0.0039171764
   2.3849999920   0.0064997981  -0.0045408351   0.0064997981
   2.3899999920   0.0086548596  -0.0031814727   0.0086548596
   2.3949999920   0.0103649069  -0.0015965486   0.0103649069
   2.3999999919   0.0116320120   0.0001895960   0.0116320120
   2.4049999919   0.0124756689   0.0021414654   0.0124756689
   2.4099999919   0.0129303136   0.0042132917   0.0129303136
   2.4149999919   0.0130425976   0.0063506766   0.0130425976
   2.4199999919   0.0128684051   0.0084929036   0.0128684051
   2.4249999919   0.0124695370   0.0105757235   0.0124695370
   2.4299999918   0.0119100169   0.0125343513   0.0119100169
   2.4349999918   0.0112521148   0.0143064044   0.0112521148
   2.4399999918   0.0105523690   0.0158345726   0.0105523690
   2.4449999918   0.0098580492   0.0170689006   0.0098580492
   2.4499999918   0.0092045538   0.0179686631   0.0092045538
   2.4549999918   0.0086141399   0.0185038670   0.0086141399
   2.4599999917   0.0080961497   0.0186564181   0.0080961497
   2.4649999917   0.0076485940   0.0184209377   0.0076485940
   2.4699999917   0.0072606809   0.0178051489   0.0072606809
   2.4749999917   0.0069157192   0.0168297050   0.0069157192
   2.4799999917   0.0065938497   0.0155273405   0.0065938497
   2.4849999917   0.0062742323   0.0139413055   0.0062742323
   2.4899999916   0.0059365896   0.0121231674   0.0059365896
   2.4949999916   0.0055622644   0.0101301946   0.0055622644
   2.4999999916   0.0051350971   0.0080226267   0.0051350971
   2.5049999916   0.0046424170   0.0058611441   0.0046424170
   2.5099999916   0.0040762837   0.0037047733   0.0040762837
   2.5149999916   0.0034348767   0.0016093237   0.0034348767
   2.5199999915   0.0027237213  -0.0003737032   0.0027237213
   2.5249999915   0.0019563454  -0.0021979075   0.0019563454
   2.5299999915   0.0011540247  -0.0038227040   0.0011540247
   2.5349999915   0.0003444819  -0.0052141187   0.0003444819
   2.5399999915  -0.0004403226  -0.0063457208  -0.0004403226
   2.5449999915  -0.0011669341  -0.0071996021  -0.0011669341
   2.5499999914  -0.0018031906  -0.0077672116  -0.0018031906
   2.5549999914  -0.0023206041  -0.0080498142  -0.0023206041
   2.5599999914  -0.0026960652  -0.0080583891  -0.0026960652
   2.5649999914  -0.0029128416  -0.0078128947  -0.0029128416
   2.5699999914  -0.0029610499  -0.0073409629  -0.0029610499
   2.5749999914  -0.0028378805  -0.0066762024  -0.0028378805
   2.5799999913  -0.0025478175  -0.0058563462  -0.0025478175
   2.5849999913  -0.0021029429  -0.0049214591  -0.0021029429
   2.5899999913  -0.0015232202  -0.0039123437  -0.0015232202
   2.5949999913  -0.0008364961  -0.0028691785  -0.0008364961
   2.5999999913  -0.0000779166  -0.0018303299  -0.0000779166
   2.6049999913   0.0007114640  -0.0008312469   0.0007114640
   2.6099999912   0.0014869138   0.0000966283   0.0014869138
   2.6149999912   0.0022029067   0.0009269266   0.0022029067
   2.6199999912   0.0028162976   0.0016392929   0.0028162976
   2.6249999912   0.0032893576   0.0022200408   0.0032893576
   2.6299999912   0.0035922947   0.0026623543   0.0035922947
   2.6349999912   0.0037050375   0.0029659404   0.0037050375
   2.6399999911   0.0036182467   0.0031361508   0.0036182467
   2.6449999911   0.0033336697   0.0031827221   0.0033336697
   2.6499999911   0.0028640183   0.0031183719   0.0028640183
   2.6549999911   0.0022325122   0.0029575105   0.0022325122
   2.6599999911   0.0014721203   0.0027152650   0.0014721203
   2.6649999911   0.0006244146   0.0024068923   0.0006244146
   2.6699999910  -0.0002621249   0.0020475260  -0.0002621249
   2.6749999910  -0.0011344904   0.0016520991  -0.0011344904
   2.6799999910  -0.0019382322   0.0012352570  -0.0019382322
   2.6849999910  -0.0026210909   0.0008111198  -0.0026210909
   2.6899999910  -0.0031368411   0.0003928565  -0.0031368411
   2.6949999909  -0.0034489010  -0.0000078568  -0.0034489010
   2.6999999909  -0.0035332604  -0.0003813454  -0.0035332604
   2.7049999909  -0.0033803891  -0.0007202526  -0.0033803891
   2.7099999909  -0.0029959691  -0.0010195639  -0.0029959691
   2.7149999909  -0.0024004897  -0.0012763378  -0.0024004897
   2.7199999909  -0.0016278895  -0.0014892455  -0.0016278895
   2.7249999908  -0.0007234884  -0.0016580796  -0.0007234884
   2.7299999908   0.0002585822  -0.0017833870   0.0002585822
   2.7349999908   0.0012583223  -0.0018663206   0.0012583223
   2.7399999908   0.0022131406  -0.0019087023   0.0022131406
   2.7449999908   0.0030614540  -0.0019132078   0.0030614540
   2.7499999908   0.0037465530  -0.0018835326   0.0037465530
   2.7549999907   0.0042205601  -0.0018244189   0.0042205601
   2.7599999907   0.0044481712  -0.0017414816   0.0044481712
   2.7649999907   0.0044097686  -0.0016408588   0.0044097686
   2.7699999907   0.0041034768  -0.0015287820   0.0041034768
   2.7749999907   0.0035458245  -0.0014111852   0.0035458245
   2.7799999907   0.0027708603  -0.0012934471   0.0027708603
   2.7849999906   0.0018277900  -0.0011803005   0.0018277900
   2.7899999906   0.0007774138  -0.0010758657   0.0007774138
   2.7949999906  -0.0003122353  -0.0009837217  -0.0003122353
   2.7999999906  -0.0013706108  -0.0009069163  -0.0013706108
   2.8049999906  -0.0023293464  -0.0008478581  -0.0023293464
   2.8099999906  -0.0031266440  -0.0008080941  -0.0031266440
   2.8149999905  -0.0037111719  -0.0007880387  -0.0037111719
   2.8199999905  -0.0040453548  -0.0007867537  -0.0040453548
   2.8249999905  -0.0041079364  -0.0008018706  -0.0041079364
   2.8299999905  -0.0038956652  -0.0008297007  -0.0038956652
   2.8349999905  -0.0034239171  -0.0008655162  -0.0034239171
   2.8399999905  -0.0027260732  -0.0009039352  -0.0027260732
   2.8449999904  -0.0018515401  -0.0009393181  -0.0018515401
   2.8499999904  -0.0008624379  -0.0009661043  -0.0008624379
   2.8549999904   0.0001708461  -0.0009790579   0.0001708461
   2.8599999904   0.0011748701  -0.0009734465   0.0011748701
   2.8649999904   0.0020786363  -0.0009452083   0.0020786363
   2.8699999904   0.0028188606  -0.0008911677   0.0028188606
   2.8749999903   0.0033445495  -0.0008093216   0.0033445495
   2.8799999903   0.0036205415  -0.0006991723   0.0036205415
   2.8849999903   0.0036298048  -0.0005620284   0.0036298048
   2.8899999903   0.0033744204  -0.0004011767   0.0033744204
   2.8949999903   0.0028752672  -0.0002218385   0.0028752672
   2.8999999903   0.0021704840  -0.0000308744   0.0021704840
   2.9049999902   0.0013128101   0.0001637328   0.0013128101
   2.9099999902   0.0003659357   0.0003535294   0.0003659357
   2.9149999902  -0.0005999596   0.0005302554  -0.0005999596
   2.9199999902  -0.0015132306   0.0006864096  -0.0015132306
   2.9249999902  -0.0023060186   0.0008156410  -0.0023060186
   2.9299999902  -0.0029193256   0.0009129514  -0.0029193256
   2.9349999901  -0.0033074766   0.0009747495  -0.0033074766
   2.9399999901  -0.0034415629   0.0009988291  -0.0034415629
   2.9449999901  -0.0033115559   0.0009843430  -0.0033115559
   2.9499999901  -0.0029269185   0.0009318216  -0.0029269185
   2.9549999901  -0.0023157023   0.0008432351  -0.0023157023
   2.9599999901  -0.0015222626   0.0007220634  -0.0015222626
   2.9649999900  -0.0006038345   0.0005733101  -0.0006038345
   2.9699999900   0.0003737272   0.0004033994   0.0003737272
   2.9749999900   0.0013407207   0.0002199203   0.0013407207
   2.9799999900   0.0022285636   0.0000312183   0.0022285636
   2.9849999900   0.0029746480  -0.0001541239   0.0029746480
   2.9899999900   0.0035267925  -0.0003278553   0.0035267925
   2.9949999899   0.0038470027  -0.0004826022   0.0038470027
   2.9999999899   0.0039142671  -0.0006123339   0.0039142671
   3.0049999899   0.0037261506  -0.0007127102   0.0037261506
   3.0099999899   0.0032990115  -0.0007813010   0.0032990115
   3.0149999899   0.0026667769  -0.0008176810   0.0026667769
   3.0199999899   0.0018783401  -0.0008234106   0.0018783401
   3.0249999898   0.0009937807  -0.0008019124   0.0009937807
   3.0299999898   0.0000797327  -0.0007582431   0.0000797327
   3.0349999898  -0.0007956981  -0.0006987630  -0.0007956981
   3.0399999898  -0.0015680376  -0.0006307049  -0.0015680376
   3.0449999898  -0.0021811613  -0.0005616612  -0.0021811613
   3.0499999898  -0.0025912891  -0.0004990222  -0.0025912891
   3.0549999897  -0.0027700004  -0.0004494144  -0.0027700004
   3.0599999897  -0.0027061078  -0.0004181941  -0.0027061078
   3.0649999897  -0.0024063018  -0.0004090468  -0.0024063018
   3.0699999897  -0.0018945529  -0.0004237302  -0.0018945529
   3.0749999897  -0.0012103126  -0.0004619805  -0.0012103126
   3.0799999897  -0.0004056215  -0.0005215809  -0.0004056215
   3.0849999896   0.0004587026  -0.0005985825   0.0004587026
   3.0899999896   0.0013175496  -0.0006876520   0.0013175496
   3.0949999896   0.0021063596  -0.0007825225   0.0021063596
   3.0999999896   0.0027659577  -0.0008765116   0.0027659577
   3.1049999896   0.0032469951  -0.0009630720   0.0032469951
   3.1099999896   0.0035136368  -0.0010363249   0.0035136368
   3.1149999895   0.0035461964  -0.0010915275   0.0035461964
   3.1199999895   0.0033425146  -0.0011254205   0.0033425146
   3.1249999895   0.0029179937  -0.0011364163   0.0029179937
   3.1299999895   0.0023043113  -0.0011246046   0.0023043113
   3.1349999895   0.0015469406  -0.0010915853   0.0015469406
   3.1399999895   0.0007016858  -0.0010401616   0.0007016858
   3.1449999894  -0.0001694967  -0.0009739537  -0.0001694967
   3.1499999894  -0.0010030858  -0.0008970029  -0.0010030858
   3.1549999894  -0.0017386581  -0.0008134278  -0.0017386581
   3.1599999894  -0.0023232951  -0.0007271809  -0.0023232951
   3.1649999894  -0.0027154175  -0.0006419188  -0.0027154175
   3.1699999894  -0.0028877656  -0.0005609735  -0.0028877656
   3.1749999893  -0.0028293078  -0.0004873844  -0.0028293078
   3.1799999893  -0.0025459374  -0.0004239407  -0.0025459374
   3.1849999893  -0.0020599142  -0.0003731831  -0.0020599142
   3.1899999893  -0.0014081045  -0.0003373330  -0.0014081045
   3.1949999893  -0.0006391704  -0.0003181419  -0.0006391704
   3.1999999893   0.0001900706  -0.0003166833   0.0001900706
   3.2049999892   0.0010188320  -0.0003331311   0.0010188320
   3.2099999892   0.0017867867  -0.0003665832   0.0017867867
   3.2149999892   0.0024384211  -0.0004149834   0.0024384211
   3.2199999892   0.0029270166  -0.0004751769   0.0029270166
   3.2249999892   0.0032179900  -0.0005431110   0.0032179900
   3.2299999892   0.0032913642  -0.0006141600   0.0032913642
   3.2349999891   0.0031431965  -0.0006835311   0.0031431965
   3.2399999891   0.0027858519  -0.0007466954   0.0027858519
   3.2449999891   0.0022470849  -0.0007997853   0.0022470849
   3.2499999891   0.0015679739  -0.0008399124   0.0015679739
   3.2549999891   0.0007998401  -0.0008653729   0.0007998401
   3.2599999891   0.0000003678  -0.0008757305   0.0000003678
   3.2649999890  -0.0007707825  -0.0008717800  -0.0007707825
   3.2699999890  -0.0014565264  -0.0008554067  -0.0014565264
   3.2749999890  -0.0020067065  -0.0008293664  -0.0020067065
   3.2799999890  -0.0023818923  -0.0007970104  -0.0023818923
   3.2849999890  -0.0025563200  -0.0007619824  -0.0025563200
   3.2899999890  -0.0025197458  -0.0007279113  -0.0025197458
   3.2949999889  -0.0022780750  -0.0006981210  -0.0022780750
   3.2999999889  -0.0018527368  -0.0006753732  -0.0018527368
   3.3049999889  -0.0012788734  -0.0006616556  -0.0012788734
   3.3099999889  -0.0006025015  -0.0006580233  -0.0006025015
   3.3149999889   0.0001231208  -0.0006645023   0.0001231208
   3.3199999889   0.0008416351  -0.0006800625   0.0008416351
   3.3249999888   0.0014979139  -0.0007026701   0.0014979139
   3.3299999888   0.0020422515  -0.0007294298   0.0020422515
   3.3349999888   0.0024340980  -0.0007568199   0.0024340980
   3.3399999888   0.0026450552  -0.0007810154   0.0026450552
   3.3449999888   0.0026609099  -0.0007982758   0.0026609099
   3.3499999888   0.0024825576  -0.0008053584   0.0024825576
   3.3549999887   0.0021257538  -0.0007999032   0.0021257538
   3.3599999887   0.0016197267  -0.0007807309   0.0016197267
   3.3649999887   0.0010047690  -0.0007480018   0.0010047690
   3.3699999887   0.0003290056  -0.0007032022   0.0003290056
   3.3749999887  -0.0003554064  -0.0006489549  -0.0003554064
   3.3799999886  -0.0009963492  -0.0005886796  -0.0009963492
   3.3849999886  -0.0015457725  -0.0005261569  -0.0015457725
   3.3899999886  -0.0019633671  -0.0004650697  -0.0019633671
   3.3949999886  -0.0022195986  -0.0004085940  -0.0022195986
   3.3999999886  -0.0022978627  -0.0003591039  -0.0022978627
   3.4049999886  -0.0021955906  -0.0003180289  -0.0021955906
   3.4099999885  -0.0019242193  -0.0002858698  -0.0019242193
   3.4149999885  -0.0015080354  -0.0002623498  -0.0015080354
   3.4199999885  -0.0009819992  -0.0002466514  -0.0009819992
   3.4249999885  -0.0003887484  -0.0002376755  -0.0003887484
   3.4299999885   0.0002249496  -0.0002342656   0.0002249496
   3.4349999885   0.0008119813  -0.0002353514   0.0008119813
   3.4399999884   0.0013285793  -0.0002399943   0.0013285793
   3.4449999884   0.0017376186  -0.0002473455   0.0017376186
   3.4499999884   0.0020112598  -0.0002565492   0.0020112598
   3.4549999884   0.0021327585  -0.0002666394   0.0021327585
   3.4599999884   0.0020973398  -0.0002764734   0.0020973398
   3.4649999884   0.0019121221  -0.0002847390   0.0019121221
   3.4699999883   0.0015951512  -0.0002900423   0.0015951512
   3.4749999883   0.0011736663  -0.0002910674   0.0011736663
   3.4799999883   0.0006817670  -0.0002867719   0.0006817670
   3.4849999883   0.0001576793  -0.0002765754   0.0001576793
   3.4899999883  -0.0003591680  -0.0002604954  -0.0003591680
   3.4949999883  -0.0008310422  -0.0002391964  -0.0008310422
   3.4999999882  -0.0012245811  -0.0002139340  -0.0012245811
   3.5049999882  -0.0015130610  -0.0001864014  -0.0015130610
   3.5099999882  -0.0016781163  -0.0001585009  -0.0016781163
   3.5149999882  -0.0017108047  -0.0001320855  -0.0017108047
   3.5199999882  -0.0016119684  -0.0001087160  -0.0016119684
   3.5249999882  -0.0013918880  -0.0000894816  -0.0013918880
   3.5299999881  -0.0010692825  -0.0000749163  -0.0010692825
   3.5349999881  -0.0006697451  -0.0000650240  -0.0006697451
   3.5399999881  -0.0002237448  -0.0000594007  -0.0002237448
   3.5449999881   0.0002356581  -0.0000574218   0.0002356581
   3.5499999881   0.0006752217  -0.0000584441   0.0006752217
   3.5549999881   0.0010638916  -0.0000619730   0.0010638916
   3.5599999880   0.0013749698  -0.0000677499   0.0013749698
   3.5649999880   0.0015879366  -0.0000757369   0.0015879366
   3.5699999880   0.0016897971  -0.0000860049   0.0016897971
   3.5749999880   0.0016758576  -0.0000985529   0.0016758576
   3.5799999880   0.0015498764  -0.0001131124   0.0015498764
   3.5849999880   0.0013235859  -0.0001289942   0.0013235859
   3.5899999879   0.0010156356  -0.0001450291   0.0010156356
   3.5949999879   0.0006500543  -0.0001596322   0.0006500543
   3.5999999879   0.0002543731  -0.0001709921   0.0002543731
   3.6049999879  -0.0001424333  -0.0001773517  -0.0001424333
   3.6099999879  -0.0005120209  -0.0001773250  -0.0005120209
   3.6149999879  -0.0008286200  -0.0001701822  -0.0008286200
   3.6199999878  -0.0010707270  -0.0001560399  -0.0010707270
   3.6249999878  -0.0012224533  -0.0001359132  -0.0012224533
   3.6299999878  -0.0012744730  -0.0001116164  -0.0012744730
   3.6349999878  -0.0012245315  -0.0000855317  -0.0012245315
   3.6399999878  -0.0010774992  -0.0000602918  -0.0010774992
   3.6449999878  -0.0008449676  -0.0000384345  -0.0008449676
   3.6499999877  -0.0005444058  -0.0000220912  -0.0005444058
   3.6549999877  -0.0001979172  -0.0000127536  -0.0001979172
   3.6599999877   0.0001693342  -0.0000111450   0.0001693342
   3.6649999877   0.0005309283  -0.0000171999   0.0005309283
   3.6699999877   0.0008610969  -0.0000301341   0.0008610969
   3.6749999877   0.0011365897  -0.0000485804   0.0011365897
   3.6799999876   0.0013383539  -0.0000707606   0.0013383539
   3.6849999876   0.0014528933  -0.0000946672   0.0014528933
   3.6899999876   0.0014732051  -0.0001182376   0.0014732051
   3.6949999876   0.0013992277  -0.0001395103   0.0013992277
   3.6999999876   0.0012377762  -0.0001567569   0.0012377762
   3.7049999876   0.0010019774  -0.0001685908   0.0010019774
   3.7099999875   0.0007102509  -0.0001740538   0.0007102509
   3.7149999875   0.0003849095  -0.0001726818   0.0003849095
   3.7199999875   0.0000504765  -0.0001645509   0.0000504765
   3.7249999875  -0.0002681643  -0.0001503033  -0.0002681643
   3.7299999875  -0.0005476501  -0.0001311464  -0.0005476501
   3.7349999875  -0.0007679071  -0.0001088156  -0.0007679071
   3.7399999874  -0.0009136581  -0.0000854874  -0.0009136581
   3.7449999874  -0.0009755406  -0.0000636306  -0.0009755406
   3.7499999874  -0.0009507352  -0.0000457899  -0.0009507352
   3.7549999874  -0.0008430524  -0.0000343095  -0.0008430524
   3.7599999874  -0.0006624841  -0.0000310242  -0.0006624841
   3.7649999874  -0.0004242744  -0.0000369616  -0.0004242744
   3.7699999873  -0.0001476129  -0.0000521119  -0.0001476129
   3.7749999873   0.0001459221  -0.0000753222   0.0001459221
   3.7799999873   0.0004340368  -0.0001043556   0.0004340368
   3.7849999873   0.0006953839  -0.0001361292   0.0006953839
   3.7899999873   0.0009111049  -0.0001671043   0.0009111049
   3.7949999873   0.0010661597  -0.0001937722   0.0010661597
   3.7999999872   0.0011503701  -0.0002131497   0.0011503701
   3.8049999872   0.0011591100  -0.0002231938   0.0011591100
   3.8099999872   0.0010935926  -0.0002230609   0.0010935926
   3.8149999872   0.0009607177  -0.0002131648   0.0009607177
   3.8199999872   0.0007724734  -0.0001950329   0.0007724734
   3.8249999872   0.0005449244  -0.0001709972   0.0005449244
   3.8299999871   0.0002968621  -0.0001437876   0.0002968621
   3.8349999871   0.0000482369  -0.0001161088   0.0000482369
   3.8399999871  -0.0001814802  -0.0000902737  -0.0001814802
   3.8449999871  -0.0003748486  -0.0000679461  -0.0003748486
   3.8499999871  -0.0005177797  -0.0000500196  -0.0005177797
   3.8549999871  -0.0006005191  -0.0000366283  -0.0006005191
   3.8599999870  -0.0006182281  -0.0000272681  -0.0006182281
   3.8649999870  -0.0005711468  -0.0000209913  -0.0005711468
   3.8699999870  -0.0004643637  -0.0000166371  -0.0004643637
   3.8749999870  -0.0003072389  -0.0000130620  -0.0003072389
   3.8799999870  -0.0001125484  -0.0000093406  -0.0001125484
   3.8849999870   0.0001045802  -0.0000049135   0.0001045802
   3.8899999869   0.0003278626   0.0000003335   0.0003278626
   3.8949999869   0.0005410978   0.0000060649   0.0005410978
   3.8999999869   0.0007293645   0.0000115653   0.0007293645
   3.9049999869   0.0008800758   0.0000158668   0.0008800758
   3.9099999869   0.0009838035   0.0000179104   0.0009838035
   3.9149999869   0.0010348020   0.0000167099   0.0010348020
   3.9199999868   0.0010311940   0.0000114872   0.0010311940
   3.9249999868   0.0009748236   0.0000017574   0.0009748236
   3.9299999868   0.0008708247  -0.0000126454   0.0008708247
   3.9349999868   0.0007269849  -0.0000315909   0.0007269849
   3.9399999868   0.0005529970  -0.0000547046   0.0005529970
   3.9449999868   0.0003596879  -0.0000814233   0.0003596879
   3.9499999867   0.0001582859  -0.0001110353   0.0001582859
   3.9549999867  -0.0000402337  -0.0001427013  -0.0000402337
   3.9599999867  -0.0002257172  -0.0001754663  -0.0002257172
   3.9649999867  -0.0003893153  -0.0002082841  -0.0003893153
   3.9699999867  -0.0005238826  -0.0002400763  -0.0005238826
   3.9749999867  -0.0006242844  -0.0002698344  -0.0006242844
   3.9799999866  -0.0006875904  -0.0002967556  -0.0006875904
   3.9849999866  -0.0007131283  -0.0003203805  -0.0007131283
   3.9899999866  -0.0007023810  -0.0003406900  -0.0007023810
   3.9949999866  -0.0006587279  -0.0003581187  -0.0006587279
   3.9999999866  -0.0005870607  -0.0003734600  -0.0005870607
   4.0049999866  -0.0004933214  -0.0003876669  -0.0004933214
   4.0099999865  -0.0003840265  -0.0004015841  -0.0003840265
   4.0149999865  -0.0002658281  -0.0004156682  -0.0002658281
   4.0199999865  -0.0001451493  -0.0004297642  -0.0001451493
   4.0249999865  -0.0000278965  -0.0004429943  -0.0000278965
   4.0299999865   0.0000807624  -0.0004537868   0.0000807624
   4.0349999864   0.0001765850  -0.0004600451   0.0001765850
   4.0399999864   0.0002564238  -0.0004594210   0.0002564238
   4.0449999864   0.0003183827  -0.0004496414   0.0003183827
   4.0499999864   0.0003619427  -0.0004288293   0.0003619427
   4.0549999864   0.0003880221  -0.0003957719   0.0003880221
   4.0599999864   0.0003989372  -0.0003501030   0.0003989372
   4.0649999863   0.0003982413  -0.0002923859   0.0003982413
   4.0699999863   0.0003904439  -0.0002240967   0.0003904439
   4.0749999863   0.0003806388  -0.0001475166   0.0003806388
   4.0799999863   0.0003740836  -0.0000655439   0.0003740836
   4.0849999863   0.0003757796   0.0000185566   0.0003757796
   4.0899999863   0.0003900867   0.0001014456   0.0003900867
   4.0949999862   0.0004203940   0.0001800101   0.0004203940
   4.0999999862   0.0004688444   0.0002516312   0.0004688444
   4.1049999862   0.0005361104   0.0003143735   0.0005361104
   4.1099999862   0.0006212173   0.0003670571   0.0006212173
   4.1149999862   0.0007214307   0.0004091925   0.0007214307
   4.1199999862   0.0008322380   0.0004407911   0.0008322380
   4.1249999861   0.0009474633   0.0004620940   0.0009474633
   4.1299999861   0.0010595473   0.0004732870   0.0010595473
   4.1349999861   0.0011599989   0.0004742786   0.0011599989
   4.1399999861   0.0012399935   0.0004646002   0.0012399935
   4.1449999861   0.0012910565   0.0004434584   0.0012910565
   4.1499999861   0.0013057516   0.0004099260   0.0013057516
   4.1549999860   0.0012782920   0.0003632182   0.0012782920
   4.1599999860   0.0012050088   0.0003029823   0.0012050088
   4.1649999860   0.0010846471   0.0002295266   0.0010846471
   4.1699999860   0.0009184901   0.0001439361   0.0009184901
   4.1749999860   0.0007103360   0.0000480621   0.0007103360
   4.1799999860   0.0004663590  -0.0000555972   0.0004663590
   4.1849999859   0.0001948777  -0.0001640764   0.0001948777
   4.1899999859  -0.0000939661  -0.0002741316  -0.0000939661
   4.1949999859  -0.0003886248  -0.0003823994  -0.0003886248
   4.1999999859  -0.0006766745  -0.0004855087  -0.0006766745
   4.2049999859  -0.0009454507  -0.0005801584  -0.0009454507
   4.2099999859  -0.0011827651  -0.0006631871  -0.0011827651
   4.2149999858  -0.0013776447  -0.0007316653  -0.0013776447
   4.2199999858  -0.0015210186  -0.0007830274  -0.0015210186
   4.2249999858  -0.0016062751  -0.0008152371  -0.0016062751
   4.2299999858  -0.0016296328  -0.0008269621  -0.0016296328
   4.2349999858  -0.0015903016  -0.0008177168  -0.0015903016
   4.2399999858  -0.0014904454  -0.0007879363  -0.0014904454
   4.2449999857  -0.0013349857  -0.0007389568  -0.0013349857
   4.2499999857  -0.0011312919  -0.0006729004  -0.0011312919
   4.2549999857  -0.0008887924  -0.0005924813  -0.0008887924
   4.2599999857  -0.0006185232  -0.0005007703  -0.0006185232
   4.2649999857  -0.0003326063  -0.0004009553  -0.0003326063
   4.2699999857  -0.0000436461  -0.0002961335  -0.0000436461
   4.2749999856   0.0002359567  -0.0001891587   0.0002359567
   4.2799999856   0.0004947473  -0.0000825565   0.0004947473
   4.2849999856   0.0007229535   0.0000214960   0.0007229535
   4.2899999856   0.0009131301   0.0001211323   0.0009131301
   4.2949999856   0.0010606208   0.0002147175   0.0010606208
   4.2999999856   0.0011637640   0.0003007466   0.0011637640
   4.3049999855   0.0012238123   0.0003777449   0.0012238123
   4.3099999855   0.0012445855   0.0004441944   0.0012445855
   4.3149999855   0.0012319172   0.0004985094   0.0012319172
   4.3199999855   0.0011929854   0.0005390759   0.0011929854
   4.3249999855   0.0011356116   0.0005643562   0.0011356116
   4.3299999855   0.0010676000   0.0005730414   0.0010676000
   4.3349999854   0.0009961529   0.0005642228   0.0009961529
   4.3399999854   0.0009273772   0.0005375415   0.0009273772
   4.3449999854   0.0008658813   0.0004932863   0.0008658813
   4.3499999854   0.0008144674   0.0004324181   0.0008144674
   4.3549999854   0.0007739368   0.0003565289   0.0007739368
   4.3599999854   0.0007430416   0.0002677556   0.0007430416
   4.3649999853   0.0007186176   0.0001686862   0.0007186176
   4.3699999853   0.0006959229   0.0000622842   0.0006959229
   4.3749999853   0.0006691721  -0.0000481567   0.0006691721
   4.3799999853   0.0006322207  -0.0001590433   0.0006322207
   4.3849999853   0.0005793199  -0.0002665319   0.0005793199
   4.3899999853   0.0005058427  -0.0003666374   0.0005058427
   4.3949999852   0.0004088907  -0.0004554260   0.0004088907
   4.3999999852   0.0002877118  -0.0005292867   0.0002877118
   4.4049999852   0.0001438974  -0.0005852412   0.0001438974
   4.4099999852  -0.0000186360  -0.0006212240  -0.0000186360
   4.4149999852  -0.0001938543  -0.0006362611  -0.0001938543
   4.4199999852  -0.0003739641  -0.0006304966  -0.0003739641
   4.4249999851  -0.0005498883  -0.0006050590  -0.0005498883
   4.4299999851  -0.0007118355  -0.0005618095  -0.0007118355
   4.4349999851  -0.0008499451  -0.0005030503  -0.0008499451
   4.4399999851  -0.0009549842  -0.0004312833  -0.0009549842
   4.4449999851  -0.0010190611  -0.0003490866  -0.0010190611
   4.4499999851  -0.0010362996  -0.0002591276  -0.0010362996
   4.4549999850  -0.0010034067  -0.0001642755  -0.0010034067
   4.4599999850  -0.0009200660  -0.0000677318  -0.0009200660
   4.4649999850  -0.0007891063   0.0000269163  -0.0007891063
   4.4699999850  -0.0006164221   0.0001157903  -0.0006164221
   4.4749999850  -0.0004106600   0.0001949787  -0.0004106600
   4.4799999850  -0.0001827108   0.0002609110  -0.0001827108
   4.4849999849   0.0000549396   0.0003107484   0.0000549396
   4.4899999849   0.0002889453   0.0003426759   0.0002889453
   4.4949999849   0.0005058817   0.0003560054   0.0005058817
   4.4999999849   0.0006930446   0.0003510620   0.0006930446
   4.5049999849   0.0008392433   0.0003288960   0.0008392433
   4.5099999849   0.0009355612   0.0002909268   0.0009355612
   4.5149999848   0.0009760366   0.0002386463   0.0009760366
   4.5199999848   0.0009582017   0.0001734890   0.0009582017
   4.5249999848   0.0008834070   0.0000969120   0.0008834070
   4.5299999848   0.0007568692   0.0000106496   0.0007568692
   4.5349999848   0.0005874081  -0.0000829629   0.0005874081
   4.5399999848   0.0003868832  -0.0001807351   0.0003868832
   4.5449999847   0.0001693841  -0.0002785626   0.0001693841
   4.5499999847  -0.0000497350  -0.0003716269  -0.0000497350
   4.5549999847  -0.0002548794  -0.0004548373  -0.0002548794
   4.5599999847  -0.0004312068  -0.0005234170  -0.0004312068
   4.5649999847  -0.0005655314  -0.0005734874  -0.0005655314
   4.5699999847  -0.0006471119  -0.0006025034  -0.0006471119
   4.5749999846  -0.0006683175  -0.0006094369  -0.0006683175
   4.5799999846  -0.0006251692  -0.0005946809  -0.0006251692
   4.5849999846  -0.0005177386  -0.0005597288  -0.0005177386
   4.5899999846  -0.0003503598  -0.0005067410  -0.0003503598
   4.5949999846  -0.0001315930  -0.0004381328  -0.0001315930
   4.5999999846   0.0001261192  -0.0003562977   0.0001261192
   4.6049999845   0.0004071370  -0.0002635209   0.0004071370
   4.6099999845   0.0006936296  -0.0001620753   0.0006936296
   4.6149999845   0.0009668277  -0.0000544303   0.0009668277
   4.6199999845   0.0012083916   0.0000565262   0.0012083916
   4.6249999845   0.0014017456   0.0001673509   0.0014017456
   4.6299999845   0.0015332336   0.0002740576   0.0015332336
   4.6349999844   0.0015929934   0.0003722944   0.0015929934
   4.6399999844   0.0015755018   0.0004576530   0.0015755018
   4.6449999844   0.0014797971   0.0005260399   0.0014797971
   4.6499999844   0.0013094220   0.0005740273   0.0013094220
   4.6549999844   0.0010721430   0.0005991166   0.0010721430
   4.6599999844   0.0007794872   0.0005998742   0.0007794872
   4.6649999843   0.0004461189   0.0005759362   0.0004461189
   4.6699999843   0.0000890583   0.0005279154   0.0000890583
   4.6749999843  -0.0002732571   0.0004572585  -0.0002732571
   4.6799999843  -0.0006220459   0.0003661091  -0.0006220459
   4.6849999843  -0.0009393380   0.0002572154  -0.0009393380
   4.6899999843  -0.0012091206   0.0001338963  -0.0012091206
   4.6949999842  -0.0014183621   0.0000000527  -0.0014183621
   4.6999999842  -0.0015578056  -0.0001398175  -0.0015578056
   4.7049999842  -0.0016224491  -0.0002806503  -0.0016224491
   4.7099999842  -0.0016116786  -0.0004169413  -0.0016116786
   4.7149999842  -0.0015290710  -0.0005429904  -0.0015290710
   4.7199999841  -0.0013819230  -0.0006532585  -0.0013819230
   4.7249999841  -0.0011805863  -0.0007427937  -0.0011805863
   4.7299999841  -0.0009376845  -0.0008076527  -0.0009376845
   4.7349999841  -0.0006672733  -0.0008452363  -0.0006672733
   4.7399999841  -0.0003839833  -0.0008544675  -0.0003839833
   4.7449999841  -0.0001021712  -0.0008357744  -0.0001021712
   4.7499999840   0.0001648960  -0.0007908900   0.0001648960
   4.7549999840   0.0004057877  -0.0007225246   0.0004057877
   4.7599999840   0.0006115388  -0.0006340018   0.0006115388
   4.7649999840   0.0007761032  -0.0005289516   0.0007761032
   4.7699999840   0.0008965797  -0.0004111320   0.0008965797
   4.7749999840   0.0009731815  -0.0002844017   0.0009731815
   4.7799999839   0.0010089517  -0.0001528121   0.0010089517
   4.7849999839   0.0010092629  -0.0000207400   0.0010092629
   4.7899999839   0.0009811639   0.0001070327   0.0009811639
   4.7949999839   0.0009326472   0.0002253749   0.0009326472
   4.7999999839   0.0008719050   0.0003290333   0.0008719050
   4.8049999839   0.0008066263   0.0004130085   0.0008066263
   4.8099999838   0.0007433715   0.0004730050   0.0007433715
   4.8149999838   0.0006870500   0.0005058525   0.0006870500
   4.8199999838   0.0006405291   0.0005098034   0.0006405291
   4.8249999838   0.0006044055   0.0004846490   0.0006044055
   4.8299999838   0.0005769799   0.0004316533   0.0005769799
   4.8349999838   0.0005544649   0.0003533588   0.0005544649
   4.8399999837   0.0005314409   0.0002533442   0.0005314409
   4.8449999837   0.0005015362   0.0001360141   0.0005015362
   4.8499999837   0.0004582670   0.0000064645   0.0004582670
   4.8549999837   0.0003959407  -0.0001295855   0.0003959407
   4.8599999837   0.0003105054  -0.0002658491   0.0003105054
   4.8649999837   0.0002002377  -0.0003955956   0.0002002377
   4.8699999836   0.0000661865  -0.0005119089   0.0000661865
   4.8749999836  -0.0000876673  -0.0006081039  -0.0000876673
   4.8799999836  -0.0002545348  -0.0006782680  -0.0002545348
   4.8849999836  -0.0004252004  -0.0007178348  -0.0004252004
   4.8899999836  -0.0005886145  -0.0007240728  -0.0005886145
   4.8949999836  -0.0007326594  -0.0006963806  -0.0007326594
   4.8999999835  -0.0008450492  -0.0006363215  -0.0008450492
   4.9049999835  -0.0009143294  -0.0005473996  -0.0009143294
   4.9099999835  -0.0009309276  -0.0004346399  -0.0009309276
   4.9149999835  -0.0008881853  -0.0003040758  -0.0008881853
   4.9199999835  -0.0007832732  -0.0001622570  -0.0007832732
   4.9249999835  -0.0006178727  -0.0000158567  -0.0006178727
   4.9299999834  -0.0003985111   0.0001285871  -0.0003985111
   4.9349999834  -0.0001364626   0.0002648202  -0.0001364626
   4.9399999834   0.0001528155   0.0003869659   0.0001528155
   4.9449999834   0.0004506814   0.0004896300   0.0004506814
   4.9499999834   0.0007366476   0.0005680625   0.0007366476
   4.9549999834   0.0009899203   0.0006183799   0.0009899203
   4.9599999833   0.0011909892   0.0006378166   0.0011909892
   4.9649999833   0.0013231225   0.0006249448   0.0013231225
   4.9699999833   0.0013736570   0.0005798040   0.0013736570
   4.9749999833   0.0013350068   0.0005039017   0.0013350068
   4.9799999833   0.0012053464   0.0004000849   0.0012053464
   4.9849999833   0.0009889399   0.0002723154   0.0009889399
   4.9899999832   0.0006960982   0.0001254032   0.0006960982
   4.9949999832   0.0003427465  -0.0000352456   0.0003427465
   4.9999999832  -0.0000504011  -0.0002038334  -0.0000504011
   5.0049999832  -0.0004590434  -0.0003743195  -0.0004590434
   5.0099999832  -0.0008568140  -0.0005405355  -0.0008568140
   5.0149999832  -0.0012170263  -0.0006963016  -0.0012170263
   5.0199999831  -0.0015145038  -0.0008355766  -0.0015145038
   5.0249999831  -0.0017273424  -0.0009526597  -0.0017273424
   5.0299999831  -0.0018384525  -0.0010424358  -0.0018384525
   5.0349999831  -0.0018367588  -0.0011006406  -0.0018367588
   5.0399999831  -0.0017179796  -0.0011241107  -0.0017179796
   5.0449999831  -0.0014849554  -0.0011109901  -0.0014849554
   5.0499999830  -0.0011475358  -0.0010608733  -0.0011475358
   5.0549999830  -0.0007220566  -0.0009748821  -0.0007220566
   5.0599999830  -0.0002304485  -0.0008556779  -0.0002304485
   5.0649999830   0.0003009767  -0.0007074155   0.0003009767
   5.0699999830   0.0008430171  -0.0005356346   0.0008430171
   5.0749999830   0.0013652852  -0.0003470816   0.0013652852
   5.0799999829   0.0018380430  -0.0001494494   0.0018380430
   5.0849999829   0.0022340537   0.0000489700   0.0022340537
   5.0899999829   0.0025303141   0.0002397096   0.0025303141
   5.0949999829   0.0027095266   0.0004146022   0.0027095266
   5.0999999829   0.0027611859   0.0005662611   0.0027611859
   5.1049999829   0.0026821934   0.0006885179   0.0026821934
   5.1099999828   0.0024769665   0.0007767712   0.0024769665
   5.1149999828   0.0021570611   0.0008282157   0.0021570611
   5.1199999828   0.0017403680   0.0008419379   0.0017403680
   5.1249999828   0.0012499646   0.0008188831   0.0012499646
   5.1299999828   0.0007127092   0.0007617086   0.0007127092
   5.1349999828   0.0001576552   0.0006745451   0.0001576552
   5.1399999827  -0.0003856437   0.0005626849  -0.0003856437
   5.1449999827  -0.0008888683   0.0004322219  -0.0008888683
   5.1499999827  -0.0013266276   0.0002896645  -0.0013266276
   5.1549999827  -0.0016780108   0.0001415534  -0.0016780108
   5.1599999827  -0.0019278826  -0.0000058825  -0.0019278826
   5.1649999827  -0.0020678027  -0.0001469993  -0.0020678027
   5.1699999826  -0.0020964677  -0.0002769142  -0.0020964677
   5.1749999826  -0.0020196198  -0.0003915805  -0.0020196198
   5.1799999826  -0.0018494188  -0.0004877776  -0.0018494188
   5.1849999826  -0.0016033367  -0.0005630539  -0.0016033367
   5.1899999826  -0.0013026862  -0.0006156704  -0.0013026862
   5.1949999826  -0.0009709186  -0.0006445860  -0.0009709186
   5.1999999825  -0.0006318382  -0.0006495038  -0.0006318382
   5.2049999825  -0.0003078645  -0.0006309709  -0.0003078645
   5.2099999825  -0.0000184542  -0.0005904913  -0.0000184542
   5.2149999825   0.0002212256  -0.0005306009   0.0002212256
   5.2199999825   0.0004012960  -0.0004548530   0.0004012960
   5.2249999825   0.0005177665  -0.0003676825   0.0005177665
   5.2299999824   0.0005726783  -0.0002741535   0.0005726783
   5.2349999824   0.0005737512  -0.0001796204   0.0005737512
   5.2399999824   0.0005335288  -0.0000893568   0.0005335288
   5.2449999824   0.0004680720  -0.0000082103   0.0004680720
   5.2499999824   0.0003953066   0.0000596775   0.0003953066
   5.2549999824   0.0003331838   0.0001110676   0.0003331838
   5.2599999823   0.0002978468   0.0001437470   0.0002978468
   5.2649999823   0.0003019951   0.0001566048   0.0003019951
   5.2699999823   0.0003536115   0.0001496871   0.0003536115
   5.2749999823   0.0004551614   0.0001242447   0.0004551614
   5.2799999823   0.0006033135   0.0000827616   0.0006033135
   5.2849999823   0.0007891739   0.0000289356   0.0007891739
   5.2899999822   0.0009989841  -0.0000324319   0.0009989841
   5.2949999822   0.0012152094  -0.0000956688   0.0012152094
   5.2999999822   0.0014179337  -0.0001546008   0.0014179337
   5.3049999822   0.0015864703  -0.0002030319   0.0015864703
   5.3099999822   0.0017010855  -0.0002352857   0.0017010855
   5.3149999822   0.0017447164  -0.0002467329   0.0017447164
   5.3199999821   0.0017045459  -0.0002342295   0.0017045459
   5.3249999821   0.0015732879  -0.0001964076   0.0015732879
   5.3299999821   0.0013500442  -0.0001337885   0.0013500442
   5.3349999821   0.0010406322  -0.0000487232   0.0010406322
   5.3399999821   0.0006573345   0.0000548077   0.0006573345
   5.3449999821   0.0002180948   0.0001714923   0.0002180948
   5.3499999820  -0.0002547528   0.0002950394  -0.0002547528
   5.3549999820  -0.0007360820   0.0004185577  -0.0007360820
   5.3599999820  -0.0011997435   0.0005349466  -0.0011997435
   5.3649999820  -0.0016203464   0.0006372939  -0.0016203464
   5.3699999820  -0.0019749251   0.0007192718  -0.0019749251
   5.3749999820  -0.0022443911   0.0007755108  -0.0022443911
   5.3799999819  -0.0024147007   0.0008019177  -0.0024147007
   5.3849999819  -0.0024776913   0.0007958959  -0.0024776913
   5.3899999819  -0.0024315480   0.0007564366  -0.0024315480
   5.3949999819  -0.0022808721   0.0006840716  -0.0022808721
   5.3999999819  -0.0020363367   0.0005807118  -0.0020363367
   5.4049999818  -0.0017139348   0.0004494246  -0.0017139348
   5.4099999818  -0.0013338606   0.0002942136  -0.0013338606
   5.4149999818  -0.0009190981   0.0001198543  -0.0009190981
   5.4199999818  -0.0004938251  -0.0000681941  -0.0004938251
   5.4249999818  -0.0000817610  -0.0002638210  -0.0000817610
   5.4299999818   0.0002954111  -0.0004602957   0.0002954111
   5.4349999817   0.0006194302  -0.0006503622   0.0006194302
   5.4399999817   0.0008765605  -0.0008264497   0.0008765605
   5.4449999817   0.0010583495  -0.0009810087   0.0010583495
   5.4499999817   0.0011620083  -0.0011069441   0.0011620083
   5.4549999817   0.0011904035  -0.0011980803   0.0011904035
   5.4599999817   0.0011516652  -0.0012495881   0.0011516652
   5.4649999816   0.0010584338  -0.0012583158   0.0010584338
   5.4699999816   0.0009267809  -0.0012230029   0.0009267809
   5.4749999816   0.0007748640  -0.0011443823   0.0007748640
   5.4799999816   0.0006214004  -0.0010251974   0.0006214004
   5.4849999816   0.0004840678  -0.0008701495   0.0004840678
   5.4899999816   0.0003779638  -0.0006857779   0.0003779638
   5.4949999815   0.0003142606  -0.0004802443   0.0003142606
   5.4999999815   0.0002991841  -0.0002629922   0.0002991841
   5.5049999815   0.0003334219  -0.0000442614   0.0003334219
   5.5099999815   0.0004120250   0.0001655240   0.0004120250
   5.5149999815   0.0005248227   0.0003564352   0.0005248227
   5.5199999815   0.0006573233   0.0005196983   0.0006573233
   5.5249999814   0.0007920289   0.0006482374   0.0007920289
   5.5299999814   0.0009100631   0.0007370350   0.0009100631
   5.5349999814   0.0009929809   0.0007832848   0.0009929809
   5.5399999814   0.0010246185   0.0007863597   0.0010246185
   5.5449999814   0.0009928289   0.0007476499   0.0009928289
   5.5499999814   0.0008909460   0.0006703282   0.0008909460
   5.5549999813   0.0007188316   0.0005590838   0.0007188316
   5.5599999813   0.0004833725   0.0004198350   0.0004833725
   5.5649999813   0.0001983398   0.0002594104   0.0001983398
   5.5699999813  -0.0001164259   0.0000851850  -0.0001164259
   5.5749999813  -0.0004364678  -0.0000953246  -0.0004364678
   5.5799999813  -0.0007346885  -0.0002748719  -0.0007346885
   5.5849999812  -0.0009836674  -0.0004468440  -0.0009836674
   5.5899999812  -0.0011580887  -0.0006055155  -0.0011580887
   5.5949999812  -0.0012370349  -0.0007461568  -0.0012370349
   5.5999999812  -0.0012059258  -0.0008649963  -0.0012059258
   5.6049999812  -0.0010579297  -0.0009590823  -0.0010579297
   5.6099999812  -0.0007947453  -0.0010261159  -0.0007947453
   5.6149999811  -0.0004267173  -0.0010643315  -0.0004267173
   5.6199999811   0.0000276947  -0.0010724773   0.0000276947
   5.6249999811   0.0005430394  -0.0010499094   0.0005430394
   5.6299999811   0.0010885113  -0.0009967739   0.0010885113
   5.6349999811   0.0016300074  -0.0009142190   0.0016300074
   5.6399999811   0.0021324881  -0.0008045733   0.0021324881
   5.6449999810   0.0025624926  -0.0006714305   0.0025624926
   5.6499999810   0.0028906289  -0.0005196054   0.0028906289
   5.6549999810   0.0030938277  -0.0003549475   0.0030938277
   5.6599999810   0.0031571485  -0.0001840268   0.0031571485
   5.6649999810   0.0030749573  -0.0000137229   0.0030749573
   5.6699999810   0.0028513616   0.0001492303   0.0028513616
   5.6749999809   0.0024998748   0.0002986893   0.0024998748
   5.6799999809   0.0020423765   0.0004294721   0.0020423765
   5.6849999809   0.0015075023   0.0005376125   0.0015075023
   5.6899999809   0.0009286390   0.0006204734   0.0009286390
   5.6949999809   0.0003416964   0.0006767284   0.0003416964
   5.6999999809  -0.0002171914   0.0007062471  -0.0002171914
   5.7049999808  -0.0007139186   0.0007099354  -0.0007139186
   5.7099999808  -0.0011185211   0.0006895737  -0.0011185211
   5.7149999808  -0.0014070589   0.0006476705  -0.0014070589
   5.7199999808  -0.0015631739   0.0005873204  -0.0015631739
   5.7249999808  -0.0015792122   0.0005120320  -0.0015792122
   5.7299999808  -0.0014568065   0.0004254963  -0.0014568065
   5.7349999807  -0.0012068378   0.0003312953  -0.0012068378
   5.7399999807  -0.0008487468   0.0002325924  -0.0008487468
   5.7449999807  -0.0004092284   0.0001318836  -0.0004092284
   5.7499999807   0.0000795909   0.0000308940   0.0000795909
   5.7549999807   0.0005823497  -0.0000693270   0.0005823497
   5.7599999807   0.0010628514  -0.0001681211   0.0010628514
   5.7649999806   0.0014865000  -0.0002648271   0.0014865000
   5.7699999806   0.0018226137  -0.0003584037   0.0018226137
   5.7749999806   0.0020464793  -0.0004471949   0.0020464793
   5.7799999806   0.0021410213  -0.0005289211   0.0021410213
   5.7849999806   0.0020979747  -0.0006008929   0.0020979747
   5.7899999806   0.0019184639  -0.0006603744   0.0019184639
   5.7949999805   0.0016129176  -0.0007049736   0.0016129176
   5.7999999805   0.0012002978  -0.0007329457   0.0012002978
   5.8049999805   0.0007066750  -0.0007433426   0.0007066750
   5.8099999805   0.0001632525  -0.0007360102   0.0001632525
   5.8149999805  -0.0003960009  -0.0007114888  -0.0003960009
   5.8199999805  -0.0009369106  -0.0006708907  -0.0009369106
   5.8249999804  -0.0014276333  -0.0006158070  -0.0014276333
   5.8299999804  -0.0018409653  -0.0005482525  -0.0018409653
   5.8349999804  -0.0021562434  -0.0004706174  -0.0021562434
   5.8399999804  -0.0023606985  -0.0003855845  -0.0023606985
   5.8449999804  -0.0024501631  -0.0002959891  -0.0024501631
   5.8499999804  -0.0024290838  -0.0002046425  -0.0024290838
   5.8549999803  -0.0023098355  -0.0001141737  -0.0023098355
   5.8599999803  -0.0021113928  -0.0000269478  -0.0021113928
   5.8649999803  -0.0018574697   0.0000549055  -0.0018574697
   5.8699999803  -0.0015742914   0.0001293789  -0.0015742914
   5.8749999803  -0.0012882050   0.0001944589  -0.0012882050
   5.8799999803  -0.0010233529   0.0002480678  -0.0010233529
   5.8849999802  -0.0007996246   0.0002881351  -0.0007996246
   5.8899999802  -0.0006310711   0.0003127951  -0.0006310711
   5.8949999802  -0.0005249112   0.0003206439  -0.0005249112
   5.8999999802  -0.0004811938   0.0003109534  -0.0004811938
   5.9049999802  -0.0004931206   0.0002837573  -0.0004931206
   5.9099999802  -0.0005479706   0.0002397787  -0.0005479706
   5.9149999801  -0.0006285249   0.0001802511  -0.0006285249
   5.9199999801  -0.0007148520   0.0001067319  -0.0007148520
   5.9249999801  -0.0007862916   0.0000210177  -0.0007862916
   5.9299999801  -0.0008234637  -0.0000747855  -0.0008234637
   5.9349999801  -0.0008101357  -0.0001780643  -0.0008101357
   5.9399999801  -0.0007347955  -0.0002854778  -0.0007347955
   5.9449999800  -0.0005918115  -0.0003928519  -0.0005918115
   5.9499999800  -0.0003820971  -0.0004952949  -0.0003820971
   5.9549999800  -0.0001132383  -0.0005875589  -0.0001132383
   5.9599999800   0.0002009210  -0.0006645793   0.0002009210
   5.9649999800   0.0005412054  -0.0007220537   0.0005412054
   5.9699999800   0.0008844888  -0.0007569104   0.0008844888
   5.9749999799   0.0012054413  -0.0007675628   0.0012054413
   5.9799999799   0.0014785239  -0.0007539269   0.0014785239
   5.9849999799   0.0016800831  -0.0007172579   0.0016800831
   5.9899999799   0.0017903728  -0.0006599016   0.0017903728
   5.9949999799   0.0017953251  -0.0005850517   0.0017953251
