   0.0000000000   0.0000000000   0.0000000000   0.0000000000
   0.0020000000   0.0000000000   0.0000000000   0.0000000000
   0.0040000000   0.0000000000   0.0000000000   0.0000000000
   0.0060000000   0.0000000000   0.0000000000   0.0000000000
   0.0080000000   0.0000000000   0.0000000000   0.0000000000
   0.0100000000   0.0000000000   0.0000000000   0.0000000000
   0.0120000000   0.0000000000   0.0000000000   0.0000000000
   0.0140000000   0.0000000000   0.0000000000   0.0000000000
   0.0159999999   0.0000000000   0.0000000000   0.0000000000
   0.0179999999   0.0000000000   0.0000000000   0.0000000000
   0.0199999999   0.0000000000   0.0000000000   0.0000000000
   0.0219999999   0.0000000000   0.0000000000   0.0000000000
   0.0239999999   0.0000000000   0.0000000000   0.0000000000
   0.0259999999  -0.0000000000  -0.0000000000  -0.0000000000
   0.0279999999  -0.0000000000  -0.0000000000  -0.0000000000
   0.0299999999  -0.0000000000  -0.0000000000  -0.0000000000
   0.0319999999  -0.0000000000  -0.0000000000  -0.0000000000
   0.0339999999  -0.0000000000  -0.0000000000  -0.0000000000
   0.0359999999  -0.0000000000  -0.0000000000  -0.0000000000
   0.0379999999  -0.0000000000  -0.0000000000  -0.0000000000
   0.0399999999  -0.0000000000  -0.0000000000  -0.0000000000
   0.0419999999  -0.0000000000  -0.0000000000  -0.0000000000
   0.0439999999  -0.0000000000  -0.0000000000  -0.0000000000
   0.0459999998  -0.0000000000  -0.0000000000  -0.0000000000
   0.0479999998  -0.0000000000  -0.0000000000  -0.0000000000
   0.0499999998  -0.0000000000  -0.0000000000  -0.0000000000
   0.0519999998  -0.0000000000  -0.0000000000  -0.0000000000
   0.0539999998   0.0000000000   0.0000000000   0.0000000000
   0.0559999998   0.0000000000   0.0000000000   0.0000000000
   0.0579999998   0.0000000000   0.0000000000   0.0000000000
   0.0599999998   0.0000000000   0.0000000000   0.0000000000
   0.0619999998   0.0000000000   0.0000000000   0.0000000000
   0.0639999998   0.0000000000   0.0000000000   0.0000000000
   0.0659999998   0.0000000000   0.0000000000   0.0000000000
   0.0679999998   0.0000000000   0.0000000000   0.0000000000
   0.0699999998   0.0000000000   0.0000000000   0.0000000000
   0.0719999998   0.0000000000   0.0000000000   0.0000000000
   0.0739999998   0.0000000000   0.0000000000   0.0000000000
   0.0759999997   0.0000000000   0.0000000000   0.0000000000
   0.0779999997   0.0000000000   0.0000000000   0.0000000000
   0.0799999997   0.0000000000   0.0000000000   0.0000000000
   0.0819999997   0.0000000000   0.0000000000   0.0000000000
   0.0839999997   0.0000000000   0.0000000000   0.0000000000
   0.0859999997   0.0000000000   0.0000000000   0.0000000000
   0.0879999997   0.0000000000   0.0000000000   0.0000000000
   0.0899999997   0.0000000000   0.0000000000   0.0000000000
   0.0919999997   0.0000000000   0.0000000000   0.0000000000
   0.0939999997   0.0000000000   0.0000000000   0.0000000000
   0.0959999997   0.0000000000   0.0000000000   0.0000000000
   0.0979999997   0.0000000000   0.0000000000   0.0000000000
   0.0999999997   0.0000000000   0.0000000000   0.0000000000
   0.1019999997   0.0000000000   0.0000000000   0.0000000000
   0.1039999997   0.0000000000   0.0000000000   0.0000000000
   0.1059999996   0.0000000000   0.0000000000   0.0000000000
   0.1079999996   0.0000000000   0.0000000000   0.0000000000
   0.1099999996   0.0000000000   0.0000000000   0.0000000000
   0.1119999996   0.0000000000   0.0000000000   0.0000000000
   0.1139999996   0.0000000000   0.0000000000   0.0000000000
   0.1159999996   0.0000000000   0.0000000000   0.0000000000
   0.1179999996   0.0000000000   0.0000000000   0.0000000000
   0.1199999996   0.0000000000   0.0000000000   0.0000000000
   0.1219999996   0.0000000000   0.0000000000   0.0000000000
   0.1239999996   0.0000000000   0.0000000000   0.0000000000
   0.1259999996   0.0000000000   0.0000000000   0.0000000000
   0.1279999996   0.0000000000   0.0000000000   0.0000000000
   0.1299999996   0.0000000000   0.0000000000   0.0000000000
   0.1319999996   0.0000000000   0.0000000000   0.0000000000
   0.1339999996   0.0000000000   0.0000000000   0.0000000000
   0.1359999995   0.0000000000   0.0000000000   0.0000000000
   0.1379999995   0.0000000000   0.0000000000   0.0000000000
   0.1399999995   0.0000000000   0.0000000000   0.0000000000
   0.1419999995   0.0000000000   0.0000000000   0.0000000000
   0.1439999995   0.0000000000   0.0000000000   0.0000000000
   0.1459999995   0.0000000000   0.0000000000   0.0000000000
   0.1479999995   0.0000000000   0.0000000000   0.0000000000
   0.1499999995   0.0000000000   0.0000000000   0.0000000000
   0.1519999995   0.0000000000   0.0000000000   0.0000000000
   0.1539999995   0.0000000000   0.0000000000   0.0000000000
   0.1559999995   0.0000000000   0.0000000000   0.0000000000
   0.1579999995   0.0000000000   0.0000000000   0.0000000000
   0.1599999995   0.0000000000   0.0000000000   0.0000000000
   0.1619999995   0.0000000000   0.0000000000   0.0000000000
   0.1639999994   0.0000000000   0.0000000000   0.0000000000
   0.1659999994   0.0000000000   0.0000000000   0.0000000000
   0.1679999994   0.0000000000   0.0000000000   0.0000000000
   0.1699999994   0.0000000000   0.0000000000   0.0000000000
   0.1719999994   0.0000000000   0.0000000000   0.0000000000
   0.1739999994   0.0000000000   0.0000000000   0.0000000000
   0.1759999994   0.0000000000   0.0000000000   0.0000000000
   0.1779999994   0.0000000000   0.0000000000   0.0000000000
   0.1799999994   0.0000000000   0.0000000000   0.0000000000
   0.1819999994   0.0000000000   0.0000000000   0.0000000000
   0.1839999994   0.0000000000   0.0000000000   0.0000000000
   0.1859999994   0.0000000000   0.0000000000   0.0000000000
   0.1879999994   0.0000000000   0.0000000000   0.0000000000
   0.1899999994   0.0000000000   0.0000000000   0.0000000000
   0.1919999994   0.0000000000   0.0000000000   0.0000000000
   0.1939999993   0.0000000000   0.0000000000   0.0000000000
   0.1959999993   0.0000000000   0.0000000000   0.0000000000
   0.1979999993   0.0000000000   0.0000000000   0.0000000000
   0.1999999993   0.0000000000   0.0000000000   0.0000000000
   0.2019999993   0.0000000000   0.0000000000   0.0000000000
   0.2039999993   0.0000000000   0.0000000000   0.0000000000
   0.2059999993   0.0000000000   0.0000000000   0.0000000000
   0.2079999993   0.0000000000   0.0000000000   0.0000000000
   0.2099999993   0.0000000000   0.0000000000   0.0000000000
   0.2119999993   0.0000000000   0.0000000000   0.0000000000
   0.2139999993   0.0000000000   0.0000000000   0.0000000000
   0.2159999993   0.0000000000   0.0000000000   0.0000000000
   0.2179999993   0.0000000000   0.0000000000   0.0000000000
   0.2199999993   0.0000000000   0.0000000000   0.0000000000
   0.2219999993   0.0000000000   0.0000000000   0.0000000000
   0.2239999992   0.0000000000   0.0000000000   0.0000000000
   0.2259999992   0.0000000000   0.0000000000   0.0000000000
   0.2279999992   0.0000000000   0.0000000000   0.0000000000
   0.2299999992   0.0000000000   0.0000000000   0.0000000000
   0.2319999992   0.0000000000   0.0000000000   0.0000000000
   0.2339999992   0.0000000000   0.0000000000   0.0000000000
   0.2359999992   0.0000000000   0.0000000000   0.0000000000
   0.2379999992   0.0000000000   0.0000000000   0.0000000000
   0.2399999992   0.0000000000   0.0000000000   0.0000000000
   0.2419999992   0.0000000000   0.0000000000   0.0000000000
   0.2439999992   0.0000000000   0.0000000000   0.0000000000
   0.2459999992   0.0000000000   0.0000000000   0.0000000000
   0.2479999992   0.0000000000  -0.0000000000   0.0000000000
   0.2499999992  -0.0000000000  -0.0000000000  -0.0000000000
   0.2519999992  -0.0000000000  -0.0000000000  -0.0000000000
   0.2539999991  -0.0000000000  -0.0000000000  -0.0000000000
   0.2559999991  -0.0000000000  -0.0000000000  -0.0000000000
   0.2579999991  -0.0000000000  -0.0000000000  -0.0000000000
   0.2599999991  -0.0000000000  -0.0000000000  -0.0000000000
   0.2619999991  -0.0000000000  -0.0000000000  -0.0000000000
   0.2639999991  -0.0000000000  -0.0000000000  -0.0000000000
   0.2659999991  -0.0000000000  -0.0000000000  -0.0000000000
   0.2679999991  -0.0000000000  -0.0000000000  -0.0000000000
   0.2699999991  -0.0000000000  -0.0000000000  -0.0000000000
   0.2719999991  -0.0000000000  -0.0000000000  -0.0000000000
   0.2739999991  -0.0000000000  -0.0000000000  -0.0000000000
   0.2759999991  -0.0000000000   0.0000000000  -0.0000000000
   0.2779999991   0.0000000000   0.0000000000   0.0000000000
   0.2799999991   0.0000000000   0.0000000000   0.0000000000
   0.2819999991   0.0000000000   0.0000000000   0.0000000000
   0.2839999990   0.0000000000   0.0000000000   0.0000000000
   0.2859999990   0.0000000000   0.0000000000   0.0000000000
   0.2879999990   0.0000000000   0.0000000000   0.0000000000
   0.2899999990   0.0000000000   0.0000000000   0.0000000000
   0.2919999990   0.0000000000   0.0000000000   0.0000000000
   0.2939999990   0.0000000000   0.0000000000   0.0000000000
   0.2959999990   0.0000000000   0.0000000000   0.0000000000
   0.2979999990  -0.0000000000  -0.0000000000  -0.0000000000
   0.2999999990  -0.0000000000  -0.0000000000  -0.0000000000
   0.3019999990  -0.0000000000  -0.0000000000  -0.0000000000
   0.3039999990  -0.0000000000  -0.0000000000  -0.0000000000
   0.3059999990  -0.0000000000  -0.0000000000  -0.0000000000
   0.3079999990  -0.0000000000  -0.0000000000  -0.0000000000
   0.3099999990  -0.0000000000  -0.0000000000  -0.0000000000
   0.3119999990  -0.0000000000  -0.0000000000  -0.0000000000
   0.3139999989  -0.0000000000  -0.0000000000  -0.0000000000
   0.3159999989   0.0000000000   0.0000000000   0.0000000000
   0.3179999989   0.0000000000   0.0000000000   0.0000000000
   0.3199999989   0.0000000000   0.0000000000   0.0000000000
   0.3219999989   0.0000000000   0.0000000000   0.0000000000
   0.3239999989   0.0000000000   0.0000000000   0.0000000000
   0.3259999989   0.0000000000   0.0000000000   0.0000000000
   0.3279999989   0.0000000000   0.0000000000   0.0000000000
   0.3299999989   0.0000000000   0.0000000000   0.0000000000
   0.3319999989  -0.0000000000  -0.0000000000  -0.0000000000
   0.3339999989  -0.0000000000  -0.0000000000  -0.0000000000
   0.3359999989  -0.0000000000  -0.0000000000  -0.0000000000
   0.3379999989  -0.0000000000  -0.0000000000  -0.0000000000
   0.3399999989  -0.0000000000  -0.0000000000  -0.0000000000
   0.3419999989  -0.0000000000  -0.0000000000  -0.0000000000
   0.3439999988  -0.0000000000  -0.0000000000  -0.0000000000
   0.3459999988  -0.0000000000  -0.0000000000  -0.0000000000
   0.3479999988   0.0000000000   0.0000000000   0.0000000000
   0.3499999988   0.0000000000   0.0000000000   0.0000000000
   0.3519999988   0.0000000000   0.0000000000   0.0000000000
   0.3539999988   0.0000000000   0.0000000000   0.0000000000
   0.3559999988   0.0000000000   0.0000000000   0.0000000000
   0.3579999988   0.0000000000   0.0000000000   0.0000000000
   0.3599999988   0.0000000000   0.0000000000   0.0000000000
   0.3619999988   0.0000000000   0.0000000000   0.0000000000
   0.3639999988  -0.0000000000  -0.0000000000  -0.0000000000
   0.3659999988  -0.0000000000  -0.0000000000  -0.0000000000
   0.3679999988  -0.0000000000  -0.0000000000  -0.0000000000
   0.3699999988  -0.0000000000  -0.0000000000  -0.0000000000
   0.3719999988  -0.0000000000  -0.0000000000  -0.0000000000
   0.3739999987   0.0000000000  -0.0000000000   0.0000000000
   0.3759999987   0.0000000000  -0.0000000000   0.0000000000
   0.3779999987   0.0000000000  -0.0000000000   0.0000000000
   0.3799999987   0.0000000000   0.0000000000   0.0000000000
   0.3819999987   0.0000000000   0.0000000000   0.0000000000
   0.3839999987  -0.0000000000   0.0000000000  -0.0000000000
   0.3859999987  -0.0000000000   0.0000000000  -0.0000000000
   0.3879999987  -0.0000000000   0.0000000000  -0.0000000000
   0.3899999987  -0.0000000000   0.0000000000  -0.0000000000
   0.3919999987  -0.0000000000   0.0000000000  -0.0000000000
   0.3939999987  -0.0000000000   0.0000000000  -0.0000000000
   0.3959999987  -0.0000000000  -0.0000000000  -0.0000000000
   0.3979999987   0.0000000000  -0.0000000000   0.0000000000
   0.3999999987   0.0000000000  -0.0000000000   0.0000000000
   0.4019999987   0.0000000000  -0.0000000000   0.0000000000
   0.4039999986   0.0000000000  -0.0000000000   0.0000000000
   0.4059999986   0.0000000000  -0.0000000000   0.0000000000
   0.4079999986   0.0000000000  -0.0000000000   0.0000000000
   0.4099999986   0.0000000000  -0.0000000000   0.0000000000
   0.4119999986   0.0000000000  -0.0000000000   0.0000000000
   0.4139999986  -0.0000000000   0.0000000000  -0.0000000000
   0.4159999986  -0.0000000000   0.0000000000  -0.0000000000
   0.4179999986  -0.0000000000   0.0000000000  -0.0000000000
   0.4199999986  -0.0000000000   0.0000000000  -0.0000000000
   0.4219999986  -0.0000000000   0.0000000000  -0.0000000000
   0.4239999986  -0.0000000000   0.0000000000  -0.0000000000
   0.4259999986  -0.0000000000   0.0000000000  -0.0000000000
   0.4279999986  -0.0000000000   0.0000000000  -0.0000000000
   0.4299999986   0.0000000000  -0.0000000000   0.0000000000
   0.4319999985   0.0000000000  -0.0000000000   0.0000000000
   0.4339999985   0.0000000000  -0.0000000000   0.0000000000
   0.4359999985   0.0000000000  -0.0000000000   0.0000000000
   0.4379999985   0.0000000000  -0.0000000000   0.0000000000
   0.4399999985   0.0000000000  -0.0000000000   0.0000000000
   0.4419999985   0.0000000000  -0.0000000000   0.0000000000
   0.4439999985   0.0000000000  -0.0000000000   0.0000000000
   0.4459999985  -0.0000000000   0.0000000000  -0.0000000000
   0.4479999985  -0.0000000000   0.0000000000  -0.0000000000
   0.4499999985  -0.0000000000   0.0000000000  -0.0000000000
   0.4519999985  -0.0000000000   0.0000000000  -0.0000000000
   0.4539999985  -0.0000000000   0.0000000000  -0.0000000000
   0.4559999985  -0.0000000000   0.0000000000  -0.0000000000
   0.4579999985  -0.0000000000   0.0000000000  -0.0000000000
   0.4599999985   0.0000000000  -0.0000000000   0.0000000000
   0.4619999984   0.0000000000  -0.0000000000   0.0000000000
   0.4639999984   0.0000000000  -0.0000000000   0.0000000000
   0.4659999984   0.0000000000  -0.0000000000   0.0000000000
   0.4679999984   0.0000000000  -0.0000000000   0.0000000000
   0.4699999984   0.0000000000  -0.0000000000   0.0000000000
   0.4719999984   0.0000000000  -0.0000000000   0.0000000000
   0.4739999984  -0.0000000000   0.0000000000  -0.0000000000
   0.4759999984  -0.0000000000   0.0000000000  -0.0000000000
   0.4779999984  -0.0000000000   0.0000000000  -0.0000000000
   0.4799999984  -0.0000000000   0.0000000000  -0.0000000000
   0.4819999984  -0.0000000000   0.0000000000  -0.0000000000
   0.4839999984  -0.0000000000   0.0000000000  -0.0000000000
   0.4859999984  -0.0000000000   0.0000000000  -0.0000000000
   0.4879999984   0.0000000000  -0.0000000000   0.0000000000
   0.4899999984   0.0000000000  -0.0000000000   0.0000000000
   0.4919999983   0.0000000000  -0.0000000000   0.0000000000
   0.4939999983   0.0000000000  -0.0000000000   0.0000000000
   0.4959999983   0.0000000000  -0.0000000000   0.0000000000
   0.4979999983   0.0000000000  -0.0000000000   0.0000000000
   0.4999999983  -0.0000000000   0.0000000000  -0.0000000000
   0.5019999983  -0.0000000000   0.0000000000  -0.0000000000
   0.5039999983  -0.0000000000   0.0000000000  -0.0000000000
   0.5059999983  -0.0000000001   0.0000000000  -0.0000000001
   0.5079999983  -0.0000000000   0.0000000000  -0.0000000000
   0.5099999983  -0.0000000000   0.0000000000  -0.0000000000
   0.5119999983  -0.0000000000   0.0000000000  -0.0000000000
   0.5139999983   0.0000000000  -0.0000000000   0.0000000000
   0.5159999983   0.0000000001  -0.0000000001   0.0000000001
   0.5179999983   0.0000000001  -0.0000000001   0.0000000001
   0.5199999983   0.0000000001  -0.0000000001   0.0000000001
   0.5219999982   0.0000000001  -0.0000000001   0.0000000001
   0.5239999982   0.0000000000  -0.0000000000   0.0000000000
   0.5259999982  -0.0000000001   0.0000000000  -0.0000000001
   0.5279999982  -0.0000000001   0.0000000001  -0.0000000001
   0.5299999982  -0.0000000002   0.0000000001  -0.0000000002
   0.5319999982  -0.0000000002   0.0000000001  -0.0000000002
   0.5339999982  -0.0000000001   0.0000000001  -0.0000000001
   0.5359999982  -0.0000000000   0.0000000000  -0.0000000000
   0.5379999982   0.0000000001  -0.0000000001   0.0000000001
   0.5399999982   0.0000000002  -0.0000000002   0.0000000002
   0.5419999982   0.0000000002  -0.0000000002   0.0000000002
   0.5439999982   0.0000000002  -0.0000000002   0.0000000002
   0.5459999982   0.0000000002  -0.0000000001   0.0000000002
   0.5479999982   0.0000000000  -0.0000000000   0.0000000000
   0.5499999982  -0.0000000002   0.0000000001  -0.0000000002
   0.5519999981  -0.0000000003   0.0000000002  -0.0000000003
   0.5539999981  -0.0000000004   0.0000000003  -0.0000000004
   0.5559999981  -0.0000000003   0.0000000003  -0.0000000003
   0.5579999981  -0.0000000002   0.0000000002  -0.0000000002
   0.5599999981   0.0000000000  -0.0000000000   0.0000000000
   0.5619999981   0.0000000003  -0.0000000002   0.0000000003
   0.5639999981   0.0000000005  -0.0000000004   0.0000000005
   0.5659999981   0.0000000006  -0.0000000004   0.0000000006
   0.5679999981   0.0000000004  -0.0000000004   0.0000000004
   0.5699999981   0.0000000002  -0.0000000002   0.0000000002
   0.5719999981  -0.0000000002   0.0000000001  -0.0000000002
   0.5739999981  -0.0000000005   0.0000000004  -0.0000000005
   0.5759999981  -0.0000000007   0.0000000006  -0.0000000007
   0.5779999981  -0.0000000007   0.0000000006  -0.0000000007
   0.5799999981  -0.0000000005   0.0000000005  -0.0000000005
   0.5819999980   0.0000000000   0.0000000001   0.0000000000
   0.5839999980   0.0000000005  -0.0000000003   0.0000000005
   0.5859999980   0.0000000009  -0.0000000007   0.0000000009
   0.5879999980   0.0000000010  -0.0000000009   0.0000000010
   0.5899999980   0.0000000008  -0.0000000009   0.0000000008
   0.5919999980   0.0000000003  -0.0000000006   0.0000000003
   0.5939999980  -0.0000000005  -0.0000000002  -0.0000000005
   0.5959999980  -0.0000000011   0.0000000003  -0.0000000011
   0.5979999980  -0.0000000015   0.0000000006  -0.0000000015
   0.5999999980  -0.0000000015   0.0000000008  -0.0000000015
   0.6019999980  -0.0000000009   0.0000000008  -0.0000000009
   0.6039999980   0.0000000001   0.0000000006   0.0000000001
   0.6059999980   0.0000000012   0.0000000004   0.0000000012
   0.6079999980   0.0000000020   0.0000000003   0.0000000020
   0.6099999980   0.0000000024   0.0000000003   0.0000000024
   0.6119999979   0.0000000022   0.0000000006   0.0000000022
   0.6139999979   0.0000000013   0.0000000010   0.0000000013
   0.6159999979   0.0000000001   0.0000000012   0.0000000001
   0.6179999979  -0.0000000011   0.0000000011  -0.0000000011
   0.6199999979  -0.0000000020   0.0000000004  -0.0000000020
   0.6219999979  -0.0000000023  -0.0000000009  -0.0000000023
   0.6239999979  -0.0000000020  -0.0000000025  -0.0000000020
   0.6259999979  -0.0000000012  -0.0000000041  -0.0000000012
   0.6279999979  -0.0000000004  -0.0000000053  -0.0000000004
   0.6299999979   0.0000000003  -0.0000000056   0.0000000003
   0.6319999979   0.0000000003  -0.0000000048   0.0000000003
   0.6339999979  -0.0000000001  -0.0000000028  -0.0000000001
   0.6359999979  -0.0000000009   0.0000000000  -0.0000000009
   0.6379999979  -0.0000000016   0.0000000031  -0.0000000016
   0.6399999979  -0.0000000017   0.0000000058  -0.0000000017
   0.6419999978  -0.0000000010   0.0000000075  -0.0000000010
   0.6439999978   0.0000000005   0.0000000078   0.0000000005
   0.6459999978   0.0000000026   0.0000000069   0.0000000026
   0.6479999978   0.0000000044   0.0000000049   0.0000000044
   0.6499999978   0.0000000055   0.0000000024   0.0000000055
   0.6519999978   0.0000000051  -0.0000000001   0.0000000051
   0.6539999978   0.0000000033  -0.0000000021   0.0000000033
   0.6559999978   0.0000000003  -0.0000000034   0.0000000003
   0.6579999978  -0.0000000029  -0.0000000041  -0.0000000029
   0.6599999978  -0.0000000056  -0.0000000043  -0.0000000056
   0.6619999978  -0.0000000069  -0.0000000044  -0.0000000069
   0.6639999978  -0.0000000063  -0.0000000043  -0.0000000063
   0.6659999978  -0.0000000040  -0.0000000042  -0.0000000040
   0.6679999978  -0.0000000008  -0.0000000036  -0.0000000008
   0.6699999978   0.0000000025  -0.0000000025   0.0000000025
   0.6719999977   0.0000000048  -0.0000000005   0.0000000048
   0.6739999977   0.0000000058   0.0000000021   0.0000000058
   0.6759999977   0.0000000053   0.0000000050   0.0000000053
   0.6779999977   0.0000000039   0.0000000074   0.0000000039
   0.6799999977   0.0000000022   0.0000000087   0.0000000022
   0.6819999977   0.0000000007   0.0000000080   0.0000000007
   0.6839999977  -0.0000000008   0.0000000050  -0.0000000008
   0.6859999977  -0.0000000030  -0.0000000003  -0.0000000030
   0.6879999977  -0.0000000071  -0.0000000075  -0.0000000071
   0.6899999977  -0.0000000137  -0.0000000154  -0.0000000137
   0.6919999977  -0.0000000224  -0.0000000226  -0.0000000224
   0.6939999977  -0.0000000304  -0.0000000268  -0.0000000304
   0.6959999977  -0.0000000324  -0.0000000249  -0.0000000324
   0.6979999977  -0.0000000207  -0.0000000134  -0.0000000207
   0.6999999976   0.0000000125   0.0000000111   0.0000000125
   0.7019999976   0.0000000724   0.0000000510   0.0000000724
   0.7039999976   0.0000001571   0.0000001048   0.0000001571
   0.7059999976   0.0000002524   0.0000001648   0.0000002524
   0.7079999976   0.0000003281   0.0000002137   0.0000003281
   0.7099999976   0.0000003365   0.0000002229   0.0000003365
   0.7119999976   0.0000002162   0.0000001543   0.0000002162
   0.7139999976  -0.0000000957  -0.0000000338  -0.0000000957
   0.7159999976  -0.0000006422  -0.0000003735  -0.0000006422
   0.7179999976  -0.0000014159  -0.0000008679  -0.0000014159
   0.7199999976  -0.0000023223  -0.0000014658  -0.0000023223
   0.7219999976  -0.0000031439  -0.0000020376  -0.0000031439
   0.7239999976  -0.0000035201  -0.0000023581  -0.0000035201
   0.7259999976  -0.0000029576  -0.0000021090  -0.0000029576
   0.7279999976  -0.0000008906  -0.0000009137  -0.0000008906
   0.7299999975   0.0000031912   0.0000015860   0.0000031912
   0.7319999975   0.0000095428   0.0000056031   0.0000095428
   0.7339999975   0.0000178978   0.0000110348   0.0000178978
   0.7359999975   0.0000271727   0.0000172658   0.0000271727
   0.7379999975   0.0000352021   0.0000229845   0.0000352021
   0.7399999975   0.0000385966   0.0000260673   0.0000385966
   0.7419999975   0.0000328365   0.0000236049   0.0000328365
   0.7439999975   0.0000127228   0.0000121500   0.0000127228
   0.7459999975  -0.0000267152  -0.0000117428  -0.0000267152
   0.7479999975  -0.0000887986  -0.0000506375  -0.0000887986
   0.7499999975  -0.0001732938  -0.0001050019  -0.0001732938
   0.7519999975  -0.0002741558  -0.0001717245  -0.0002741558
   0.7539999975  -0.0003771791  -0.0002425136  -0.0003771791
   0.7559999975  -0.0004579270  -0.0003024058  -0.0004579270
   0.7579999975  -0.0004803951  -0.0003286747  -0.0004803951
   0.7599999974  -0.0003968835  -0.0002904605  -0.0003968835
   0.7619999974  -0.0001494884  -0.0001494179  -0.0001494884
   0.7639999974   0.0003265370   0.0001384069   0.0003265370
   0.7659999974   0.0010975592   0.0006194061   0.0010975592
   0.7679999974   0.0022248042   0.0013380839   0.0022248042
   0.7699999974   0.0037567279   0.0023319385   0.0037567279
   0.7719999974   0.0057214848   0.0036261277   0.0057214848
   0.7739999974   0.0081206456   0.0052286569   0.0081206456
   0.7759999974   0.0109253330   0.0071268839   0.0109253330
   0.7779999974   0.0140757442   0.0092860685   0.0140757442
   0.7799999974   0.0174846209   0.0116504816   0.0174846210
   0.7819999974   0.0210446433   0.0141472513   0.0210446434
   0.7839999974   0.0246390557   0.0166927020   0.0246390558
   0.7859999974   0.0281541938   0.0192005036   0.0281541939
   0.7879999974   0.0314921072   0.0215905770   0.0314921073
   0.7899999973   0.0345812748   0.0237974747   0.0345812748
   0.7919999973   0.0373835708   0.0257769365   0.0373835708
   0.7939999973   0.0398961655   0.0275095361   0.0398961654
   0.7959999973   0.0421478716   0.0290007672   0.0421478714
   0.7979999973   0.0441904414   0.0302775037   0.0441904412
   0.7999999973   0.0460862843   0.0313814028   0.0460862840
   0.8019999973   0.0478948147   0.0323603827   0.0478948143
   0.8039999973   0.0496599788   0.0332596760   0.0496599784
   0.8059999973   0.0514013444   0.0341140490   0.0514013440
   0.8079999973   0.0531104690   0.0349425573   0.0531104687
   0.8099999973   0.0547532106   0.0357467023   0.0547532104
   0.8119999973   0.0562774096   0.0365121666   0.0562774097
   0.8139999973   0.0576242240   0.0372135719   0.0576242242
   0.8159999973   0.0587405982   0.0378210882   0.0587405987
   0.8179999973   0.0595900924   0.0383073585   0.0595900930
   0.8199999972   0.0601596632   0.0386531819   0.0601596640
   0.8219999972   0.0604609190   0.0388507331   0.0604609198
   0.8239999972   0.0605256579   0.0389037023   0.0605256587
   0.8259999972   0.0603968501   0.0388244963   0.0603968507
   0.8279999972   0.0601173139   0.0386293530   0.0601173143
   0.8299999972   0.0597188916   0.0383327188   0.0597188916
   0.8319999972   0.0592148006   0.0379424033   0.0592148002
   0.8339999972   0.0585970398   0.0374568038   0.0585970390
   0.8359999972   0.0578394537   0.0368649380   0.0578394525
   0.8379999972   0.0569056108   0.0361492840   0.0569056094
   0.8399999972   0.0557594187   0.0352906752   0.0557594173
   0.8419999972   0.0543756795   0.0342739458   0.0543756782
   0.8439999972   0.0527478075   0.0330928105   0.0527478066
   0.8459999972   0.0508906751   0.0317526518   0.0508906748
   0.8479999972   0.0488378469   0.0302704369   0.0488378473
   0.8499999971   0.0466339692   0.0286717545   0.0466339702
   0.8519999971   0.0443243916   0.0269857348   0.0443243932
   0.8539999971   0.0419448583   0.0252391986   0.0419448603
   0.8559999971   0.0395140948   0.0234515940   0.0395140969
   0.8579999971   0.0370313277   0.0216320760   0.0370313296
   0.8599999971   0.0344794127   0.0197794943   0.0344794141
   0.8619999971   0.0318326830   0.0178852596   0.0318326835
   0.8639999971   0.0290673000   0.0159382555   0.0290672995
   0.8659999971   0.0261711717   0.0139303964   0.0261711702
   0.8679999971   0.0231506089   0.0118612473   0.0231506066
   0.8699999971   0.0200318036   0.0097403934   0.0200318008
   0.8719999971   0.0168566819   0.0075868872   0.0168566791
   0.8739999971   0.0136742977   0.0054259415   0.0136742953
   0.8759999971   0.0105302239   0.0032838302   0.0105302225
   0.8779999971   0.0074569914   0.0011824848   0.0074569912
   0.8799999970   0.0044683390  -0.0008646383   0.0044683402
   0.8819999970   0.0015589398  -0.0028542077   0.0015589422
   0.8839999970  -0.0012903231  -0.0047917008  -0.0012903198
   0.8859999970  -0.0041030883  -0.0066875080  -0.0041030847
   0.8879999970  -0.0068969963  -0.0085516133  -0.0068969929
   0.8899999970  -0.0096750419  -0.0103884325  -0.0096750395
   0.8919999970  -0.0124213833  -0.0121933529  -0.0124213824
   0.8939999970  -0.0151028742  -0.0139520189  -0.0151028750
   0.8959999970  -0.0176758859  -0.0156425925  -0.0176758885
   0.8979999970  -0.0200963963  -0.0172403252  -0.0200964002
   0.8999999970  -0.0223303315  -0.0187230817  -0.0223303361
   0.9019999970  -0.0243610563  -0.0200761629  -0.0243610607
   0.9039999970  -0.0261917528  -0.0212949781  -0.0261917561
   0.9059999970  -0.0278419638  -0.0223847636  -0.0278419654
   0.9079999970  -0.0293393431  -0.0233574360  -0.0293393424
   0.9099999969  -0.0307091135  -0.0242265402  -0.0307091106
   0.9119999969  -0.0319644463  -0.0250018355  -0.0319644416
   0.9139999969  -0.0331007042  -0.0256851794  -0.0331006984
   0.9159999969  -0.0340953235  -0.0262689767  -0.0340953178
   0.9179999969  -0.0349133932  -0.0267376774  -0.0349133886
   0.9199999969  -0.0355172400  -0.0270718755  -0.0355172374
   0.9219999969  -0.0358770953  -0.0272537551  -0.0358770954
   0.9239999969  -0.0359795733  -0.0272722139  -0.0359795761
   0.9259999969  -0.0358313487  -0.0271260842  -0.0358313538
   0.9279999969  -0.0354568876  -0.0268244517  -0.0354568941
   0.9299999969  -0.0348909022  -0.0263839590  -0.0348909089
   0.9319999969  -0.0341678190  -0.0258239044  -0.0341678246
   0.9339999969  -0.0333114622  -0.0251606222  -0.0333114656
   0.9359999969  -0.0323280900  -0.0244028493  -0.0323280906
   0.9379999969  -0.0312048924  -0.0235494815  -0.0312048900
   0.9399999968  -0.0299144017  -0.0225903977  -0.0299143971
   0.9419999968  -0.0284234891  -0.0215101091  -0.0284234833
   0.9439999968  -0.0267042800  -0.0202931655  -0.0267042746
   0.9459999968  -0.0247438311  -0.0189297678  -0.0247438277
   0.9479999968  -0.0225499041  -0.0174200510  -0.0225499039
   0.9499999968  -0.0201514823  -0.0157759823  -0.0201514858
   0.9519999968  -0.0175943622  -0.0140206120  -0.0175943694
   0.9539999968  -0.0149336714  -0.0121852468  -0.0149336809
   0.9559999968  -0.0122260142  -0.0103057129  -0.0122260239
   0.9579999968  -0.0095238681  -0.0084190504  -0.0095238750
   0.9599999968  -0.0068738682  -0.0065616690  -0.0068738689
   0.9619999968  -0.0043190684  -0.0047693209  -0.0043190595
   0.9639999968  -0.0019036770  -0.0030784348  -0.0019036556
   0.9659999968   0.0003223207  -0.0015276979   0.0003223563
   0.9679999967   0.0023014286  -0.0001585096   0.0023014781
   0.9699999967   0.0039717605   0.0009868278   0.0039718206
   0.9719999967   0.0052753964   0.0018696097   0.0052754595
   0.9739999967   0.0061704793   0.0024614029   0.0061705322
   0.9759999967   0.0066439968   0.0027514643   0.0066440184
   0.9779999967   0.0067214556   0.0027529204   0.0067214146
   0.9799999967   0.0064700441   0.0025057141   0.0064698971
   0.9819999967   0.0059933261   0.0020749156   0.0059930144
   0.9839999967   0.0054176392   0.0015440365   0.0054170872
   0.9859999967   0.0048726024   0.0010042275   0.0048717155
   0.9879999967   0.0044698210   0.0005413167   0.0044684857
   0.9899999967   0.0042845387   0.0002232817   0.0042826230
   0.9919999967   0.0043444156   0.0000907466   0.0043417723
   0.9939999967   0.0046279624   0.0001524606   0.0046244332
   0.9959999967   0.0050728644   0.0003866060   0.0050682864
   0.9979999966   0.0055921075   0.0007474884   0.0055863216
   0.9999999966   0.0060940587   0.0011760066   0.0060869179
   1.0019999966   0.0065018961   0.0016115611   0.0064932754
   1.0039999966   0.0067681712   0.0020028967   0.0067579759
   1.0059999966   0.0068816592   0.0023157892   0.0068698324
   1.0079999966   0.0068656179   0.0025363430   0.0068521456
   1.0099999966   0.0067686009   0.0026697279   0.0067535137
   1.0119999966   0.0066505694   0.0027351835   0.0066339418
   1.0139999966   0.0065678715   0.0027588441   0.0065498165
   1.0159999966   0.0065605803   0.0027662345   0.0065412419
   1.0179999966   0.0066448221   0.0027761496   0.0066243645
   1.0199999966   0.0068113511   0.0027971300   0.0067899469
   1.0219999966   0.0070301122   0.0028270283   0.0070079299
   1.0239999966   0.0072592250   0.0028554156   0.0072364172
   1.0259999966   0.0074559870   0.0028679585   0.0074326810
   1.0279999965   0.0075872503   0.0028515246   0.0075635418
   1.0299999965   0.0076368723   0.0027987065   0.0076128227
   1.0319999965   0.0076087385   0.0027106729   0.0075843763
   1.0339999965   0.0075249159   0.0025977021   0.0075002427
   1.0359999965   0.0074195886   0.0024773189   0.0073945878
   1.0379999965   0.0073303320   0.0023705201   0.0073049800
   1.0399999965   0.0072888365   0.0022970180   0.0072631154
   1.0419999965   0.0073132818   0.0022706620   0.0072871909
   1.0439999965   0.0074041702   0.0022961648   0.0073777355
   1.0459999965   0.0075446186   0.0023679570   0.0075178995
   1.0479999965   0.0077050535   0.0024714930   0.0076781447
   1.0499999965   0.0078511670   0.0025867323   0.0078241958
   1.0519999965   0.0079531466   0.0026929675   0.0079262662
   1.0539999965   0.0079937991   0.0027738080   0.0079671778
   1.0559999965   0.0079733954   0.0028210505   0.0079472041
   1.0579999964   0.0079098479   0.0028364168   0.0078842466
   1.0599999964   0.0078340358   0.0028306731   0.0078091617
   1.0619999964   0.0077814165   0.0028203263   0.0077573751
   1.0639999964   0.0077821376   0.0028227589   0.0077589979
   1.0659999964   0.0078523811   0.0028511191   0.0078301763
   1.0679999964   0.0079894358   0.0029103924   0.0079681685
   1.0699999964   0.0081720278   0.0029957935   0.0081516799
   1.0719999964   0.0083659828   0.0030939950   0.0083465278
   1.0739999964   0.0085337419   0.0031869041   0.0085151583
   1.0759999964   0.0086450675   0.0032569495   0.0086273509
   1.0779999964   0.0086858250   0.0032923569   0.0086689964
   1.0799999964   0.0086621882   0.0032908402   0.0086462983
   1.0819999964   0.0085988920   0.0032605521   0.0085840190
   1.0839999964   0.0085318961   0.0032179163   0.0085181390
   1.0859999964   0.0084975248   0.0031828957   0.0084849914
   1.0879999963   0.0085212750   0.0031730477   0.0085100682
   1.0899999963   0.0086096857   0.0031981417   0.0085998889
   1.0919999963   0.0087478255   0.0032570017   0.0087394904
   1.0939999963   0.0089033099   0.0033376138   0.0088964484
   1.0959999963   0.0090357852   0.0034205642   0.0090303678
   1.0979999963   0.0091091126   0.0034848486   0.0091050723
   1.0999999963   0.0091025914   0.0035143280   0.0090998341
   1.1019999963   0.0090177790   0.0035028622   0.0090161978
   1.1039999963   0.0088787552   0.0034565152   0.0088782474
   1.1059999963   0.0087256682   0.0033921074   0.0087261511
   1.1079999963   0.0086034766   0.0033325204   0.0086049008
   1.1099999963   0.0085493236   0.0033001852   0.0085516804
   1.1119999963   0.0085824497   0.0033107792   0.0085857722
   1.1139999963   0.0086998063   0.0033691137   0.0087041640
   1.1159999963   0.0088787869   0.0034685192   0.0088842737
   1.1179999962   0.0090862759   0.0035939369   0.0090929948
   1.1199999962   0.0092912302   0.0037277479   0.0092992756
   1.1219999962   0.0094768715   0.0038564955   0.0094863130
   1.1239999962   0.0096486532   0.0039763617   0.0096595225
   1.1259999962   0.0098354585   0.0040956497   0.0098477406
   1.1279999962   0.0100835730   0.0042334664   0.0100972038
   1.1299999962   0.0104452208   0.0044149945   0.0104600891
   1.1319999962   0.0109651312   0.0046648101   0.0109810850
   1.1339999962   0.0116692043   0.0050002978   0.0116860595
   1.1359999962   0.0125586726   0.0054271569   0.0125762215
   1.1379999962   0.0136114337   0.0059383171   0.0136294531
   1.1399999962   0.0147900084   0.0065165025   0.0148082650
   1.1419999962   0.0160535457   0.0071395587   0.0160717991
   1.1439999962   0.0173700967   0.0077868349   0.0173881019
   1.1459999962   0.0187253647   0.0084446395   0.0187428736
   1.1479999961   0.0201252918   0.0091091353   0.0201420571
   1.1499999961   0.0215917936   0.0097858721   0.0216075761
   1.1519999961   0.0231530715   0.0104862068   0.0231676513
   1.1539999961   0.0248315710   0.0112218021   0.0248447628
   1.1559999961   0.0266333196   0.0119989380   0.0266449907
   1.1579999961   0.0285418886   0.0128143815   0.0285519768
   1.1599999961   0.0305187674   0.0136540427   0.0305272955
   1.1619999961   0.0325099747   0.0144947850   0.0325170586
   1.1639999961   0.0344568795   0.0153088177   0.0344627261
   1.1659999961   0.0363080063   0.0160693584   0.0363128999
   1.1679999961   0.0380284020   0.0167559201   0.0380326790
   1.1699999961   0.0396039668   0.0173577395   0.0396079803
   1.1719999961   0.0410397179   0.0178744414   0.0410437956
   1.1739999961   0.0423527772   0.0183138686   0.0423571791
   1.1759999961   0.0435624021   0.0186878264   0.0435672826
   1.1779999960   0.0446801692   0.0190070784   0.0446855500
   1.1799999960   0.0457032688   0.0192771048   0.0457090284
   1.1819999960   0.0466128504   0.0194958710   0.0466187314
   1.1839999960   0.0473777954   0.0196542208   0.0473834314
   1.1859999960   0.0479626694   0.0197387138   0.0479676283
   1.1879999960   0.0483373915   0.0197359955   0.0483412309
   1.1899999960   0.0484857034   0.0196373420   0.0484880305
   1.1919999960   0.0484099326   0.0194419875   0.0484104604
   1.1939999960   0.0481306801   0.0191582241   0.0481292731
   1.1959999960   0.0476815720   0.0188019444   0.0476782740
   1.1979999960   0.0471006381   0.0183930606   0.0470956776
   1.1999999960   0.0464208136   0.0179508537   0.0464145861
   1.2019999960   0.0456622381   0.0174895962   0.0456552661
   1.2039999960   0.0448284220   0.0170156717   0.0448212987
   1.2059999960   0.0439071731   0.0165269351   0.0439004958
   1.2079999959   0.0428757827   0.0160143749   0.0428700847
   1.2099999959   0.0417087837   0.0154654744   0.0417044740
   1.2119999959   0.0403859506   0.0148682128   0.0403832681
   1.2139999959   0.0388982739   0.0142145408   0.0388972622
   1.2159999959   0.0372503610   0.0135024053   0.0372508673
   1.2179999959   0.0354588414   0.0127358986   0.0354605387
   1.2199999959   0.0335475399   0.0119236927   0.0335499695
   1.2219999959   0.0315410644   0.0110764072   0.0315436938
   1.2239999959   0.0294588089   0.0102038116   0.0294610967
   1.2259999959   0.0273111095   0.0093127252   0.0273125708
   1.2279999959   0.0250985501   0.0084061846   0.0250988126
   1.2299999959   0.0228144231   0.0074840204   0.0228132694
   1.2319999959   0.0204494370   0.0065445516   0.0204468265
   1.2339999959   0.0179971657   0.0055868014   0.0179932355
   1.2359999958   0.0154586192   0.0046125328   0.0154536629
   1.2379999958   0.0128446603   0.0036275044   0.0128390887
   1.2399999958   0.0101756760   0.0026416068   0.0101699644
   1.2419999958   0.0074787066   0.0016678700   0.0074733345
   1.2439999958   0.0047829132   0.0007206318   0.0047783049
   1.2459999958   0.0021146571  -0.0001866383   0.0021111295
   1.2479999958  -0.0005065212  -0.0010433113  -0.0005087967
   1.2499999958  -0.0030700508  -0.0018429002  -0.0030710683
   1.2519999958  -0.0055741825  -0.0025834187  -0.0055741004
   1.2539999958  -0.0080237274  -0.0032667641  -0.0080228457
   1.2559999958  -0.0104263736  -0.0038973262  -0.0104250937
   1.2579999958  -0.0127885734  -0.0044801864  -0.0127873441
   1.2599999958  -0.0151120219  -0.0050193370  -0.0151112792
   1.2619999958  -0.0173915340  -0.0055163127  -0.0173916420
   1.2639999958  -0.0196147375  -0.0059694968  -0.0196159392
   1.2659999957  -0.0217635487  -0.0063741910  -0.0217659323
   1.2679999957  -0.0238169855  -0.0067233566  -0.0238204726
   1.2699999957  -0.0257545969  -0.0070087959  -0.0257589529
   1.2719999957  -0.0275596881  -0.0072224669  -0.0275645556
   1.2739999957  -0.0292216123  -0.0073576244  -0.0292265617
   1.2759999957  -0.0307366411  -0.0074095424  -0.0307412327
   1.2779999957  -0.0321072648  -0.0073756782  -0.0321111123
   1.2799999957  -0.0333401282  -0.0072552610  -0.0333429559
   1.2819999957  -0.0344431165  -0.0070484044  -0.0344448003
   1.2839999957  -0.0354222966  -0.0067549435  -0.0354228828
   1.2859999957  -0.0362794603  -0.0063732635  -0.0362791599
   1.2879999957  -0.0370108981  -0.0058994086  -0.0370100552
   1.2899999957  -0.0376077592  -0.0053267366  -0.0376068002
   1.2919999957  -0.0380579918  -0.0046462916  -0.0380573620
   1.2939999957  -0.0383494704  -0.0038479268  -0.0383495676
   1.2959999956  -0.0384735952  -0.0029220333  -0.0384747121
   1.2979999956  -0.0384284850  -0.0018615639  -0.0384307687
   1.2999999956  -0.0382209349  -0.0006639303  -0.0382243715
   1.3019999956  -0.0378665847   0.0006676452  -0.0378710113
   1.3039999956  -0.0373881904   0.0021236251  -0.0373933329
   1.3059999956  -0.0368124064   0.0036885675  -0.0368179378
   1.3079999956  -0.0361659172   0.0053422571  -0.0361715267
   1.3099999956  -0.0354719748   0.0070611289  -0.0354774363
   1.3119999956  -0.0347483118   0.0088194671  -0.0347535398
   1.3139999956  -0.0340070141   0.0105899364  -0.0340120980
   1.3159999956  -0.0332563515   0.0123432464  -0.0332615613
   1.3179999956  -0.0325039460   0.0140470837  -0.0325097080
   1.3199999956  -0.0317602120   0.0156647552  -0.0317670577
   1.3219999956  -0.0310408739   0.0171541628  -0.0310493702
   1.3239999956  -0.0303676233   0.0184676987  -0.0303782951
   1.3259999955  -0.0297665431   0.0195534183  -0.0297797999
   1.3279999955  -0.0292646319   0.0203574749  -0.0292807116
   1.3299999955  -0.0288853824   0.0208274325  -0.0289043195
   1.3319999955  -0.0286446880   0.0209158100  -0.0286663122
   1.3339999955  -0.0285482726   0.0205831624  -0.0285722369
   1.3359999955  -0.0285913783   0.0198001712  -0.0286172114
   1.3379999955  -0.0287607462   0.0185485365  -0.0287879202
   1.3399999955  -0.0290382363   0.0168208194  -0.0290662382
   1.3419999955  -0.0294049550   0.0146196583  -0.0294333507
   1.3439999955  -0.0298446647   0.0119568725  -0.0298731453
   1.3459999955  -0.0303455418   0.0088528742  -0.0303739461
   1.3479999955  -0.0308999272   0.0053365628  -0.0309282388
   1.3499999955  -0.0315023690   0.0014455877  -0.0315306904
   1.3519999955  -0.0321467803  -0.0027733589  -0.0321752906
   1.3539999955  -0.0328237550  -0.0072646507  -0.0328526618
   1.3559999954  -0.0335189650  -0.0119645950  -0.0335484586
   1.3579999954  -0.0342131534  -0.0168032289  -0.0342433735
   1.3599999954  -0.0348837093  -0.0217069683  -0.0349147287
   1.3619999954  -0.0355073318  -0.0266018296  -0.0355391605
   1.3639999954  -0.0360630147  -0.0314168263  -0.0360956201
   1.3659999954  -0.0365345648  -0.0360871364  -0.0365679028
   1.3679999954  -0.0369120841  -0.0405567182  -0.0369461323
   1.3699999954  -0.0371921908  -0.0447801792  -0.0372269748
   1.3719999954  -0.0373771046  -0.0487238267  -0.0374127096
   1.3739999954  -0.0374729681  -0.0523659164  -0.0375095306
   1.3759999954  -0.0374878727  -0.0556961686  -0.0375255537
   1.3779999954  -0.0374300126  -0.0587146427  -0.0374689537
   1.3799999954  -0.0373062535  -0.0614300803  -0.0373465269
   1.3819999954  -0.0371212573  -0.0638578513  -0.0371628169
   1.3839999954  -0.0368771770  -0.0660176720  -0.0369198239
   1.3859999953  -0.0365738735  -0.0679312877  -0.0366172436
   1.3879999953  -0.0362095663  -0.0696203179  -0.0362531444
   1.3899999953  -0.0357818023  -0.0711044230  -0.0358249658
   1.3919999953  -0.0352885871  -0.0723998855  -0.0353306714
   1.3939999953  -0.0347294642  -0.0735186170  -0.0347698422
   1.3959999953  -0.0341062904  -0.0744675308  -0.0341444527
   1.3979999953  -0.0334234695  -0.0752481924  -0.0334590921
   1.3999999953  -0.0326875008  -0.0758566765  -0.0327204872
   1.4019999953  -0.0319058702  -0.0762836152  -0.0319363613
   1.4039999953  -0.0310855193  -0.0765144965  -0.0311138663
   1.4059999953  -0.0302313013  -0.0765303181  -0.0302580049
   1.4079999953  -0.0293449005  -0.0763087132  -0.0293705262
   1.4099999953  -0.0284246152  -0.0758256046  -0.0284496957
   1.4119999953  -0.0274661783  -0.0750573450  -0.0274911199
   1.4139999953  -0.0264644849  -0.0739831749  -0.0264894912
   1.4159999952  -0.0254157967  -0.0725877174  -0.0254408226
   1.4179999952  -0.0243198082  -0.0708631679  -0.0243445516
   1.4199999952  -0.0231809606  -0.0688108444  -0.0232048925
   1.4219999952  -0.0220085793  -0.0664418429  -0.0220310082
   1.4239999952  -0.0208157500  -0.0637766810  -0.0208359104
   1.4259999952  -0.0196172194  -0.0608439778  -0.0196343712
   1.4279999952  -0.0184269026  -0.0576783706  -0.0184404255
   1.4299999952  -0.0172556904  -0.0543179813  -0.0172651598
   1.4319999952  -0.0161101508  -0.0508017868  -0.0161153850
   1.4339999952  -0.0149924360  -0.0471672226  -0.0149935066
   1.4359999952  -0.0139013292  -0.0434482592  -0.0138985359
   1.4379999952  -0.0128340294  -0.0396740702  -0.0128278434
   1.4399999952  -0.0117880711  -0.0358682958  -0.0117790568
   1.4419999952  -0.0107627819  -0.0320488159  -0.0107515091
   1.4439999952  -0.0097598785  -0.0282279169  -0.0097468389
   1.4459999951  -0.0087831210  -0.0244127515  -0.0087686605
   1.4479999951  -0.0078372698  -0.0206060460  -0.0078215463
   1.4499999951  -0.0069268124  -0.0168070628  -0.0069097842
   1.4519999951  -0.0060549757  -0.0130128525  -0.0060364202
   1.4539999951  -0.0052234019  -0.0092198080  -0.0052029608
   1.4559999951  -0.0044326026  -0.0054254656  -0.0044098447
   1.4579999951  -0.0036830116  -0.0016303978  -0.0036575049
   1.4599999951  -0.0029762380   0.0021600384  -0.0029476182
   1.4619999951  -0.0023160499   0.0059343779  -0.0022840767
   1.4639999951  -0.0017087124   0.0096743967  -0.0016733072
   1.4659999951  -0.0011625298   0.0133552834  -0.0011237887
   1.4679999951  -0.0006866961   0.0169466408  -0.0006448795
   1.4699999951  -0.0002897761   0.0204141758  -0.0002452770
   1.4719999951   0.0000217713   0.0237218245   0.0000684743
   1.4739999951   0.0002446609   0.0268340098   0.0002930596
   1.4759999950   0.0003792261   0.0297177440   0.0004288388
   1.4779999950   0.0004292209   0.0323443588   0.0004796421
   1.4799999950   0.0004011261   0.0346907290   0.0004520631
   1.4819999950   0.0003031852   0.0367399400   0.0003544782
   1.4839999950   0.0001443952   0.0384814008   0.0001960183
   1.4859999950  -0.0000663993   0.0399104418  -0.0000143544
   1.4879999950  -0.0003212387   0.0410274551  -0.0002685951
   1.4899999950  -0.0006135950   0.0418366651  -0.0005601325
   1.4919999950  -0.0009387192   0.0423446588  -0.0008842220
   1.4939999950  -0.0012937438   0.0425588501  -0.0012380450
   1.4959999950  -0.0016774601   0.0424860905  -0.0016204789
   1.4979999950  -0.0020897011   0.0421316388  -0.0020314662
   1.4999999950  -0.0025303335   0.0414986596  -0.0024709891
   1.5019999950  -0.0029979876   0.0405883306  -0.0029377813
   1.5039999949  -0.0034887822   0.0394005306  -0.0034280363
   1.5059999949  -0.0039953775   0.0379349769  -0.0039344468
   1.5079999949  -0.0045066564   0.0361926232  -0.0044458800
   1.5099999949  -0.0050082009   0.0341771183  -0.0049478551
   1.5119999949  -0.0054835063   0.0318961729  -0.0054237655
   1.5139999949  -0.0059156587   0.0293627476  -0.0058565727
   1.5159999949  -0.0062890557   0.0265960385  -0.0062305459
   1.5179999949  -0.0065907376   0.0236222611  -0.0065326148
   1.5199999949  -0.0068110345   0.0204752165  -0.0067530346
   1.5219999949  -0.0069434679   0.0171965680  -0.0068853013
   1.5239999949  -0.0069841017   0.0138356972  -0.0069255075
   1.5259999949  -0.0069307143   0.0104489753  -0.0068715108
   1.5279999949  -0.0067822052   0.0070983098  -0.0067223274
   1.5299999949  -0.0065385304   0.0038489073  -0.0064780491
   1.5319999949  -0.0062012374   0.0007663272  -0.0061403553
   1.5339999948  -0.0057744147  -0.0020869558  -0.0057134401
   1.5359999948  -0.0052656845  -0.0046551455  -0.0052049877
   1.5379999948  -0.0046868174  -0.0068924790  -0.0046267758
   1.5399999948  -0.0040536465  -0.0087659691  -0.0039945892
   1.5419999948  -0.0033851779  -0.0102572467  -0.0033273369
   1.5439999948  -0.0027020422  -0.0113633513  -0.0026455212
   1.5459999948  -0.0020246360  -0.0120964631  -0.0019693994
   1.5479999948  -0.0013713761  -0.0124826869  -0.0013172618
   1.5499999948  -0.0007574315  -0.0125600754  -0.0007041842
   1.5519999948  -0.0001941247  -0.0123761000  -0.0001414438
   1.5539999948   0.0003110228  -0.0119847639   0.0003634282
   1.5559999948   0.0007538028  -0.0114435205   0.0008061629
   1.5579999948   0.0011326817  -0.0108101344   0.0011851259
   1.5599999948   0.0014482668  -0.0101396195   0.0015008036
   1.5619999948   0.0017030211  -0.0094814032   0.0017555396
   1.5639999947   0.0019012066  -0.0088768899   0.0019535005
   1.5659999947   0.0020489220  -0.0083576066   0.0021007309
   1.5679999947   0.0021540441  -0.0079440922   0.0022051046
   1.5699999947   0.0022259316  -0.0076456324   0.0022760289
   1.5719999947   0.0022748494  -0.0074608523   0.0023238597
   1.5739999947   0.0023111954  -0.0073790745   0.0023591108
   1.5759999947   0.0023446879  -0.0073822641   0.0023916193
   1.5779999947   0.0023836874  -0.0074473275   0.0024298454
   1.5799999947   0.0024347651  -0.0075485228   0.0024804211
   1.5819999947   0.0025025326  -0.0076597720   0.0025479689
   1.5839999947   0.0025896574  -0.0077567125   0.0026351160
   1.5859999947   0.0026969514  -0.0078183853   0.0027425900
   1.5879999947   0.0028234387  -0.0078284951   0.0028693046
   1.5899999947   0.0029663900  -0.0077762018   0.0030124143
   1.5919999947   0.0031213910  -0.0076564226   0.0031674065
   1.5939999946   0.0032825642  -0.0074696400   0.0033283407
   1.5959999946   0.0034430418  -0.0072212495   0.0034883331
   1.5979999946   0.0035957040  -0.0069205285   0.0036402963
   1.5999999946   0.0037340776  -0.0065793655   0.0037778301
   1.6019999946   0.0038531907  -0.0062109238   0.0038960610
   1.6039999946   0.0039501499  -0.0058284258   0.0039921995
   1.6059999946   0.0040242651  -0.0054442015   0.0040656456
   1.6079999946   0.0040766865  -0.0050690782   0.0041176101
   1.6099999946   0.0041096821  -0.0047120979   0.0041503830
   1.6119999946   0.0041258107  -0.0043804740   0.0041665064
   1.6139999946   0.0041272840  -0.0040796611   0.0041681436
   1.6159999946   0.0041157372  -0.0038134166   0.0041568628
   1.6179999946   0.0040924711  -0.0035837840   0.0041338942
   1.6199999946   0.0040590409  -0.0033909928   0.0041007344
   1.6219999946   0.0040179261  -0.0032333371   0.0040598273
   1.6239999945   0.0039729732  -0.0031071234   0.0040150121
   1.6259999945   0.0039293729  -0.0030067753   0.0039715008
   1.6279999945   0.0038931008  -0.0029251433   0.0039353123
   1.6299999945   0.0038699382  -0.0028540075   0.0039122840
   1.6319999945   0.0038643441  -0.0027847124   0.0039069315
   1.6339999945   0.0038785040  -0.0027088399   0.0039214869
   1.6359999945   0.0039118254  -0.0026188280   0.0039553857
   1.6379999945   0.0039610070  -0.0025084701   0.0040053316
   1.6399999945   0.0040206325  -0.0023732688   0.0040658894
   1.6419999945   0.0040840953  -0.0022106551   0.0041304140
   1.6439999945   0.0041445941  -0.0020201054   0.0041920522
   1.6459999945   0.0041959648  -0.0018031842   0.0042445832
   1.6479999945   0.0042332157  -0.0015635255   0.0042829624
   1.6499999945   0.0042527577  -0.0013067339   0.0043035588
   1.6519999945   0.0042524225  -0.0010401678   0.0043041775
   1.6539999944   0.0042314036  -0.0007725626   0.0042840033
   1.6559999944   0.0041902281  -0.0005134691   0.0042435697
   1.6579999944   0.0041307887  -0.0002725179   0.0041847867
   1.6599999944   0.0040563846  -0.0000585647   0.0041109753
   1.6619999944   0.0039716632   0.0001211881   0.0040268029
   1.6639999944   0.0038823641   0.0002619792   0.0039380207
   1.6659999944   0.0037948175   0.0003620730   0.0038509604
   1.6679999944   0.0037152478   0.0004230534   0.0037718362
   1.6699999944   0.0036490051   0.0004497855   0.0037059805
   1.6719999944   0.0035998939   0.0004500485   0.0036571775
   1.6739999944   0.0035697411   0.0004338807   0.0036272380
   1.6759999944   0.0035582809   0.0004127086   0.0036158905
   1.6779999944   0.0035633353   0.0003983368   0.0036209665
   1.6799999944   0.0035811977   0.0004018811   0.0036387859
   1.6819999944   0.0036070922   0.0004327255   0.0036646157
   1.6839999943   0.0036356068   0.0004975856   0.0036931012
   1.6859999943   0.0036610607   0.0005997681   0.0037186284
   1.6879999943   0.0036778338   0.0007387167   0.0037356515
   1.6899999943   0.0036807290   0.0009099254   0.0037390529
   1.6919999943   0.0036654248   0.0011052694   0.0037245955
   1.6939999943   0.0036290148   0.0013137542   0.0036894646
   1.6959999943   0.0035705512   0.0015226196   0.0036328130
   1.6979999943   0.0034914370   0.0017186754   0.0035561556
   1.6999999943   0.0033955048   0.0018897012   0.0034634475
   1.7019999943   0.0032886697   0.0020257336   0.0033607352
   1.7039999943   0.0031781598   0.0021200856   0.0032553815
   1.7059999943   0.0030714553   0.0021699927   0.0031549973
   1.7079999943   0.0029751650   0.0021768429   0.0030663107
   1.7099999943   0.0028941011   0.0021460011   0.0029942356
   1.7119999943   0.0028307550   0.0020862793   0.0029413418
   1.7139999942   0.0027852552   0.0020091194   0.0029078125
   1.7159999942   0.0027557471   0.0019275592   0.0028918238
   1.7179999942   0.0027390171   0.0018550497   0.0028901717
   1.7199999942   0.0027311418   0.0018041954   0.0028989235
   1.7219999942   0.0027279802   0.0017855066   0.0029139114
   1.7239999942   0.0027254292   0.0018062714   0.0029309861
   1.7259999942   0.0027194814   0.0018696791   0.0029460706
   1.7279999942   0.0027062162   0.0019743231   0.0029551433
   1.7299999942   0.0026818758   0.0021141887   0.0029543068
   1.7319999942   0.0026431344   0.0022791793   0.0029400492
   1.7339999942   0.0025875639   0.0024561522   0.0029097050
   1.7359999942   0.0025141944   0.0026303622   0.0028620147
   1.7379999942   0.0024239926   0.0027871341   0.0027976082
   1.7399999942   0.0023200781   0.0029135491   0.0027192296
   1.7419999942   0.0022075559   0.0029999246   0.0026315839
   1.7439999941   0.0020929545   0.0030409012   0.0025407908
   1.7459999941   0.0019833698   0.0030360108   0.0024535444
   1.7479999941   0.0018854961   0.0029896765   0.0023761602
   1.7499999941   0.0018047428   0.0029106681   0.0023137037
   1.7519999941   0.0017445974   0.0028110979   0.0022693609
   1.7539999941   0.0017063088   0.0027050829   0.0022441267
   1.7559999941   0.0016888860   0.0026072230   0.0022368037
   1.7579999941   0.0016893375   0.0025310476   0.0022442397
   1.7599999941   0.0017030644   0.0024875839   0.0022617178
   1.7619999941   0.0017243355   0.0024841851   0.0022834298
   1.7639999941   0.0017468168   0.0025237396   0.0023030041
   1.7659999941   0.0017641535   0.0026043527   0.0023140906
   1.7679999941   0.0017706099   0.0027195527   0.0023110053
   1.7699999941   0.0017617373   0.0028590128   0.0022894046
   1.7719999940   0.0017349916   0.0030097195   0.0022469101
   1.7739999940   0.0016901772   0.0031574522   0.0021835572
   1.7759999940   0.0016295859   0.0032883915   0.0021019343
   1.7779999940   0.0015577411   0.0033906511   0.0020069223
   1.7799999940   0.0014807454   0.0034555455   0.0019050291
   1.7819999940   0.0014053350   0.0034784466   0.0018034246
   1.7839999940   0.0013378330   0.0034591557   0.0017088690
   1.7859999940   0.0012832298   0.0034017840   0.0016267663
   1.7879999940   0.0012445861   0.0033141992   0.0015605409
   1.7899999940   0.0012228593   0.0032071325   0.0015114433
   1.7919999940   0.0012171324   0.0030930556   0.0014787659
   1.7939999940   0.0012251131   0.0029849326   0.0014603395
   1.7959999940   0.0012437153   0.0028949454   0.0014531220
   1.7979999940   0.0012695451   0.0028332821   0.0014536991
   1.7999999940   0.0012991878   0.0028070845   0.0014585924
   1.8019999939   0.0013292974   0.0028196512   0.0014643687
   1.8039999939   0.0013565780   0.0028699985   0.0014676387
   1.8059999939   0.0013777904   0.0029528608   0.0014650742
   1.8079999939   0.0013898954   0.0030591727   0.0014535542
   1.8099999939   0.0013903716   0.0031770152   0.0014304789
   1.8119999939   0.0013776506   0.0032929367   0.0013941966
   1.8139999939   0.0013515400   0.0033934943   0.0013444192
   1.8159999939   0.0013134792   0.0034668195   0.0012824744
   1.8179999939   0.0012665111   0.0035040045   0.0012112814
   1.8199999939   0.0012149350   0.0035001302   0.0011350160
   1.8219999939   0.0011637015   0.0034548134   0.0010585272
   1.8239999939   0.0011176880   0.0033722203   0.0009866376
   1.8259999939   0.0010810161   0.0032605612   0.0009234858
   1.8279999939   0.0010565461   0.0031311416   0.0008720410
   1.8299999939   0.0010456210   0.0029970877   0.0008338551
   1.8319999938   0.0010480512   0.0028718874   0.0008090442
   1.8339999938   0.0010622801   0.0027679002   0.0007964360
   1.8359999938   0.0010856483   0.0026949897   0.0007938055
   1.8379999938   0.0011146905   0.0026594230   0.0007981375
   1.8399999938   0.0011454421   0.0026631603   0.0008058970
   1.8419999938   0.0011737615   0.0027036262   0.0008133218
   1.8439999938   0.0011956923   0.0027740040   0.0008167626
   1.8459999938   0.0012078686   0.0028640354   0.0008130789
   1.8479999938   0.0012079289   0.0029612383   0.0008000538
   1.8499999938   0.0011948630   0.0030523994   0.0007767492
   1.8519999938   0.0011691969   0.0031251487   0.0007437057
   1.8539999938   0.0011329395   0.0031694144   0.0007029033
   1.8559999938   0.0010892668   0.0031785686   0.0006574569
   1.8579999938   0.0010419912   0.0031501280   0.0006110932
   1.8599999938   0.0009949297   0.0030859362   0.0005675202
   1.8619999937   0.0009513174   0.0029918344   0.0005298392
   1.8639999937   0.0009133999   0.0028768901   0.0005001331
   1.8659999937   0.0008822818   0.0027523009   0.0004793110
   1.8679999937   0.0008580282   0.0026301158   0.0004672106
   1.8699999937   0.0008399449   0.0025219157   0.0004628813
   1.8719999937   0.0008269180   0.0024375847   0.0004649331
   1.8739999937   0.0008176955   0.0023842815   0.0004718322
   1.8759999937   0.0008110413   0.0023657015   0.0004820721
   1.8779999937   0.0008057525   0.0023816968   0.0004942108
   1.8799999937   0.0008005946   0.0024282967   0.0005068250
   1.8819999937   0.0007942375   0.0024981421   0.0005184622
   1.8839999937   0.0007852668   0.0025813017   0.0005276630
   1.8859999937   0.0007723048   0.0026663958   0.0005330837
   1.8879999937   0.0007542171   0.0027419046   0.0005336954
   1.8899999937   0.0007303405   0.0027975047   0.0005289927
   1.8919999936   0.0007006502   0.0028252661   0.0005191329
   1.8939999936   0.0006658063   0.0028205562   0.0005049478
   1.8959999936   0.0006270631   0.0027825392   0.0004878170
   1.8979999936   0.0005860703   0.0027142153   0.0004694377
   1.8999999936   0.0005446300   0.0026220082   0.0004515599
   1.9019999936   0.0005044722   0.0025149649   0.0004357544
   1.9039999936   0.0004670903   0.0024036739   0.0004232562
   1.9059999936   0.0004336403   0.0022990299   0.0004148850
   1.9079999936   0.0004048814   0.0022109855   0.0004110154
   1.9099999936   0.0003811260   0.0021474232   0.0004115589
   1.9119999936   0.0003621891   0.0021132704   0.0004159398
   1.9139999936   0.0003473555   0.0021099612   0.0004230791
   1.9159999936   0.0003354120   0.0021353131   0.0004314309
   1.9179999936   0.0003247928   0.0021838460   0.0004391215
   1.9199999936   0.0003138563   0.0022475141   0.0004442132
   1.9219999935   0.0003012563   0.0023167599   0.0004450651
   1.9239999935   0.0002863163   0.0023817482   0.0004407043
   1.9259999935   0.0002692824   0.0024336007   0.0004310888
   1.9279999935   0.0002513449   0.0024654515   0.0004171524
   1.9299999935   0.0002343795   0.0024731719   0.0004005814
   1.9319999935   0.0002204517   0.0024556771   0.0003833569
   1.9339999935   0.0002112176   0.0024148026   0.0003671901
   1.9359999935   0.0002074071   0.0023548151   0.0003530260
   1.9379999935   0.0002085648   0.0022816772   0.0003407875
   1.9399999935   0.0002131518   0.0022022095   0.0003294589
   1.9419999935   0.0002189929   0.0021232823   0.0003174972
   1.9439999935   0.0002239365   0.0020511321   0.0003034449
   1.9459999935   0.0002265141   0.0019908501   0.0002865395
   1.9479999935   0.0002263825   0.0019460435   0.0002671091
   1.9499999935   0.0002243965   0.0019186464   0.0002466113
   1.9519999934   0.0002222857   0.0019088489   0.0002272886
   1.9539999934   0.0002220431   0.0019151294   0.0002115500
   1.9559999934   0.0002252300   0.0019343933   0.0002012794
   1.9579999934   0.0002324318   0.0019622352   0.0001972996
   1.9599999934   0.0002430437   0.0019933404   0.0001991683
   1.9619999934   0.0002554517   0.0020220196   0.0002053673
   1.9639999934   0.0002675376   0.0020428360   0.0002138118
   1.9659999934   0.0002773290   0.0020512480   0.0002225025
   1.9679999934   0.0002835719   0.0020441690   0.0002300977
   1.9699999934   0.0002860359   0.0020203447   0.0002362203
   1.9719999934   0.0002854627   0.0019804782   0.0002414089
   1.9739999934   0.0002831914   0.0019270779   0.0002467501
   1.9759999934   0.0002806023   0.0018640614   0.0002533313
   1.9779999934   0.0002785720   0.0017961925   0.0002617086
   1.9799999934   0.0002771205   0.0017284576   0.0002715680
   1.9819999933   0.0002753503   0.0016654846   0.0002816806
   1.9839999933   0.0002716819   0.0016110865   0.0002901545
   1.9859999933   0.0002642898   0.0015679715   0.0002948881
   1.9879999933   0.0002515966   0.0015376239   0.0002940804
   1.9899999933   0.0002326800   0.0015203311   0.0002866514
   1.9919999933   0.0002074973   0.0015153138   0.0002724748
   1.9939999933   0.0001769013   0.0015209209   0.0002523934
   1.9959999933   0.0001424849   0.0015348550   0.0002280541
   1.9979999933   0.0001063286   0.0015544098   0.0002016347
   1.9999999933   0.0000707257   0.0015767059   0.0001755392
   2.0019999933   0.0000379332   0.0015989155   0.0001521159
   2.0039999933   0.0000099637   0.0016184673   0.0001334163
   2.0059999933  -0.0000115933   0.0016332166   0.0001209927
   2.0079999933  -0.0000257329   0.0016415713   0.0001157262
   2.0099999933  -0.0000321733   0.0016425657   0.0001176929
   2.0119999932  -0.0000314444   0.0016358836   0.0001260966
   2.0139999932  -0.0000248786   0.0016218370   0.0001393091
   2.0159999932  -0.0000144660   0.0016013124   0.0001550505
   2.0179999932  -0.0000025657   0.0015756943   0.0001707107
   2.0199999932   0.0000084907   0.0015467695   0.0001837673
   2.0219999932   0.0000168221   0.0015166103   0.0001922177
   2.0239999932   0.0000213447   0.0014874290   0.0001949211
   2.0259999932   0.0000219516   0.0014613993   0.0001917640
   2.0279999932   0.0000194736   0.0014404472   0.0001836043
   2.0299999932   0.0000154328   0.0014260291   0.0001720109
   2.0319999932   0.0000116564   0.0014189253   0.0001588740
   2.0339999932   0.0000098604   0.0014190904   0.0001459949
   2.0359999932   0.0000113111   0.0014255963   0.0001347641
   2.0379999932   0.0000166461   0.0014366973   0.0001260031
   2.0399999931   0.0000258819   0.0014500223   0.0001199902
   2.0419999931   0.0000385764   0.0014628769   0.0001166326
   2.0439999931   0.0000540739   0.0014726105   0.0001157070
   2.0459999931   0.0000717422   0.0014769888   0.0001170757
   2.0479999931   0.0000911230   0.0014745070   0.0001208042
   2.0499999931   0.0001119562   0.0014645882   0.0001271436
   2.0519999931   0.0001340771   0.0014476307   0.0001363844
   2.0539999931   0.0001572297   0.0014248994   0.0001486326
   2.0559999931   0.0001808595   0.0013982826   0.0001635757
   2.0579999931   0.0002039540   0.0013699627   0.0001803102
   2.0599999931   0.0002249870   0.0013420622   0.0001972857
   2.0619999931   0.0002419948   0.0013163314   0.0002123930
   2.0639999931   0.0002527871   0.0012939314   0.0002231940
   2.0659999931   0.0002552647   0.0012753504   0.0002272621
   2.0679999931   0.0002477941   0.0012604585   0.0002225801
   2.0699999930   0.0002295736   0.0012486853   0.0002079293
   2.0719999930   0.0002009187   0.0012392725   0.0001831935
   2.0739999930   0.0001633974   0.0012315426   0.0001495126
   2.0759999930   0.0001197696   0.0012251179   0.0001092359
   2.0779999930   0.0000737135   0.0012200360   0.0000656607
   2.0799999930   0.0000293693   0.0012167292   0.0000225847
   2.0819999930  -0.0000092266   0.0012158709  -0.0000162520
   2.0839999930  -0.0000387085   0.0012181215  -0.0000477298
   2.0859999930  -0.0000568322   0.0012238364  -0.0000697956
   2.0879999930  -0.0000627141   0.0012328087  -0.0000816977
   2.0899999930  -0.0000568125   0.0012441164  -0.0000839597
   2.0919999930  -0.0000406710   0.0012561166  -0.0000781154
   2.0939999930  -0.0000165073   0.0012666001  -0.0000662870
   2.0959999930   0.0000132311   0.0012730788  -0.0000507316
   2.0979999930   0.0000462223   0.0012731518  -0.0000334814
   2.0999999929   0.0000804539   0.0012648801  -0.0000161632
   2.1019999929   0.0001142171   0.0012471041  -0.0000000197
   2.1039999929   0.0001459630   0.0012196522   0.0000139204
   2.1059999929   0.0001741214   0.0011834168   0.0000246254
   2.1079999929   0.0001969920   0.0011402956   0.0000309112
   2.1099999929   0.0002127865   0.0010930164   0.0000314462
   2.1119999929   0.0002198395   0.0010448725   0.0000249330
   2.1139999929   0.0002169344   0.0009993982   0.0000104215
   2.1159999929   0.0002036456   0.0009600105  -0.0000123481
   2.1179999929   0.0001805795   0.0009296453  -0.0000426870
   2.1199999929   0.0001494299   0.0009104164  -0.0000788786
   2.1219999929   0.0001128185   0.0009033314  -0.0001183125
   2.1239999929   0.0000739545   0.0009081061  -0.0001578056
   2.1259999929   0.0000362013   0.0009231129  -0.0001940291
   2.1279999929   0.0000026466   0.0009454936  -0.0002239436
   2.1299999928  -0.0000242377   0.0009714400  -0.0002451566
