   0.0000000000   0.0000000000   0.0000000000   0.0000000000
   0.0050000000   0.0000000000   0.0000000000   0.0000000000
   0.0100000000   0.0000000000   0.0000000000   0.0000000000
   0.0149999999   0.0000000000   0.0000000000   0.0000000000
   0.0199999999   0.0000000000   0.0000000000   0.0000000000
   0.0249999999   0.0000000000   0.0000000000   0.0000000000
   0.0299999999   0.0000000000   0.0000000000   0.0000000000
   0.0349999999   0.0000000000   0.0000000000   0.0000000000
   0.0399999999   0.0000000000   0.0000000000   0.0000000000
   0.0449999998   0.0000000000   0.0000000000   0.0000000000
   0.0499999998   0.0000000000   0.0000000000   0.0000000000
   0.0549999998   0.0000000000   0.0000000000   0.0000000000
   0.0599999998   0.0000000000   0.0000000000   0.0000000000
   0.0649999998   0.0000000000   0.0000000000   0.0000000000
   0.0699999998   0.0000000000   0.0000000000   0.0000000000
   0.0749999997   0.0000000000   0.0000000000   0.0000000000
   0.0799999997   0.0000000000   0.0000000000   0.0000000000
   0.0849999997   0.0000000000   0.0000000000   0.0000000000
   0.0899999997   0.0000000000   0.0000000000   0.0000000000
   0.0949999997  -0.0000000000   0.0000000000  -0.0000000000
   0.0999999997  -0.0000000000   0.0000000000  -0.0000000000
   0.1049999996  -0.0000000000   0.0000000000  -0.0000000000
   0.1099999996  -0.0000000000   0.0000000000  -0.0000000000
   0.1149999996  -0.0000000000   0.0000000000  -0.0000000000
   0.1199999996  -0.0000000000   0.0000000000  -0.0000000000
   0.1249999996  -0.0000000000   0.0000000000  -0.0000000000
   0.1299999996  -0.0000000000   0.0000000000  -0.0000000000
   0.1349999995  -0.0000000000   0.0000000000  -0.0000000000
   0.1399999995  -0.0000000000   0.0000000000  -0.0000000000
   0.1449999995   0.0000000000   0.0000000000   0.0000000000
   0.1499999995   0.0000000000  -0.0000000000   0.0000000000
   0.1549999995   0.0000000000  -0.0000000000   0.0000000000
   0.1599999995   0.0000000000  -0.0000000000   0.0000000000
   0.1649999994   0.0000000000  -0.0000000000   0.0000000000
   0.1699999994   0.0000000000  -0.0000000000   0.0000000000
   0.1749999994   0.0000000000  -0.0000000000   0.0000000000
   0.1799999994   0.0000000000  -0.0000000000   0.0000000000
   0.1849999994   0.0000000000  -0.0000000000   0.0000000000
   0.1899999994   0.0000000000  -0.0000000000   0.0000000000
   0.1949999993   0.0000000000  -0.0000000000   0.0000000000
   0.1999999993   0.0000000000  -0.0000000000   0.0000000000
   0.2049999993   0.0000000000  -0.0000000000   0.0000000000
   0.2099999993   0.0000000000  -0.0000000000   0.0000000000
   0.2149999993   0.0000000000  -0.0000000000   0.0000000000
   0.2199999993   0.0000000000  -0.0000000000   0.0000000000
   0.2249999992   0.0000000000  -0.0000000000   0.0000000000
   0.2299999992   0.0000000000  -0.0000000000   0.0000000000
   0.2349999992   0.0000000000  -0.0000000000   0.0000000000
   0.2399999992   0.0000000000  -0.0000000000   0.0000000000
   0.2449999992   0.0000000000  -0.0000000000   0.0000000000
   0.2499999992   0.0000000000  -0.0000000000   0.0000000000
   0.2549999991   0.0000000000  -0.0000000000   0.0000000000
   0.2599999991   0.0000000000  -0.0000000000   0.0000000000
   0.2649999991   0.0000000000  -0.0000000000   0.0000000000
   0.2699999991   0.0000000000  -0.0000000000   0.0000000000
   0.2749999991   0.0000000000  -0.0000000000   0.0000000000
   0.2799999991   0.0000000000  -0.0000000000   0.0000000000
   0.2849999990   0.0000000000  -0.0000000000   0.0000000000
   0.2899999990   0.0000000000  -0.0000000000   0.0000000000
   0.2949999990   0.0000000000  -0.0000000000   0.0000000000
   0.2999999990   0.0000000000  -0.0000000000   0.0000000000
   0.3049999990   0.0000000000  -0.0000000000   0.0000000000
   0.3099999990   0.0000000000  -0.0000000000   0.0000000000
   0.3149999989   0.0000000000  -0.0000000000   0.0000000000
   0.3199999989   0.0000000000  -0.0000000000   0.0000000000
   0.3249999989   0.0000000000  -0.0000000000   0.0000000000
   0.3299999989   0.0000000000  -0.0000000000   0.0000000000
   0.3349999989   0.0000000000  -0.0000000000   0.0000000000
   0.3399999989   0.0000000000  -0.0000000000   0.0000000000
   0.3449999988   0.0000000000  -0.0000000000   0.0000000000
   0.3499999988   0.0000000000  -0.0000000000   0.0000000000
   0.3549999988   0.0000000000  -0.0000000000   0.0000000000
   0.3599999988   0.0000000000  -0.0000000000   0.0000000000
   0.3649999988   0.0000000000  -0.0000000000   0.0000000000
   0.3699999988   0.0000000000  -0.0000000000   0.0000000000
   0.3749999987   0.0000000000  -0.0000000000   0.0000000000
   0.3799999987   0.0000000000  -0.0000000000   0.0000000000
   0.3849999987   0.0000000000  -0.0000000000   0.0000000000
   0.3899999987   0.0000000000  -0.0000000000   0.0000000000
   0.3949999987   0.0000000000  -0.0000000000   0.0000000000
   0.3999999987   0.0000000000  -0.0000000000   0.0000000000
   0.4049999986   0.0000000000  -0.0000000000   0.0000000000
   0.4099999986   0.0000000000  -0.0000000000   0.0000000000
   0.4149999986   0.0000000000  -0.0000000000   0.0000000000
   0.4199999986   0.0000000000  -0.0000000000   0.0000000000
   0.4249999986   0.0000000000   0.0000000000   0.0000000000
   0.4299999986   0.0000000000   0.0000000000   0.0000000000
   0.4349999985  -0.0000000000   0.0000000000  -0.0000000000
   0.4399999985  -0.0000000000   0.0000000000  -0.0000000000
   0.4449999985  -0.0000000000   0.0000000000  -0.0000000000
   0.4499999985  -0.0000000000   0.0000000000  -0.0000000000
   0.4549999985  -0.0000000000   0.0000000000  -0.0000000000
   0.4599999985  -0.0000000000   0.0000000000  -0.0000000000
   0.4649999984  -0.0000000000   0.0000000000  -0.0000000000
   0.4699999984  -0.0000000000   0.0000000000  -0.0000000000
   0.4749999984  -0.0000000000   0.0000000000  -0.0000000000
   0.4799999984  -0.0000000000   0.0000000000  -0.0000000000
   0.4849999984  -0.0000000000   0.0000000000  -0.0000000000
   0.4899999984  -0.0000000000   0.0000000000  -0.0000000000
   0.4949999983  -0.0000000000   0.0000000000  -0.0000000000
   0.4999999983  -0.0000000000   0.0000000000  -0.0000000000
   0.5049999983  -0.0000000000   0.0000000000  -0.0000000000
   0.5099999983  -0.0000000000   0.0000000000  -0.0000000000
   0.5149999983  -0.0000000000   0.0000000000  -0.0000000000
   0.5199999983  -0.0000000000   0.0000000000  -0.0000000000
   0.5249999982  -0.0000000000   0.0000000000  -0.0000000000
   0.5299999982  -0.0000000000   0.0000000000  -0.0000000000
   0.5349999982  -0.0000000000   0.0000000000  -0.0000000000
   0.5399999982  -0.0000000000   0.0000000000  -0.0000000000
   0.5449999982  -0.0000000000   0.0000000000  -0.0000000000
   0.5499999982  -0.0000000000   0.0000000000  -0.0000000000
   0.5549999981  -0.0000000000   0.0000000000  -0.0000000000
   0.5599999981  -0.0000000000   0.0000000000  -0.0000000000
   0.5649999981  -0.0000000000   0.0000000000  -0.0000000000
   0.5699999981  -0.0000000000   0.0000000000  -0.0000000000
   0.5749999981  -0.0000000000   0.0000000000  -0.0000000000
   0.5799999981  -0.0000000000   0.0000000000  -0.0000000000
   0.5849999980  -0.0000000000   0.0000000000  -0.0000000000
   0.5899999980  -0.0000000000   0.0000000000  -0.0000000000
   0.5949999980  -0.0000000000   0.0000000000  -0.0000000000
   0.5999999980  -0.0000000000   0.0000000000  -0.0000000000
   0.6049999980  -0.0000000000   0.0000000000  -0.0000000000
   0.6099999980  -0.0000000000   0.0000000000  -0.0000000000
   0.6149999979  -0.0000000000   0.0000000000  -0.0000000000
   0.6199999979  -0.0000000000   0.0000000000  -0.0000000000
   0.6249999979  -0.0000000000   0.0000000000  -0.0000000000
   0.6299999979  -0.0000000000   0.0000000000  -0.0000000000
   0.6349999979  -0.0000000000   0.0000000000  -0.0000000000
   0.6399999979   0.0000000000   0.0000000000   0.0000000000
   0.6449999978   0.0000000000   0.0000000000   0.0000000000
   0.6499999978   0.0000000000   0.0000000000   0.0000000000
   0.6549999978   0.0000000000   0.0000000000   0.0000000000
   0.6599999978   0.0000000000   0.0000000000   0.0000000000
   0.6649999978   0.0000000000   0.0000000000   0.0000000000
   0.6699999978   0.0000000000   0.0000000000   0.0000000000
   0.6749999977   0.0000000000   0.0000000000   0.0000000000
   0.6799999977   0.0000000000   0.0000000000   0.0000000000
   0.6849999977   0.0000000000   0.0000000000   0.0000000000
   0.6899999977   0.0000000000   0.0000000000   0.0000000000
   0.6949999977   0.0000000000   0.0000000000   0.0000000000
   0.6999999976   0.0000000000   0.0000000000   0.0000000000
   0.7049999976   0.0000000000  -0.0000000000   0.0000000000
   0.7099999976   0.0000000000  -0.0000000000   0.0000000000
   0.7149999976   0.0000000000  -0.0000000000   0.0000000000
   0.7199999976   0.0000000000  -0.0000000000   0.0000000000
   0.7249999976  -0.0000000000  -0.0000000000  -0.0000000000
   0.7299999975  -0.0000000000  -0.0000000000  -0.0000000000
   0.7349999975  -0.0000000000  -0.0000000000  -0.0000000000
   0.7399999975  -0.0000000000  -0.0000000000  -0.0000000000
   0.7449999975  -0.0000000000  -0.0000000000  -0.0000000000
   0.7499999975  -0.0000000000  -0.0000000000  -0.0000000000
   0.7549999975  -0.0000000000  -0.0000000000  -0.0000000000
   0.7599999974  -0.0000000000  -0.0000000000  -0.0000000000
   0.7649999974  -0.0000000000  -0.0000000000  -0.0000000000
   0.7699999974  -0.0000000000   0.0000000000  -0.0000000000
   0.7749999974   0.0000000000   0.0000000000   0.0000000000
   0.7799999974   0.0000000000   0.0000000000   0.0000000000
   0.7849999974   0.0000000000   0.0000000000   0.0000000000
   0.7899999973   0.0000000000   0.0000000000   0.0000000000
   0.7949999973   0.0000000000   0.0000000000   0.0000000000
   0.7999999973   0.0000000000   0.0000000000   0.0000000000
   0.8049999973   0.0000000000   0.0000000000   0.0000000000
   0.8099999973   0.0000000000   0.0000000000   0.0000000000
   0.8149999973   0.0000000000   0.0000000000   0.0000000000
   0.8199999972   0.0000000000   0.0000000000   0.0000000000
   0.8249999972   0.0000000000   0.0000000000   0.0000000000
   0.8299999972   0.0000000000   0.0000000000   0.0000000000
   0.8349999972   0.0000000000   0.0000000000   0.0000000000
   0.8399999972   0.0000000000   0.0000000000   0.0000000000
   0.8449999972   0.0000000000   0.0000000000   0.0000000000
   0.8499999971   0.0000000000   0.0000000000   0.0000000000
   0.8549999971   0.0000000000   0.0000000000   0.0000000000
   0.8599999971   0.0000000000   0.0000000000   0.0000000000
   0.8649999971   0.0000000000   0.0000000000   0.0000000000
   0.8699999971   0.0000000000   0.0000000000   0.0000000000
   0.8749999971   0.0000000000   0.0000000000   0.0000000000
   0.8799999970   0.0000000000   0.0000000000   0.0000000000
   0.8849999970   0.0000000000   0.0000000000   0.0000000000
   0.8899999970   0.0000000000   0.0000000000   0.0000000000
   0.8949999970   0.0000000000   0.0000000000   0.0000000000
   0.8999999970   0.0000000000   0.0000000000   0.0000000000
   0.9049999970   0.0000000000   0.0000000000   0.0000000000
   0.9099999969   0.0000000000   0.0000000000   0.0000000000
   0.9149999969   0.0000000000   0.0000000000   0.0000000000
   0.9199999969   0.0000000000   0.0000000000   0.0000000000
   0.9249999969   0.0000000000   0.0000000000   0.0000000000
   0.9299999969   0.0000000000   0.0000000000   0.0000000000
   0.9349999969   0.0000000000   0.0000000000   0.0000000000
   0.9399999968   0.0000000000   0.0000000000   0.0000000000
   0.9449999968   0.0000000000   0.0000000000   0.0000000000
   0.9499999968   0.0000000000   0.0000000000   0.0000000000
   0.9549999968   0.0000000000   0.0000000000   0.0000000000
   0.9599999968   0.0000000000   0.0000000000   0.0000000000
   0.9649999968   0.0000000000   0.0000000000   0.0000000000
   0.9699999967   0.0000000000   0.0000000000   0.0000000000
   0.9749999967   0.0000000000   0.0000000000   0.0000000000
   0.9799999967   0.0000000000   0.0000000000   0.0000000000
   0.9849999967   0.0000000000   0.0000000000   0.0000000000
   0.9899999967   0.0000000000   0.0000000000   0.0000000000
   0.9949999967   0.0000000000   0.0000000000   0.0000000000
   0.9999999966   0.0000000000   0.0000000000   0.0000000000
   1.0049999966   0.0000000000   0.0000000000   0.0000000000
   1.0099999966   0.0000000000   0.0000000000   0.0000000000
   1.0149999966   0.0000000000   0.0000000000   0.0000000000
   1.0199999966   0.0000000000   0.0000000000   0.0000000000
   1.0249999966   0.0000000000   0.0000000000   0.0000000000
   1.0299999965   0.0000000000   0.0000000000   0.0000000000
   1.0349999965   0.0000000000   0.0000000000   0.0000000000
   1.0399999965   0.0000000000   0.0000000000   0.0000000000
   1.0449999965   0.0000000000   0.0000000000   0.0000000000
   1.0499999965   0.0000000000   0.0000000000   0.0000000000
   1.0549999965   0.0000000000   0.0000000000   0.0000000000
   1.0599999964   0.0000000000   0.0000000000   0.0000000000
   1.0649999964   0.0000000000   0.0000000000   0.0000000000
   1.0699999964   0.0000000000   0.0000000000   0.0000000000
   1.0749999964   0.0000000000   0.0000000000   0.0000000000
   1.0799999964   0.0000000000   0.0000000000   0.0000000000
   1.0849999964   0.0000000000   0.0000000000   0.0000000000
   1.0899999963   0.0000000000   0.0000000000   0.0000000000
   1.0949999963   0.0000000000   0.0000000000   0.0000000000
   1.0999999963   0.0000000000   0.0000000000   0.0000000000
   1.1049999963   0.0000000000   0.0000000000   0.0000000000
   1.1099999963   0.0000000000   0.0000000000   0.0000000000
   1.1149999963   0.0000000000   0.0000000000   0.0000000000
   1.1199999962   0.0000000000   0.0000000000   0.0000000000
   1.1249999962   0.0000000000   0.0000000000   0.0000000000
   1.1299999962   0.0000000000   0.0000000000   0.0000000000
   1.1349999962   0.0000000000   0.0000000000   0.0000000000
   1.1399999962   0.0000000000   0.0000000000   0.0000000000
   1.1449999962   0.0000000000   0.0000000000   0.0000000000
   1.1499999961   0.0000000000   0.0000000000   0.0000000000
   1.1549999961   0.0000000000   0.0000000000   0.0000000000
   1.1599999961   0.0000000000   0.0000000000   0.0000000000
   1.1649999961   0.0000000000   0.0000000000   0.0000000000
   1.1699999961   0.0000000000   0.0000000000   0.0000000000
   1.1749999961   0.0000000000   0.0000000000   0.0000000000
   1.1799999960   0.0000000000   0.0000000000   0.0000000000
   1.1849999960   0.0000000000   0.0000000000   0.0000000000
   1.1899999960   0.0000000000   0.0000000000   0.0000000000
   1.1949999960   0.0000000000   0.0000000000   0.0000000000
   1.1999999960   0.0000000000   0.0000000000   0.0000000000
   1.2049999960   0.0000000000   0.0000000000   0.0000000000
   1.2099999959   0.0000000000   0.0000000000   0.0000000000
   1.2149999959   0.0000000000   0.0000000000   0.0000000000
   1.2199999959   0.0000000000   0.0000000000   0.0000000000
   1.2249999959   0.0000000000   0.0000000000   0.0000000000
   1.2299999959   0.0000000000   0.0000000000   0.0000000000
   1.2349999959   0.0000000000   0.0000000000   0.0000000000
   1.2399999958   0.0000000000   0.0000000000   0.0000000000
   1.2449999958  -0.0000000000  -0.0000000000  -0.0000000000
   1.2499999958  -0.0000000000  -0.0000000000  -0.0000000000
   1.2549999958  -0.0000000000  -0.0000000000  -0.0000000000
   1.2599999958  -0.0000000000  -0.0000000000  -0.0000000000
   1.2649999958  -0.0000000000  -0.0000000000  -0.0000000000
   1.2699999957  -0.0000000000  -0.0000000000  -0.0000000000
   1.2749999957  -0.0000000000  -0.0000000000  -0.0000000000
   1.2799999957  -0.0000000000  -0.0000000000  -0.0000000000
   1.2849999957  -0.0000000000  -0.0000000000  -0.0000000000
   1.2899999957  -0.0000000000  -0.0000000000  -0.0000000000
   1.2949999957  -0.0000000000  -0.0000000000  -0.0000000000
   1.2999999956  -0.0000000000  -0.0000000000  -0.0000000000
   1.3049999956  -0.0000000000  -0.0000000000  -0.0000000000
   1.3099999956  -0.0000000000  -0.0000000000  -0.0000000000
   1.3149999956  -0.0000000000  -0.0000000000  -0.0000000000
   1.3199999956  -0.0000000000  -0.0000000000  -0.0000000000
   1.3249999956   0.0000000000   0.0000000000   0.0000000000
   1.3299999955   0.0000000000   0.0000000000   0.0000000000
   1.3349999955   0.0000000000   0.0000000000   0.0000000000
   1.3399999955   0.0000000000   0.0000000000   0.0000000000
   1.3449999955   0.0000000000   0.0000000000   0.0000000000
   1.3499999955   0.0000000000   0.0000000000   0.0000000000
   1.3549999954   0.0000000000   0.0000000000   0.0000000000
   1.3599999954   0.0000000000   0.0000000000   0.0000000000
   1.3649999954   0.0000000000   0.0000000000   0.0000000000
   1.3699999954   0.0000000000   0.0000000000   0.0000000000
   1.3749999954   0.0000000000   0.0000000000   0.0000000000
   1.3799999954   0.0000000000   0.0000000000   0.0000000000
   1.3849999953   0.0000000000   0.0000000000   0.0000000000
   1.3899999953  -0.0000000000   0.0000000000  -0.0000000000
   1.3949999953  -0.0000000000  -0.0000000000  -0.0000000000
   1.3999999953  -0.0000000000  -0.0000000000  -0.0000000000
   1.4049999953  -0.0000000000  -0.0000000000  -0.0000000000
   1.4099999953  -0.0000000000  -0.0000000000  -0.0000000000
   1.4149999952  -0.0000000000  -0.0000000000  -0.0000000000
   1.4199999952  -0.0000000000  -0.0000000000  -0.0000000000
   1.4249999952  -0.0000000000  -0.0000000000  -0.0000000000
   1.4299999952  -0.0000000000  -0.0000000000  -0.0000000000
   1.4349999952  -0.0000000000  -0.0000000000  -0.0000000000
   1.4399999952  -0.0000000000  -0.0000000000  -0.0000000000
   1.4449999951  -0.0000000000  -0.0000000000  -0.0000000000
   1.4499999951   0.0000000000  -0.0000000000   0.0000000000
   1.4549999951   0.0000000000   0.0000000000   0.0000000000
   1.4599999951   0.0000000000   0.0000000000   0.0000000000
   1.4649999951   0.0000000000   0.0000000000   0.0000000000
   1.4699999951   0.0000000000   0.0000000000   0.0000000000
   1.4749999950   0.0000000000   0.0000000000   0.0000000000
   1.4799999950   0.0000000000   0.0000000000   0.0000000000
   1.4849999950   0.0000000000   0.0000000000   0.0000000000
   1.4899999950   0.0000000000   0.0000000000   0.0000000000
   1.4949999950   0.0000000000   0.0000000000   0.0000000000
   1.4999999950   0.0000000000   0.0000000000   0.0000000000
   1.5049999949  -0.0000000000   0.0000000000  -0.0000000000
   1.5099999949  -0.0000000000  -0.0000000000  -0.0000000000
   1.5149999949  -0.0000000000  -0.0000000000  -0.0000000000
   1.5199999949  -0.0000000000  -0.0000000000  -0.0000000000
   1.5249999949  -0.0000000000  -0.0000000000  -0.0000000000
   1.5299999949  -0.0000000000  -0.0000000000  -0.0000000000
   1.5349999948  -0.0000000000  -0.0000000000  -0.0000000000
   1.5399999948  -0.0000000000  -0.0000000000  -0.0000000000
   1.5449999948  -0.0000000000  -0.0000000000  -0.0000000000
   1.5499999948  -0.0000000000  -0.0000000000  -0.0000000000
   1.5549999948  -0.0000000000  -0.0000000000  -0.0000000000
   1.5599999948   0.0000000000   0.0000000000   0.0000000000
   1.5649999947   0.0000000000   0.0000000000   0.0000000000
   1.5699999947   0.0000000000   0.0000000000   0.0000000000
   1.5749999947   0.0000000000   0.0000000000   0.0000000000
   1.5799999947   0.0000000000   0.0000000000   0.0000000000
   1.5849999947   0.0000000000   0.0000000000   0.0000000000
   1.5899999947   0.0000000000   0.0000000000   0.0000000000
   1.5949999946   0.0000000000   0.0000000000   0.0000000000
   1.5999999946   0.0000000000   0.0000000000   0.0000000000
   1.6049999946  -0.0000000000   0.0000000000  -0.0000000000
   1.6099999946  -0.0000000000  -0.0000000000  -0.0000000000
   1.6149999946  -0.0000000000  -0.0000000000  -0.0000000000
   1.6199999946  -0.0000000000  -0.0000000000  -0.0000000000
   1.6249999945  -0.0000000000  -0.0000000000  -0.0000000000
   1.6299999945  -0.0000000000  -0.0000000000  -0.0000000000
   1.6349999945  -0.0000000000  -0.0000000000  -0.0000000000
   1.6399999945  -0.0000000000  -0.0000000000  -0.0000000000
   1.6449999945  -0.0000000000  -0.0000000000  -0.0000000000
   1.6499999945   0.0000000000  -0.0000000000   0.0000000000
   1.6549999944   0.0000000000   0.0000000000   0.0000000000
   1.6599999944   0.0000000000   0.0000000000   0.0000000000
   1.6649999944   0.0000000000   0.0000000000   0.0000000000
   1.6699999944   0.0000000000   0.0000000000   0.0000000000
   1.6749999944   0.0000000000   0.0000000000   0.0000000000
   1.6799999944   0.0000000000   0.0000000000   0.0000000000
   1.6849999943   0.0000000000   0.0000000000   0.0000000000
   1.6899999943   0.0000000000   0.0000000000   0.0000000000
   1.6949999943  -0.0000000000   0.0000000000  -0.0000000000
   1.6999999943  -0.0000000000  -0.0000000000  -0.0000000000
   1.7049999943  -0.0000000000  -0.0000000000  -0.0000000000
   1.7099999943  -0.0000000000  -0.0000000000  -0.0000000000
   1.7149999942  -0.0000000000  -0.0000000000  -0.0000000000
   1.7199999942  -0.0000000000  -0.0000000000  -0.0000000000
   1.7249999942  -0.0000000000  -0.0000000000  -0.0000000000
   1.7299999942  -0.0000000000  -0.0000000000  -0.0000000000
   1.7349999942   0.0000000000  -0.0000000000   0.0000000000
   1.7399999942   0.0000000000   0.0000000000   0.0000000000
   1.7449999941   0.0000000001   0.0000000000   0.0000000001
   1.7499999941   0.0000000001   0.0000000000   0.0000000001
   1.7549999941   0.0000000001   0.0000000000   0.0000000001
   1.7599999941   0.0000000001   0.0000000000   0.0000000001
   1.7649999941   0.0000000000   0.0000000000   0.0000000000
   1.7699999941   0.0000000000   0.0000000000   0.0000000000
   1.7749999940  -0.0000000000   0.0000000000  -0.0000000000
   1.7799999940  -0.0000000001  -0.0000000000  -0.0000000001
   1.7849999940  -0.0000000001  -0.0000000000  -0.0000000001
   1.7899999940  -0.0000000001  -0.0000000001  -0.0000000001
   1.7949999940  -0.0000000001  -0.0000000001  -0.0000000001
   1.7999999940  -0.0000000001  -0.0000000001  -0.0000000001
   1.8049999939  -0.0000000001  -0.0000000001  -0.0000000001
   1.8099999939  -0.0000000000  -0.0000000000  -0.0000000000
   1.8149999939   0.0000000000  -0.0000000000   0.0000000000
   1.8199999939   0.0000000001   0.0000000000   0.0000000001
   1.8249999939   0.0000000001   0.0000000001   0.0000000001
   1.8299999939   0.0000000002   0.0000000001   0.0000000002
   1.8349999938   0.0000000002   0.0000000001   0.0000000002
   1.8399999938   0.0000000001   0.0000000001   0.0000000001
   1.8449999938   0.0000000001   0.0000000001   0.0000000001
   1.8499999938  -0.0000000000   0.0000000000  -0.0000000000
   1.8549999938  -0.0000000001  -0.0000000000  -0.0000000001
   1.8599999938  -0.0000000002  -0.0000000001  -0.0000000002
   1.8649999937  -0.0000000002  -0.0000000001  -0.0000000002
   1.8699999937  -0.0000000002  -0.0000000001  -0.0000000002
   1.8749999937  -0.0000000002  -0.0000000001  -0.0000000002
   1.8799999937  -0.0000000001  -0.0000000001  -0.0000000001
   1.8849999937  -0.0000000000  -0.0000000001  -0.0000000000
   1.8899999937   0.0000000001  -0.0000000000   0.0000000001
   1.8949999936   0.0000000002   0.0000000001   0.0000000002
   1.8999999936   0.0000000003   0.0000000001   0.0000000003
   1.9049999936   0.0000000003   0.0000000002   0.0000000003
   1.9099999936   0.0000000003   0.0000000002   0.0000000003
   1.9149999936   0.0000000002   0.0000000002   0.0000000002
   1.9199999936   0.0000000001   0.0000000001   0.0000000001
   1.9249999935  -0.0000000001   0.0000000000  -0.0000000001
   1.9299999935  -0.0000000002  -0.0000000000  -0.0000000002
   1.9349999935  -0.0000000003  -0.0000000001  -0.0000000003
   1.9399999935  -0.0000000004  -0.0000000002  -0.0000000004
   1.9449999935  -0.0000000004  -0.0000000002  -0.0000000004
   1.9499999935  -0.0000000003  -0.0000000002  -0.0000000003
   1.9549999934  -0.0000000002  -0.0000000002  -0.0000000002
   1.9599999934   0.0000000000  -0.0000000001   0.0000000000
   1.9649999934   0.0000000002   0.0000000000   0.0000000002
   1.9699999934   0.0000000004   0.0000000001   0.0000000004
   1.9749999934   0.0000000005   0.0000000002   0.0000000005
   1.9799999934   0.0000000005   0.0000000003   0.0000000005
   1.9849999933   0.0000000004   0.0000000003   0.0000000004
   1.9899999933   0.0000000002   0.0000000002   0.0000000002
   1.9949999933  -0.0000000000   0.0000000001  -0.0000000000
   1.9999999933  -0.0000000003  -0.0000000000  -0.0000000003
   2.0049999933  -0.0000000005  -0.0000000002  -0.0000000005
   2.0099999933  -0.0000000006  -0.0000000003  -0.0000000006
   2.0149999932  -0.0000000006  -0.0000000003  -0.0000000006
   2.0199999932  -0.0000000004  -0.0000000003  -0.0000000004
   2.0249999932  -0.0000000002  -0.0000000002  -0.0000000002
   2.0299999932   0.0000000001  -0.0000000001   0.0000000001
   2.0349999932   0.0000000004   0.0000000001   0.0000000004
   2.0399999931   0.0000000006   0.0000000002   0.0000000006
   2.0449999931   0.0000000007   0.0000000003   0.0000000007
   2.0499999931   0.0000000006   0.0000000003   0.0000000006
   2.0549999931   0.0000000004   0.0000000003   0.0000000004
   2.0599999931   0.0000000001   0.0000000002   0.0000000001
   2.0649999931  -0.0000000002   0.0000000001  -0.0000000002
   2.0699999930  -0.0000000005  -0.0000000001  -0.0000000005
   2.0749999930  -0.0000000007  -0.0000000003  -0.0000000007
   2.0799999930  -0.0000000007  -0.0000000003  -0.0000000007
   2.0849999930  -0.0000000006  -0.0000000004  -0.0000000006
   2.0899999930  -0.0000000004  -0.0000000003  -0.0000000004
   2.0949999930  -0.0000000000  -0.0000000002  -0.0000000000
   2.0999999929   0.0000000004   0.0000000000   0.0000000004
   2.1049999929   0.0000000006   0.0000000002   0.0000000006
   2.1099999929   0.0000000008   0.0000000003   0.0000000008
   2.1149999929   0.0000000007   0.0000000004   0.0000000007
   2.1199999929   0.0000000005   0.0000000004   0.0000000005
   2.1249999929   0.0000000002   0.0000000002   0.0000000002
   2.1299999928  -0.0000000002   0.0000000001  -0.0000000002
   2.1349999928  -0.0000000006  -0.0000000001  -0.0000000006
   2.1399999928  -0.0000000008  -0.0000000003  -0.0000000008
   2.1449999928  -0.0000000008  -0.0000000004  -0.0000000008
   2.1499999928  -0.0000000006  -0.0000000004  -0.0000000006
   2.1549999928  -0.0000000003  -0.0000000003  -0.0000000003
   2.1599999927   0.0000000001  -0.0000000001   0.0000000001
   2.1649999927   0.0000000005   0.0000000001   0.0000000005
   2.1699999927   0.0000000008   0.0000000003   0.0000000008
   2.1749999927   0.0000000009   0.0000000004   0.0000000009
   2.1799999927   0.0000000007   0.0000000004   0.0000000007
   2.1849999927   0.0000000004   0.0000000003   0.0000000004
   2.1899999926  -0.0000000001   0.0000000002  -0.0000000001
   2.1949999926  -0.0000000005  -0.0000000001  -0.0000000005
   2.1999999926  -0.0000000009  -0.0000000003  -0.0000000009
   2.2049999926  -0.0000000010  -0.0000000004  -0.0000000010
   2.2099999926  -0.0000000009  -0.0000000005  -0.0000000009
   2.2149999926  -0.0000000005  -0.0000000004  -0.0000000005
   2.2199999925   0.0000000000  -0.0000000002   0.0000000000
   2.2249999925   0.0000000006   0.0000000001   0.0000000006
   2.2299999925   0.0000000010   0.0000000003   0.0000000010
   2.2349999925   0.0000000011   0.0000000005   0.0000000011
   2.2399999925   0.0000000010   0.0000000005   0.0000000010
   2.2449999925   0.0000000006   0.0000000004   0.0000000006
   2.2499999924  -0.0000000000   0.0000000002  -0.0000000000
   2.2549999924  -0.0000000006  -0.0000000001  -0.0000000006
   2.2599999924  -0.0000000011  -0.0000000004  -0.0000000011
   2.2649999924  -0.0000000013  -0.0000000006  -0.0000000013
   2.2699999924  -0.0000000012  -0.0000000006  -0.0000000012
   2.2749999924  -0.0000000007  -0.0000000005  -0.0000000007
   2.2799999923  -0.0000000000  -0.0000000003  -0.0000000000
   2.2849999923   0.0000000007   0.0000000001   0.0000000007
   2.2899999923   0.0000000013   0.0000000004   0.0000000013
   2.2949999923   0.0000000015   0.0000000007   0.0000000015
   2.2999999923   0.0000000014   0.0000000008   0.0000000014
   2.3049999923   0.0000000008   0.0000000007   0.0000000008
   2.3099999922  -0.0000000000   0.0000000005  -0.0000000000
   2.3149999922  -0.0000000009   0.0000000001  -0.0000000009
   2.3199999922  -0.0000000016  -0.0000000004  -0.0000000016
   2.3249999922  -0.0000000019  -0.0000000007  -0.0000000019
   2.3299999922  -0.0000000017  -0.0000000009  -0.0000000017
   2.3349999922  -0.0000000010  -0.0000000009  -0.0000000010
   2.3399999921   0.0000000000  -0.0000000006   0.0000000000
   2.3449999921   0.0000000011  -0.0000000003   0.0000000011
   2.3499999921   0.0000000020   0.0000000001   0.0000000020
   2.3549999921   0.0000000025   0.0000000004   0.0000000025
   2.3599999921   0.0000000023   0.0000000005   0.0000000023
   2.3649999921   0.0000000016   0.0000000004   0.0000000016
   2.3699999920   0.0000000004   0.0000000001   0.0000000004
   2.3749999920  -0.0000000008  -0.0000000003  -0.0000000008
   2.3799999920  -0.0000000019  -0.0000000007  -0.0000000019
   2.3849999920  -0.0000000025  -0.0000000008  -0.0000000025
   2.3899999920  -0.0000000025  -0.0000000007  -0.0000000025
   2.3949999920  -0.0000000018  -0.0000000003  -0.0000000018
   2.3999999919  -0.0000000007   0.0000000005  -0.0000000007
   2.4049999919   0.0000000005   0.0000000013   0.0000000005
   2.4099999919   0.0000000015   0.0000000021   0.0000000015
   2.4149999919   0.0000000019   0.0000000027   0.0000000019
   2.4199999919   0.0000000017   0.0000000027   0.0000000017
   2.4249999919   0.0000000008   0.0000000023   0.0000000008
   2.4299999918  -0.0000000005   0.0000000014  -0.0000000005
   2.4349999918  -0.0000000018   0.0000000001  -0.0000000018
   2.4399999918  -0.0000000027  -0.0000000012  -0.0000000027
   2.4449999918  -0.0000000029  -0.0000000024  -0.0000000029
   2.4499999918  -0.0000000022  -0.0000000033  -0.0000000022
   2.4549999918  -0.0000000007  -0.0000000036  -0.0000000007
   2.4599999917   0.0000000013  -0.0000000034   0.0000000013
   2.4649999917   0.0000000033  -0.0000000028   0.0000000033
   2.4699999917   0.0000000047  -0.0000000019   0.0000000047
   2.4749999917   0.0000000052  -0.0000000009   0.0000000052
   2.4799999917   0.0000000045  -0.0000000001   0.0000000045
   2.4849999917   0.0000000028   0.0000000004   0.0000000028
   2.4899999916   0.0000000004   0.0000000006   0.0000000004
   2.4949999916  -0.0000000022   0.0000000007  -0.0000000022
   2.4999999916  -0.0000000042   0.0000000007  -0.0000000042
   2.5049999916  -0.0000000052   0.0000000008  -0.0000000052
   2.5099999916  -0.0000000049   0.0000000012  -0.0000000049
   2.5149999916  -0.0000000035   0.0000000018  -0.0000000035
   2.5199999915  -0.0000000014   0.0000000025  -0.0000000014
   2.5249999915   0.0000000010   0.0000000031   0.0000000010
   2.5299999915   0.0000000029   0.0000000035   0.0000000029
   2.5349999915   0.0000000038   0.0000000033   0.0000000038
   2.5399999915   0.0000000036   0.0000000025   0.0000000036
   2.5449999915   0.0000000022   0.0000000011   0.0000000022
   2.5499999914   0.0000000002  -0.0000000005   0.0000000002
   2.5549999914  -0.0000000019  -0.0000000022  -0.0000000019
   2.5599999914  -0.0000000035  -0.0000000036  -0.0000000035
   2.5649999914  -0.0000000040  -0.0000000042  -0.0000000040
   2.5699999914  -0.0000000034  -0.0000000040  -0.0000000034
   2.5749999914  -0.0000000018  -0.0000000029  -0.0000000018
   2.5799999913   0.0000000002  -0.0000000013   0.0000000002
   2.5849999913   0.0000000021   0.0000000007   0.0000000021
   2.5899999913   0.0000000033   0.0000000024   0.0000000033
   2.5949999913   0.0000000033   0.0000000035   0.0000000033
   2.5999999913   0.0000000022   0.0000000037   0.0000000022
   2.6049999913   0.0000000004   0.0000000030   0.0000000004
   2.6099999912  -0.0000000017   0.0000000015  -0.0000000017
   2.6149999912  -0.0000000032  -0.0000000004  -0.0000000032
   2.6199999912  -0.0000000035  -0.0000000023  -0.0000000035
   2.6249999912  -0.0000000025  -0.0000000038  -0.0000000025
   2.6299999912  -0.0000000002  -0.0000000046  -0.0000000002
   2.6349999912   0.0000000027  -0.0000000045   0.0000000027
   2.6399999911   0.0000000056  -0.0000000037   0.0000000056
   2.6449999911   0.0000000074  -0.0000000025   0.0000000074
   2.6499999911   0.0000000076  -0.0000000010   0.0000000076
   2.6549999911   0.0000000059   0.0000000003   0.0000000059
   2.6599999911   0.0000000026   0.0000000014   0.0000000026
   2.6649999911  -0.0000000015   0.0000000021  -0.0000000015
   2.6699999910  -0.0000000057   0.0000000026  -0.0000000057
   2.6749999910  -0.0000000087   0.0000000031  -0.0000000087
   2.6799999910  -0.0000000100   0.0000000036  -0.0000000100
   2.6849999910  -0.0000000092   0.0000000042  -0.0000000092
   2.6899999910  -0.0000000066   0.0000000049  -0.0000000066
   2.6949999909  -0.0000000028   0.0000000053  -0.0000000028
   2.6999999909   0.0000000011   0.0000000052   0.0000000011
   2.7049999909   0.0000000043   0.0000000042   0.0000000043
   2.7099999909   0.0000000060   0.0000000022   0.0000000060
   2.7149999909   0.0000000061  -0.0000000007   0.0000000061
   2.7199999909   0.0000000048  -0.0000000041   0.0000000048
   2.7249999908   0.0000000028  -0.0000000075   0.0000000028
   2.7299999908   0.0000000007  -0.0000000101   0.0000000007
   2.7349999908  -0.0000000006  -0.0000000114  -0.0000000006
   2.7399999908  -0.0000000009  -0.0000000109  -0.0000000009
   2.7449999908  -0.0000000002  -0.0000000085  -0.0000000002
   2.7499999908   0.0000000010  -0.0000000045   0.0000000010
   2.7549999907   0.0000000020   0.0000000004   0.0000000020
   2.7599999907   0.0000000022   0.0000000055   0.0000000022
   2.7649999907   0.0000000011   0.0000000097   0.0000000011
   2.7699999907  -0.0000000010   0.0000000124  -0.0000000010
   2.7749999907  -0.0000000037   0.0000000130  -0.0000000037
   2.7799999907  -0.0000000061   0.0000000115  -0.0000000061
   2.7849999906  -0.0000000072   0.0000000082  -0.0000000072
   2.7899999906  -0.0000000065   0.0000000037  -0.0000000065
   2.7949999906  -0.0000000038  -0.0000000011  -0.0000000038
   2.7999999906   0.0000000004  -0.0000000057   0.0000000004
   2.8049999906   0.0000000051  -0.0000000091   0.0000000051
   2.8099999906   0.0000000089  -0.0000000111   0.0000000089
   2.8149999905   0.0000000107  -0.0000000113   0.0000000107
   2.8199999905   0.0000000097  -0.0000000099   0.0000000097
   2.8249999905   0.0000000060  -0.0000000071   0.0000000060
   2.8299999905   0.0000000006  -0.0000000033   0.0000000006
   2.8349999905  -0.0000000049   0.0000000008  -0.0000000049
   2.8399999905  -0.0000000085   0.0000000047  -0.0000000085
   2.8449999904  -0.0000000084   0.0000000076  -0.0000000084
   2.8499999904  -0.0000000039   0.0000000088  -0.0000000039
   2.8549999904   0.0000000049   0.0000000078   0.0000000049
   2.8599999904   0.0000000159   0.0000000045   0.0000000159
   2.8649999904   0.0000000260  -0.0000000004   0.0000000260
   2.8699999904   0.0000000306  -0.0000000058   0.0000000306
   2.8749999903   0.0000000249  -0.0000000094   0.0000000249
   2.8799999903   0.0000000047  -0.0000000085   0.0000000047
   2.8849999903  -0.0000000321  -0.0000000005  -0.0000000321
   2.8899999903  -0.0000000848   0.0000000168  -0.0000000848
   2.8949999903  -0.0000001478   0.0000000434  -0.0000001478
   2.8999999903  -0.0000002099   0.0000000767  -0.0000002099
   2.9049999902  -0.0000002537   0.0000001101  -0.0000002537
   2.9099999902  -0.0000002561   0.0000001329  -0.0000002561
   2.9149999902  -0.0000001900   0.0000001309  -0.0000001900
   2.9199999902  -0.0000000289   0.0000000881  -0.0000000289
   2.9249999902   0.0000002472  -0.0000000099   0.0000002472
   2.9299999902   0.0000006426  -0.0000001711   0.0000006426
   2.9349999901   0.0000011352  -0.0000003912   0.0000011352
   2.9399999901   0.0000016652  -0.0000006472   0.0000016652
   2.9449999901   0.0000021269  -0.0000008915   0.0000021269
   2.9499999901   0.0000023640  -0.0000010488   0.0000023640
   2.9549999901   0.0000021760  -0.0000010164   0.0000021760
   2.9599999901   0.0000013367  -0.0000006712   0.0000013367
   2.9649999900  -0.0000003704   0.0000001149  -0.0000003704
   2.9699999900  -0.0000030986   0.0000014513  -0.0000030986
   2.9749999900  -0.0000068687   0.0000033936  -0.0000068687
   2.9799999900  -0.0000114879   0.0000059031  -0.0000114879
   2.9849999900  -0.0000164700   0.0000088005  -0.0000164700
   2.9899999900  -0.0000209697   0.0000117250  -0.0000209697
   2.9949999899  -0.0000237539   0.0000141050  -0.0000237539
   2.9999999899  -0.0000232324   0.0000151549  -0.0000232324
   3.0049999899  -0.0000175713   0.0000139098  -0.0000175713
   3.0099999899  -0.0000049116   0.0000093118  -0.0000049116
   3.0149999899   0.0000162980   0.0000003578   0.0000162980
   3.0199999899   0.0000468521  -0.0000136882   0.0000468521
   3.0249999898   0.0000862440  -0.0000330196   0.0000862440
   3.0299999898   0.0001320653  -0.0000569670   0.0001320653
   3.0349999898   0.0001794114  -0.0000836574   0.0001794114
   3.0399999898   0.0002203765  -0.0001096953   0.0002203765
   3.0449999898   0.0002437346  -0.0001299142   0.0002437346
   3.0499999898   0.0002349085  -0.0001372567   0.0002349085
   3.0549999897   0.0001763193  -0.0001228398   0.0001763193
   3.0599999897   0.0000481870  -0.0000762553   0.0000481870
   3.0649999897  -0.0001701923   0.0000138642  -0.0001701923
   3.0699999897  -0.0004987160   0.0001590052  -0.0004987160
   3.0749999897  -0.0009543846   0.0003696890  -0.0009543846
   3.0799999897  -0.0015490080   0.0006542073  -0.0015490080
   3.0849999896  -0.0022869255   0.0010172818  -0.0022869255
   3.0899999896  -0.0031630024   0.0014587828  -0.0031630024
   3.0949999896  -0.0041611790   0.0019726649  -0.0041611790
   3.0999999896  -0.0052538325   0.0025462799  -0.0052538325
   3.1049999896  -0.0064021567   0.0031602112  -0.0064021567
   3.1099999896  -0.0075576703   0.0037887385  -0.0075576703
   3.1149999895  -0.0086648463   0.0044009783  -0.0086648463
   3.1199999895  -0.0096647128   0.0049626760  -0.0096647128
   3.1249999895  -0.0104991432   0.0054385394  -0.0104991432
   3.1299999895  -0.0111154339   0.0057949295  -0.0111154339
   3.1349999895  -0.0114706935   0.0060026549  -0.0114706935
   3.1399999895  -0.0115355496   0.0060395805  -0.0115355496
   3.1449999894  -0.0112967239   0.0058927573  -0.0112967239
   3.1499999894  -0.0107581415   0.0055598109  -0.0107581415
   3.1549999894  -0.0099404070   0.0050494024  -0.0099404070
   3.1599999894  -0.0088786850   0.0043806755  -0.0088786850
   3.1649999894  -0.0076192348   0.0035817279  -0.0076192348
   3.1699999894  -0.0062150346   0.0026872689  -0.0062150346
   3.1749999893  -0.0047210639   0.0017357323  -0.0047210639
   3.1799999893  -0.0031898628   0.0007661901  -0.0031898628
   3.1849999893  -0.0016679472  -0.0001845621  -0.0016679472
   3.1899999893  -0.0001935208  -0.0010844019  -0.0001935208
   3.1949999893   0.0012042819  -0.0019074949   0.0012042819
   3.1999999893   0.0025046423  -0.0026349826   0.0025046423
   3.2049999892   0.0036930748  -0.0032547480   0.0036930748
   3.2099999892   0.0047587067  -0.0037604059   0.0047587067
   3.2149999892   0.0056914497  -0.0041497941   0.0056914497
   3.2199999892   0.0064797175  -0.0044233104   0.0064797175
   3.2249999892   0.0071092437  -0.0045824623   0.0071092437
   3.2299999892   0.0075633527  -0.0046289391   0.0075633527
   3.2349999891   0.0078247516  -0.0045644063   0.0078247516
   3.2399999891   0.0078786012  -0.0043910677   0.0078786012
   3.2449999891   0.0077163378  -0.0041128727   0.0077163378
   3.2499999891   0.0073395188  -0.0037370915   0.0073395188
   3.2549999891   0.0067628904  -0.0032758781   0.0067628904
   3.2599999891   0.0060159443  -0.0027474029   0.0060159443
   3.2649999890   0.0051424514  -0.0021761807   0.0051424514
   3.2699999890   0.0041977821  -0.0015923417   0.0041977821
   3.2749999890   0.0032442097  -0.0010297762   0.0032442097
   3.2799999890   0.0023447608  -0.0005232884   0.0023447608
   3.2849999890   0.0015564719  -0.0001050989   0.0015564719
   3.2899999890   0.0009240570   0.0001988142   0.0009240570
   3.2949999889   0.0004749761   0.0003719706   0.0004749761
   3.2999999889   0.0002166976   0.0004096979   0.0002166976
   3.3049999889   0.0001366073   0.0003200712   0.0001366073
   3.3099999889   0.0002045952   0.0001232618   0.0002045952
   3.3149999889   0.0003779106  -0.0001506855   0.0003779106
   3.3199999889   0.0006075138  -0.0004653697   0.0006075138
   3.3249999888   0.0008449164  -0.0007823628   0.0008449164
   3.3299999888   0.0010484513  -0.0010657304   0.0010484513
   3.3349999888   0.0011880438  -0.0012860976   0.0011880438
   3.3399999888   0.0012478452  -0.0014236870   0.0012478452
   3.3449999888   0.0012264819  -0.0014699320   0.0012264819
   3.3499999888   0.0011350923  -0.0014274994   0.0011350923
   3.3549999887   0.0009936856  -0.0013088148   0.0009936856
   3.3599999887   0.0008266032  -0.0011334105   0.0008266032
   3.3649999887   0.0006579484  -0.0009245836   0.0006579484
   3.3699999887   0.0005077681  -0.0007059247   0.0005077681
   3.3749999887   0.0003895477  -0.0004982521   0.0003895477
   3.3799999886   0.0003092743  -0.0003173727   0.0003092743
   3.3849999886   0.0002659949  -0.0001729109   0.0002659949
   3.3899999886   0.0002535220  -0.0000682468   0.0002535220
   3.3949999886   0.0002627636  -0.0000014142   0.0002627636
   3.3999999886   0.0002841095   0.0000333348   0.0002841095
   3.4049999886   0.0003093831   0.0000436625   0.0003093831
   3.4099999885   0.0003330409   0.0000373458   0.0003330409
   3.4149999885   0.0003525182   0.0000208420   0.0003525182
   3.4199999885   0.0003678211  -0.0000015835   0.0003678211
   3.4249999885   0.0003806160  -0.0000281044   0.0003806160
   3.4299999885   0.0003931263  -0.0000590055   0.0003931263
   3.4349999885   0.0004071233  -0.0000959204   0.0004071233
   3.4399999884   0.0004232038  -0.0001408249   0.0004232038
   3.4449999884   0.0004404242  -0.0001949844   0.0004404242
   3.4499999884   0.0004562485  -0.0002580333   0.0004562485
   3.4549999884   0.0004666970  -0.0003273219   0.0004666970
   3.4599999884   0.0004665747  -0.0003976221   0.0004665747
   3.4649999884   0.0004497045  -0.0004612363   0.0004497045
   3.4699999883   0.0004091665  -0.0005085188   0.0004091665
   3.4749999883   0.0003376212  -0.0005287800   0.0003376212
   3.4799999883   0.0002278250  -0.0005115105   0.0002278250
   3.4849999883   0.0000734268  -0.0004478154   0.0000734268
   3.4899999883  -0.0001299577  -0.0003319039  -0.0001299577
   3.4949999883  -0.0003835179  -0.0001624312  -0.0003835179
   3.4999999882  -0.0006841186   0.0000565364  -0.0006841186
   3.5049999882  -0.0010235987   0.0003151639  -0.0010235987
   3.5099999882  -0.0013888150   0.0005982766  -0.0013888150
   3.5149999882  -0.0017626415   0.0008866540  -0.0017626415
   3.5199999882  -0.0021259239   0.0011591263  -0.0021259239
   3.5249999882  -0.0024601424   0.0013952429  -0.0024601424
   3.5299999881  -0.0027502953   0.0015781290  -0.0027502953
   3.5349999881  -0.0029873727   0.0016970468  -0.0029873727
   3.5399999881  -0.0031697796   0.0017491555  -0.0031697796
   3.5449999881  -0.0033032357   0.0017400550  -0.0033032357
   3.5499999881  -0.0033989871   0.0016828862  -0.0033989871
   3.5549999881  -0.0034705652   0.0015960253  -0.0034705652
   3.5599999880  -0.0035297186   0.0014997009  -0.0035297186
   3.5649999880  -0.0035824256   0.0014121146  -0.0035824256
   3.5699999880  -0.0036259794   0.0013458018  -0.0036259794
   3.5749999880  -0.0036479873   0.0013049815  -0.0036479873
   3.5799999880  -0.0036277444   0.0012844936  -0.0036277444
   3.5849999880  -0.0035399112   0.0012706331  -0.0035399112
   3.5899999879  -0.0033598635   0.0012438115  -0.0033598635
   3.5949999879  -0.0030696210   0.0011825870  -0.0030696210
   3.5999999879  -0.0026630303   0.0010682933  -0.0026630303
   3.6049999879  -0.0021489494   0.0008893324  -0.0021489494
   3.6099999879  -0.0015515542   0.0006442333  -0.0015515542
   3.6149999879  -0.0009074998   0.0003427998  -0.0009074998
   3.6199999878  -0.0002603782   0.0000050605  -0.0002603782
   3.6249999878   0.0003464469  -0.0003418186   0.0003464469
   3.6299999878   0.0008771303  -0.0006680640   0.0008771303
   3.6349999878   0.0013091880  -0.0009463678   0.0013091880
   3.6399999878   0.0016366092  -0.0011564891   0.0016366092
   3.6449999878   0.0018695561  -0.0012884724   0.0018695561
   3.6499999877   0.0020307427  -0.0013438722   0.0020307427
   3.6549999877   0.0021493438  -0.0013347995   0.0021493438
   3.6599999877   0.0022538501  -0.0012810669   0.0022538501
   3.6649999877   0.0023655148  -0.0012060888   0.0023655148
   3.6699999877   0.0024938670  -0.0011324249   0.0024938670
   3.6749999877   0.0026352480  -0.0010778739   0.0026352480
   3.6799999876   0.0027745813  -0.0010528495   0.0027745813
   3.6849999876   0.0028898036  -0.0010594405   0.0028898036
   3.6899999876   0.0029577626  -0.0010921676   0.0029577626
   3.6949999876   0.0029600759  -0.0011400833   0.0029600759
   3.6999999876   0.0028875272  -0.0011896158   0.0028875272
   3.7049999876   0.0027420122  -0.0012274726   0.0027420122
   3.7099999875   0.0025357219  -0.0012430048   0.0025357219
   3.7149999875   0.0022879804  -0.0012296494   0.0022879804
   3.7199999875   0.0020207420  -0.0011853472   0.0020207420
   3.7249999875   0.0017540403  -0.0011120952   0.0017540403
   3.7299999875   0.0015026103  -0.0010149655   0.0015026103
   3.7349999875   0.0012744848  -0.0009009762   0.0012744848
   3.7399999874   0.0010717460  -0.0007781225   0.0010717460
   3.7449999874   0.0008929563  -0.0006547199   0.0008929563
   3.7499999874   0.0007362973  -0.0005390266   0.0007362973
   3.7549999874   0.0006022633  -0.0004389718   0.0006022633
   3.7599999874   0.0004949207  -0.0003617712   0.0004949207
   3.7649999874   0.0004212315  -0.0003132652   0.0004212315
   3.7699999873   0.0003885855  -0.0002969703   0.0003885855
   3.7749999873   0.0004013067  -0.0003130106   0.0004013067
   3.7799999873   0.0004573067  -0.0003572518   0.0004573067
   3.7849999873   0.0005461079  -0.0004210134   0.0005461079
   3.7899999873   0.0006491358  -0.0004916640   0.0006491358
   3.7949999873   0.0007425490  -0.0005542107   0.0007425490
   3.7999999872   0.0008021197  -0.0005937212   0.0008021197
   3.8049999872   0.0008090096  -0.0005981462   0.0008090096
   3.8099999872   0.0007549097  -0.0005609213   0.0007549097
   3.8149999872   0.0006450548  -0.0004826897   0.0006450548
   3.8199999872   0.0004980920  -0.0003716275   0.0004980920
   3.8249999872   0.0003425746  -0.0002421525   0.0003425746
   3.8299999871   0.0002107538  -0.0001121860   0.0002107538
   3.8349999871   0.0001311074   0.0000004878   0.0001311074
   3.8399999871   0.0001214573   0.0000819551   0.0001214573
   3.8449999871   0.0001844583   0.0001251216   0.0001844583
   3.8499999871   0.0003066888   0.0001311498   0.0003066888
   3.8549999871   0.0004616694   0.0001090111   0.0004616694
   3.8599999870   0.0006161257   0.0000732298   0.0006161257
   3.8649999870   0.0007379502   0.0000403541   0.0007379502
   3.8699999870   0.0008038526   0.0000250104   0.0008038526
   3.8749999870   0.0008047501   0.0000365083   0.0008047501
   3.8799999870   0.0007475248   0.0000768247   0.0007475248
   3.8849999870   0.0006527169   0.0001404392   0.0006527169
   3.8899999869   0.0005487891   0.0002160149   0.0005487891
   3.8949999869   0.0004644870   0.0002894390   0.0004644870
   3.8999999869   0.0004213079   0.0003473951   0.0004213079
   3.9049999869   0.0004280381   0.0003805117   0.0004280381
   3.9099999869   0.0004787425   0.0003852714   0.0004787425
   3.9149999869   0.0005546529   0.0003642154   0.0005546529
   3.9199999868   0.0006293585   0.0003244576   0.0006293585
   3.9249999868   0.0006758340   0.0002749878   0.0006758340
   3.9299999868   0.0006733919   0.0002235752   0.0006733919
   3.9349999868   0.0006127162   0.0001741793   0.0006127162
   3.9399999868   0.0004977129   0.0001256229   0.0004977129
   3.9449999868   0.0003438171   0.0000719101   0.0003438171
   3.9499999867   0.0001733746   0.0000040998   0.0001733746
   3.9549999867   0.0000094982  -0.0000868038   0.0000094982
   3.9599999867  -0.0001298362  -0.0002067780  -0.0001298362
   3.9649999867  -0.0002358246  -0.0003564168  -0.0002358246
   3.9699999867  -0.0003099644  -0.0005299719  -0.0003099644
   3.9749999867  -0.0003621108  -0.0007161029  -0.0003621108
   3.9799999866  -0.0004061822  -0.0009001628  -0.0004061822
   3.9849999866  -0.0004548922  -0.0010674112  -0.0004548922
   3.9899999866  -0.0005151323  -0.0012062886  -0.0005151323
   3.9949999866  -0.0005853869  -0.0013108668  -0.0005853869
   3.9999999866  -0.0006559347  -0.0013818169  -0.0006559347
   4.0049999866  -0.0007117400  -0.0014256506  -0.0007117400
   4.0099999865  -0.0007371415  -0.0014524613  -0.0007371415
   4.0149999865  -0.0007209102  -0.0014728018  -0.0007209102
   4.0199999865  -0.0006601480  -0.0014945560  -0.0006601480
   4.0249999865  -0.0005618399  -0.0015206497  -0.0005618399
   4.0299999865  -0.0004415631  -0.0015481930  -0.0004415631
   4.0349999864  -0.0003196872  -0.0015692410  -0.0003196872
   4.0399999864  -0.0002161337  -0.0015729132  -0.0002161337
   4.0449999864  -0.0001451790  -0.0015482504  -0.0001451790
   4.0499999864  -0.0001117820  -0.0014870178  -0.0001117820
   4.0549999864  -0.0001104804  -0.0013857129  -0.0001104804
   4.0599999864  -0.0001271767  -0.0012463038  -0.0001271767
   4.0649999863  -0.0001433149  -0.0010755995  -0.0001433149
   4.0699999863  -0.0001412843  -0.0008835484  -0.0001412843
   4.0749999863  -0.0001095464  -0.0006810397  -0.0001095464
   4.0799999863  -0.0000460685  -0.0004778771  -0.0000460685
   4.0849999863   0.0000408742  -0.0002814864   0.0000408742
   4.0899999863   0.0001347346  -0.0000966360   0.0001347346
   4.0949999862   0.0002149980   0.0000738938   0.0002149980
   4.0999999862   0.0002625759   0.0002280723   0.0002625759
   4.1049999862   0.0002648382   0.0003633662   0.0002648382
   4.1099999862   0.0002189554   0.0004760118   0.0002189554
   4.1149999862   0.0001327032   0.0005611596   0.0001327032
   4.1199999862   0.0000225705   0.0006139174   0.0000225705
   4.1249999861  -0.0000902699   0.0006309911  -0.0000902699
   4.1299999861  -0.0001850381   0.0006123776  -0.0001850381
   4.1349999861  -0.0002461440   0.0005624922  -0.0002461440
   4.1399999861  -0.0002665086   0.0004902439  -0.0002665086
   4.1449999861  -0.0002486485   0.0004078629  -0.0002486485
   4.1499999861  -0.0002033692   0.0003286579  -0.0002033692
   4.1549999860  -0.0001465340   0.0002642264  -0.0001465340
   4.1599999860  -0.0000948322   0.0002218399  -0.0000948322
   4.1649999860  -0.0000616659   0.0002027334  -0.0000616659
   4.1699999860  -0.0000541698   0.0002018157  -0.0000541698
   4.1749999860  -0.0000720182   0.0002089541  -0.0000720182
   4.1799999860  -0.0001081763   0.0002115647  -0.0001081763
   4.1849999859  -0.0001512525   0.0001978862  -0.0001512525
   4.1899999859  -0.0001887328   0.0001601141  -0.0001887328
   4.1949999859  -0.0002102173   0.0000966026  -0.0002102173
   4.1999999859  -0.0002098551   0.0000125705  -0.0002098551
   4.2049999859  -0.0001874408  -0.0000808668  -0.0001874408
   4.2099999859  -0.0001480183  -0.0001690969  -0.0001480183
   4.2149999858  -0.0001002240  -0.0002372439  -0.0001002240
   4.2199999858  -0.0000538886  -0.0002734498  -0.0000538886
   4.2249999858  -0.0000175586  -0.0002714323  -0.0000175586
   4.2299999858   0.0000034459  -0.0002317514   0.0000034459
   4.2349999858   0.0000080070  -0.0001615572   0.0000080070
   4.2399999858  -0.0000009383  -0.0000729574  -0.0000009383
   4.2449999857  -0.0000175318   0.0000195474  -0.0000175318
   4.2499999857  -0.0000347522   0.0001019354  -0.0000347522
   4.2549999857  -0.0000463091   0.0001632101  -0.0000463091
   4.2599999857  -0.0000481911   0.0001971232  -0.0000481911
   4.2649999857  -0.0000395024   0.0002028140  -0.0000395024
   4.2699999857  -0.0000224244   0.0001843677  -0.0000224244
   4.2749999856  -0.0000013601   0.0001495164  -0.0000013601
   4.2799999856   0.0000184795   0.0001078452   0.0000184795
   4.2849999856   0.0000326587   0.0000688999   0.0000326587
   4.2899999856   0.0000388493   0.0000405413   0.0000388493
   4.2949999856   0.0000375600   0.0000277840   0.0000375600
   4.2999999856   0.0000320618   0.0000322314   0.0000320618
   4.3049999855   0.0000275119   0.0000521103   0.0000275119
   4.3099999855   0.0000294831   0.0000828256   0.0000294831
   4.3149999855   0.0000422637   0.0001179101   0.0000422637
   4.3199999855   0.0000673733   0.0001502104   0.0000673733
   4.3249999855   0.0001027035   0.0001731385   0.0001027035
   4.3299999855   0.0001425633   0.0001818062   0.0001425633
   4.3349999854   0.0001786900   0.0001738609   0.0001786900
   4.3399999854   0.0002020445   0.0001498708   0.0002020445
   4.3449999854   0.0002049911   0.0001131619   0.0002049911
   4.3499999854   0.0001833324   0.0000691046   0.0001833324
   4.3549999854   0.0001376616   0.0000239657   0.0001376616
   4.3599999854   0.0000736311  -0.0000164529   0.0000736311
   4.3649999853   0.0000009795  -0.0000480892   0.0000009795
   4.3699999853  -0.0000685291  -0.0000695078  -0.0000685291
   4.3749999853  -0.0001238104  -0.0000821695  -0.0001238104
   4.3799999853  -0.0001571637  -0.0000899987  -0.0001571637
   4.3849999853  -0.0001662854  -0.0000983432  -0.0001662854
   4.3899999853  -0.0001550286  -0.0001125871  -0.0001550286
   4.3949999852  -0.0001326365  -0.0001367800  -0.0001326365
   4.3999999852  -0.0001115500  -0.0001726468  -0.0001115500
   4.4049999852  -0.0001042681  -0.0002192444  -0.0001042681
   4.4099999852  -0.0001200137  -0.0002733464  -0.0001200137
   4.4149999852  -0.0001620519  -0.0003304308  -0.0001620519
   4.4199999852  -0.0002263868  -0.0003859681  -0.0002263868
   4.4249999851  -0.0003022453  -0.0004366214  -0.0003022453
   4.4299999851  -0.0003743141  -0.0004809981  -0.0003743141
   4.4349999851  -0.0004262441  -0.0005197349  -0.0004262441
   4.4399999851  -0.0004445854  -0.0005549022  -0.0004445854
   4.4449999851  -0.0004221724  -0.0005889298  -0.0004221724
   4.4499999851  -0.0003600827  -0.0006234068  -0.0003600827
   4.4549999850  -0.0002676318  -0.0006581517  -0.0002676318
   4.4599999850  -0.0001603545  -0.0006908707  -0.0001603545
   4.4649999850  -0.0000564418  -0.0007175371  -0.0000564418
   4.4699999850   0.0000274917  -0.0007334034   0.0000274917
   4.4749999850   0.0000802443  -0.0007343490   0.0000802443
   4.4799999850   0.0000984926  -0.0007181532   0.0000984926
   4.4849999849   0.0000872565  -0.0006852889   0.0000872565
   4.4899999849   0.0000582505  -0.0006389659   0.0000582505
   4.4949999849   0.0000265629  -0.0005843676   0.0000265629
   4.4999999849   0.0000065409  -0.0005272749   0.0000065409
   4.5049999849   0.0000079692  -0.0004724571   0.0000079692
   4.5099999849   0.0000335438  -0.0004223034   0.0000335438
   4.5149999848   0.0000782946  -0.0003761178   0.0000782946
   4.5199999848   0.0001310785  -0.0003303238   0.0001310785
   4.5249999848   0.0001777140  -0.0002795772   0.0001777140
   4.5299999848   0.0002048871  -0.0002185152   0.0002048871
   4.5349999848   0.0002037649  -0.0001436780   0.0002037649
   4.5399999848   0.0001723491  -0.0000550572   0.0001723491
   4.5449999847   0.0001159582   0.0000431972   0.0001159582
   4.5499999847   0.0000457468   0.0001431732   0.0000457468
   4.5549999847  -0.0000242938   0.0002346703  -0.0000242938
   4.5599999847  -0.0000810087   0.0003074216  -0.0000810087
   4.5649999847  -0.0001154179   0.0003535175  -0.0001154179
   4.5699999847  -0.0001248306   0.0003693956  -0.0001248306
   4.5749999846  -0.0001132027   0.0003568482  -0.0001132027
   4.5799999846  -0.0000897005   0.0003227321  -0.0000897005
   4.5849999846  -0.0000659215   0.0002774043  -0.0000659215
   4.5899999846  -0.0000525766   0.0002322440  -0.0000525766
   4.5949999846  -0.0000565537   0.0001968870  -0.0000565537
   4.5999999846  -0.0000791513   0.0001768925  -0.0000791513
   4.6049999845  -0.0001159230   0.0001724731  -0.0001159230
   4.6099999845  -0.0001581199   0.0001786455  -0.0001581199
   4.6149999845  -0.0001952855   0.0001867805  -0.0001952855
   4.6199999845  -0.0002182587   0.0001871482  -0.0002182587
   4.6249999845  -0.0002217513   0.0001717695  -0.0002217513
   4.6299999845  -0.0002058081   0.0001367916  -0.0002058081
   4.6349999844  -0.0001757722   0.0000837248  -0.0001757722
   4.6399999844  -0.0001407926   0.0000191937  -0.0001407926
   4.6449999844  -0.0001112957  -0.0000467287  -0.0001112957
   4.6499999844  -0.0000961153  -0.0001031353  -0.0000961153
   4.6549999844  -0.0001000529  -0.0001411093  -0.0001000529
   4.6599999844  -0.0001225246  -0.0001559656  -0.0001225246
   4.6649999843  -0.0001576563  -0.0001482918  -0.0001576563
   4.6699999843  -0.0001958119  -0.0001235277  -0.0001958119
   4.6749999843  -0.0002261607  -0.0000902482  -0.0002261607
   4.6799999843  -0.0002396127  -0.0000576895  -0.0002396127
   4.6849999843  -0.0002313467  -0.0000332604  -0.0002313467
   4.6899999843  -0.0002022456  -0.0000207586  -0.0002022456
   4.6949999842  -0.0001588286  -0.0000197728  -0.0001588286
   4.6999999842  -0.0001116539  -0.0000263726  -0.0001116539
   4.7049999842  -0.0000725741  -0.0000347946  -0.0000725741
   4.7099999842  -0.0000515465  -0.0000395407  -0.0000515465
   4.7149999842  -0.0000538462  -0.0000372114  -0.0000538462
   4.7199999841  -0.0000784574  -0.0000275124  -0.0000784574
   4.7249999841  -0.0001181315  -0.0000131693  -0.0001181315
   4.7299999841  -0.0001611643   0.0000011588  -0.0001611643
   4.7349999841  -0.0001944775   0.0000105522  -0.0001944775
   4.7399999841  -0.0002072073   0.0000115116  -0.0002072073
   4.7449999841  -0.0001938254   0.0000030912  -0.0001938254
   4.7499999840  -0.0001559048  -0.0000128687  -0.0001559048
   4.7549999840  -0.0001019813  -0.0000324491  -0.0001019813
   4.7599999840  -0.0000454725  -0.0000510331  -0.0000454725
   4.7649999840  -0.0000011638  -0.0000648795  -0.0000011638
   4.7699999840   0.0000188068  -0.0000723622   0.0000188068
   4.7749999840   0.0000083554  -0.0000744737   0.0000083554
   4.7799999839  -0.0000307231  -0.0000744427  -0.0000307231
   4.7849999839  -0.0000890683  -0.0000766030  -0.0000890683
   4.7899999839  -0.0001521699  -0.0000848915  -0.0001521699
   4.7949999839  -0.0002042499  -0.0001014626  -0.0002042499
   4.7999999839  -0.0002325482  -0.0001258591  -0.0002325482
   4.8049999839  -0.0002308118  -0.0001550015  -0.0002308118
   4.8099999838  -0.0002010000  -0.0001839972  -0.0002010000
   4.8149999838  -0.0001527123  -0.0002075240  -0.0001527123
   4.8199999838  -0.0001004913  -0.0002213691  -0.0001004913
   4.8249999838  -0.0000597572  -0.0002236676  -0.0000597572
   4.8299999838  -0.0000425174  -0.0002154762  -0.0000425174
   4.8349999838  -0.0000540585  -0.0002005209  -0.0000540585
   4.8399999837  -0.0000915389  -0.0001841970  -0.0000915389
   4.8449999837  -0.0001448544  -0.0001721131  -0.0001448544
   4.8499999837  -0.0001995019  -0.0001685975  -0.0001995019
   4.8549999837  -0.0002406040  -0.0001755844  -0.0002406040
   4.8599999837  -0.0002569481  -0.0001921849  -0.0002569481
   4.8649999837  -0.0002439122  -0.0002150435  -0.0002439122
   4.8699999836  -0.0002044944  -0.0002393563  -0.0002044944
   4.8749999836  -0.0001482162  -0.0002602417  -0.0001482162
   4.8799999836  -0.0000882769  -0.0002740618  -0.0000882769
   4.8849999836  -0.0000378158  -0.0002793187  -0.0000378158
   4.8899999836  -0.0000063579  -0.0002768875  -0.0000063579
   4.8949999836   0.0000025710  -0.0002695518   0.0000025710
   4.8999999835  -0.0000079560  -0.0002610201  -0.0000079560
   4.9049999835  -0.0000295408  -0.0002547493  -0.0000295408
   4.9099999835  -0.0000511642  -0.0002529520  -0.0000511642
   4.9149999835  -0.0000624919  -0.0002560838  -0.0000624919
   4.9199999835  -0.0000568219  -0.0002629423  -0.0000568219
   4.9249999835  -0.0000328609  -0.0002712965  -0.0000328609
   4.9299999834   0.0000051161  -0.0002787932   0.0000051161
   4.9349999834   0.0000486845  -0.0002837991   0.0000486845
   4.9399999834   0.0000877831  -0.0002858788   0.0000877831
   4.9449999834   0.0001135497  -0.0002857511   0.0001135497
   4.9499999834   0.0001206562  -0.0002847727   0.0001206562
   4.9549999834   0.0001085051  -0.0002841786   0.0001085051
   4.9599999833   0.0000810151  -0.0002844083   0.0000810151
   4.9649999833   0.0000451444  -0.0002848165   0.0000451444
   4.9699999833   0.0000086595  -0.0002839174   0.0000086595
   4.9749999833  -0.0000221505  -0.0002800959  -0.0000221505
   4.9799999833  -0.0000441420  -0.0002725205  -0.0000441420
   4.9849999833  -0.0000579178  -0.0002618791  -0.0000579178
   4.9899999832  -0.0000672589  -0.0002505972  -0.0000672589
   4.9949999832  -0.0000776415  -0.0002423649  -0.0000776415
   4.9999999832  -0.0000943555  -0.0002410555  -0.0000943555
   5.0049999832  -0.0001208252  -0.0002493606  -0.0001208252
   5.0099999832  -0.0001576304  -0.0002676132  -0.0001576304
   5.0149999832  -0.0002024722  -0.0002932530  -0.0002024722
   5.0199999831  -0.0002510147  -0.0003212012  -0.0002510147
   5.0249999831  -0.0002982628  -0.0003451202  -0.0002982628
   5.0299999831  -0.0003399927  -0.0003592185  -0.0003399927
   5.0349999831  -0.0003737774  -0.0003600534  -0.0003737774
   5.0399999831  -0.0003993218  -0.0003477386  -0.0003993218
   5.0449999831  -0.0004180786  -0.0003261282  -0.0004180786
   5.0499999830  -0.0004323620  -0.0003018548  -0.0004323620
   5.0549999830  -0.0004443296  -0.0002824662  -0.0004443296
   5.0599999830  -0.0004552132  -0.0002742057  -0.0004552132
   5.0649999830  -0.0004650507  -0.0002801115  -0.0004650507
   5.0699999830  -0.0004729617  -0.0002990318  -0.0004729617
   5.0749999830  -0.0004777957  -0.0003258823  -0.0004777957
   5.0799999829  -0.0004788427  -0.0003530918  -0.0004788427
   5.0849999829  -0.0004762919  -0.0003728170  -0.0004762919
   5.0899999829  -0.0004712344  -0.0003792706  -0.0004712344
   5.0949999829  -0.0004652097  -0.0003704664  -0.0004652097
   5.0999999829  -0.0004594867  -0.0003488661  -0.0004594867
   5.1049999829  -0.0004543958  -0.0003207382  -0.0004543958
   5.1099999828  -0.0004490229  -0.0002944295  -0.0004490229
   5.1149999828  -0.0004414423  -0.0002780645  -0.0004414423
   5.1199999828  -0.0004294577  -0.0002773496  -0.0004294577
   5.1249999828  -0.0004116073  -0.0002941140  -0.0004116073
   5.1299999828  -0.0003880554  -0.0003259858  -0.0003880554
   5.1349999828  -0.0003610025  -0.0003672607  -0.0003610025
   5.1399999827  -0.0003343872  -0.0004106709  -0.0003343872
   5.1449999827  -0.0003128987  -0.0004495067  -0.0003128987
   5.1499999827  -0.0003005690  -0.0004794632  -0.0003005690
   5.1549999827  -0.0002993957  -0.0004996881  -0.0002993957
   5.1599999827  -0.0003084732  -0.0005127619  -0.0003084732
   5.1649999827  -0.0003239797  -0.0005236678  -0.0003239797
   5.1699999826  -0.0003401060  -0.0005381051  -0.0003401060
   5.1749999826  -0.0003507035  -0.0005606765  -0.0003507035
   5.1799999826  -0.0003511771  -0.0005934912  -0.0003511771
   5.1849999826  -0.0003400344  -0.0006355760  -0.0003400344
   5.1899999826  -0.0003195762  -0.0006832218  -0.0003195762
   5.1949999826  -0.0002954529  -0.0007311052  -0.0002954529
   5.1999999825  -0.0002751559  -0.0007737996  -0.0002751559
   5.2049999825  -0.0002658479  -0.0008071991  -0.0002658479
   5.2099999825  -0.0002721640  -0.0008294361  -0.0002721640
   5.2149999825  -0.0002946573  -0.0008410624  -0.0002946573
   5.2199999825  -0.0003293942  -0.0008445109  -0.0003293942
   5.2249999825  -0.0003688784  -0.0008430783  -0.0003688784
   5.2299999824  -0.0004040815  -0.0008398007  -0.0004040815
   5.2349999824  -0.0004270165  -0.0008365898  -0.0004270165
   5.2399999824  -0.0004331002  -0.0008338775  -0.0004331002
   5.2449999824  -0.0004225899  -0.0008308207  -0.0004225899
   5.2499999824  -0.0004006334  -0.0008259251  -0.0004006334
   5.2549999824  -0.0003758746  -0.0008178222  -0.0003758746
   5.2599999823  -0.0003579918  -0.0008059114  -0.0003579918
   5.2649999823  -0.0003548737  -0.0007906642  -0.0003548737
   5.2699999823  -0.0003702624  -0.0007735318  -0.0003702624
   5.2749999823  -0.0004025684  -0.0007565485  -0.0004025684
   5.2799999823  -0.0004452182  -0.0007418198  -0.0004452182
   5.2849999823  -0.0004884413  -0.0007310997  -0.0004884413
   5.2899999822  -0.0005219714  -0.0007255905  -0.0005219714
   5.2949999822  -0.0005378631  -0.0007259940  -0.0005378631
   5.2999999822  -0.0005325971  -0.0007327278  -0.0005325971
   5.3049999822  -0.0005078658  -0.0007461678  -0.0005078658
   5.3099999822  -0.0004698365  -0.0007667844  -0.0004698365
   5.3149999822  -0.0004271471  -0.0007951045  -0.0004271471
   5.3199999821  -0.0003882575  -0.0008315266  -0.0003882575
   5.3249999821  -0.0003589552  -0.0008760801  -0.0003589552
   5.3299999821  -0.0003407373  -0.0009282501  -0.0003407373
   5.3349999821  -0.0003305037  -0.0009869487  -0.0003305037
   5.3399999821  -0.0003215963  -0.0010506464  -0.0003215963
   5.3449999821  -0.0003058250  -0.0011176016  -0.0003058250
   5.3499999820  -0.0002758609  -0.0011860804  -0.0002758609
   5.3549999820  -0.0002273119  -0.0012544679  -0.0002273119
   5.3599999820  -0.0001599322  -0.0013212219  -0.0001599322
   5.3649999820  -0.0000776951  -0.0013846921  -0.0000776951
   5.3699999820   0.0000122104  -0.0014428896   0.0000122104
   5.3749999820   0.0001011215  -0.0014933149   0.0001011215
   5.3799999819   0.0001808814  -0.0015329291   0.0001808814
   5.3849999819   0.0002455424  -0.0015582983   0.0002455424
   5.3899999819   0.0002923971  -0.0015658769   0.0002923971
   5.3949999819   0.0003221394  -0.0015523528   0.0003221394
   5.3999999819   0.0003381814  -0.0015149637   0.0003381814
   5.4049999818   0.0003453498  -0.0014517214   0.0003453498
   5.4099999818   0.0003483088  -0.0013615159   0.0003483088
   5.4149999818   0.0003501076  -0.0012441099   0.0003501076
   5.4199999818   0.0003512074  -0.0011000529   0.0003512074
   5.4249999818   0.0003492321  -0.0009305422   0.0003492321
   5.4299999818   0.0003395169  -0.0007372513   0.0003395169
   5.4349999817   0.0003163385  -0.0005221398   0.0003163385
   5.4399999817   0.0002745319  -0.0002872731   0.0002745319
   5.4449999817   0.0002110805  -0.0000346975   0.0002110805
   5.4499999817   0.0001262452   0.0002335687   0.0001262452
   5.4549999817   0.0000238952   0.0005153797   0.0000238952
   5.4599999817  -0.0000890938   0.0008081421  -0.0000890938
   5.4649999816  -0.0002042492   0.0011084011  -0.0002042492
   5.4699999816  -0.0003133478   0.0014114783  -0.0003133478
   5.4749999816  -0.0004101813   0.0017113361  -0.0004101813
   5.4799999816  -0.0004917261   0.0020008109  -0.0004917261
   5.4849999816  -0.0005583684   0.0022722556  -0.0005583684
   5.4899999816  -0.0006131249   0.0025184861  -0.0006131249
   5.4949999815  -0.0006601127   0.0027337960  -0.0006601127
   5.4999999815  -0.0007027643   0.0029147411  -0.0007027643
   5.5049999815  -0.0007423700   0.0030604361  -0.0007423700
   5.5099999815  -0.0007774180   0.0031722513  -0.0007774180
   5.5149999815  -0.0008039454   0.0032529964  -0.0008039454
   5.5199999815  -0.0008167746   0.0033058626  -0.0008167746
   5.5249999814  -0.0008112266   0.0033334893  -0.0008112266
   5.5299999814  -0.0007847518   0.0033374856  -0.0007847518
   5.5349999814  -0.0007379597   0.0033185749  -0.0007379597
   5.5399999814  -0.0006747380   0.0032773065  -0.0006747380
   5.5449999814  -0.0006014508   0.0032150644  -0.0006014508
   5.5499999814  -0.0005254947   0.0031349936  -0.0005254947
   5.5549999813  -0.0004536756   0.0030424851  -0.0004536756
   5.5599999813  -0.0003908910   0.0029450217  -0.0003908910
   5.5649999813  -0.0003394687   0.0028514037  -0.0003394687
   5.5699999813  -0.0002992860   0.0027705896  -0.0002992860
   5.5749999813  -0.0002685390   0.0027104980  -0.0002685390
   5.5799999813  -0.0002448536   0.0026771114  -0.0002448536
   5.5849999812  -0.0002263546   0.0026740912  -0.0002263546
   5.5899999812  -0.0002123673   0.0027029302  -0.0002123673
   5.5949999812  -0.0002035699   0.0027634920  -0.0002035699
   5.5999999812  -0.0002015957   0.0028546878  -0.0002015957
   5.6049999812  -0.0002082481   0.0029750460  -0.0002082481
   5.6099999812  -0.0002245849   0.0031230125  -0.0002245849
   5.6149999811  -0.0002501474   0.0032969541  -0.0002501474
   5.6199999811  -0.0002825459   0.0034949499  -0.0002825459
   5.6249999811  -0.0003175085   0.0037145178  -0.0003175085
   5.6299999811  -0.0003493728   0.0039524184  -0.0003493728
   5.6349999811  -0.0003718906   0.0042046232  -0.0003718906
   5.6399999811  -0.0003791457   0.0044664573  -0.0003791457
   5.6449999810  -0.0003663684   0.0047328684  -0.0003663684
   5.6499999810  -0.0003304640   0.0049987411  -0.0003304640
   5.6549999810  -0.0002701571   0.0052591832  -0.0002701571
   5.6599999810  -0.0001857539   0.0055097329  -0.0001857539
   5.6649999810  -0.0000786288   0.0057464685  -0.0000786288
   5.6699999810   0.0000493908   0.0059660244   0.0000493908
   5.6749999809   0.0001965455   0.0061655337   0.0001965455
   5.6799999809   0.0003614195   0.0063425254   0.0003614195
   5.6849999809   0.0005428986   0.0064948123   0.0005428986
   5.6899999809   0.0007398516   0.0066204103   0.0007398516
   5.6949999809   0.0009506624   0.0067175194   0.0009506624
   5.6999999809   0.0011727914   0.0067845794   0.0011727914
   5.7049999808   0.0014025309   0.0068203721   0.0014025309
   5.7099999808   0.0016350556   0.0068241120   0.0016350556
   5.7149999808   0.0018647752   0.0067954406   0.0018647752
   5.7199999808   0.0020859056   0.0067342644   0.0020859056
   5.7249999808   0.0022931204   0.0066404287   0.0022931204
   5.7299999808   0.0024821331   0.0065133003   0.0024821331
   5.7349999807   0.0026501009   0.0063514035   0.0026501009
   5.7399999807   0.0027957994   0.0061522759   0.0027957994
   5.7449999807   0.0029195813   0.0059126672   0.0029195813
   5.7499999807   0.0030231769   0.0056290937   0.0030231769
   5.7549999807   0.0031094062   0.0052986288   0.0031094062
   5.7599999807   0.0031818685   0.0049196989   0.0031818685
   5.7649999806   0.0032446543   0.0044926254   0.0032446543
   5.7699999806   0.0033021069   0.0040197199   0.0033021069
   5.7749999806   0.0033586485   0.0035048909   0.0033586485
   5.7799999806   0.0034186757   0.0029528934   0.0034186757
   5.7849999806   0.0034865168   0.0023684855   0.0034865168
   5.7899999806   0.0035664247   0.0017557885   0.0035664247
   5.7949999805   0.0036625573   0.0011180667   0.0036625573
   5.7999999805   0.0037788815   0.0004579784   0.0037788815
   5.8049999805   0.0039189445  -0.0002218294   0.0039189445
   5.8099999805   0.0040854892  -0.0009180359   0.0040854892
   5.8149999805   0.0042799455  -0.0016261427   0.0042799455
   5.8199999805   0.0045018884  -0.0023403389   0.0045018884
   5.8249999804   0.0047485944  -0.0030537670   0.0047485944
   5.8299999804   0.0050148237  -0.0037590771   0.0050148237
   5.8349999804   0.0052929142  -0.0044490652   0.0052929142
   5.8399999804   0.0055731863  -0.0051171991   0.0055731863
   5.8449999804   0.0058445820  -0.0057579170   0.0058445820
   5.8499999804   0.0060953962  -0.0063666921   0.0060953962
   5.8549999803   0.0063139521  -0.0069399426   0.0063139521
   5.8599999803   0.0064891115  -0.0074748855   0.0064891115
   5.8649999803   0.0066105811  -0.0079693932   0.0066105811
   5.8699999803   0.0066690522  -0.0084218461   0.0066690522
   5.8749999803   0.0066562600  -0.0088309295   0.0066562600
   5.8799999803   0.0065650586  -0.0091953346   0.0065650586
   5.8849999802   0.0063895793  -0.0095133887   0.0063895793
   5.8899999802   0.0061254964  -0.0097827284   0.0061254964
   5.8949999802   0.0057703793  -0.0100001762   0.0057703793
   5.8999999802   0.0053240886  -0.0101619561   0.0053240886
   5.9049999802   0.0047891643  -0.0102642752   0.0047891643
   5.9099999802   0.0041711595  -0.0103041432   0.0041711595
   5.9149999801   0.0034788675  -0.0102801763   0.0034788675
   5.9199999801   0.0027243785  -0.0101930951   0.0027243785
   5.9249999801   0.0019228873  -0.0100457144   0.0019228873
   5.9299999801   0.0010921779  -0.0098424101   0.0010921779
   5.9349999801   0.0002517545  -0.0095882573   0.0002517545
   5.9399999801  -0.0005783323  -0.0092881786  -0.0005783323
   5.9449999800  -0.0013788086  -0.0089464507  -0.0013788086
   5.9499999800  -0.0021324136  -0.0085667747  -0.0021324136
   5.9549999800  -0.0028247907  -0.0081528843  -0.0028247907
   5.9599999800  -0.0034448487  -0.0077094270  -0.0034448487
   5.9649999800  -0.0039845599  -0.0072427293  -0.0039845599
   5.9699999800  -0.0044383515  -0.0067610823  -0.0044383515
   5.9749999799  -0.0048023996  -0.0062743733  -0.0048023996
   5.9799999799  -0.0050741821  -0.0057931413  -0.0050741821
   5.9849999799  -0.0052525556  -0.0053273660  -0.0052525556
   5.9899999799  -0.0053384104  -0.0048853924  -0.0053384104
   5.9949999799  -0.0053357012  -0.0044733267  -0.0053357012
