   0.0000000000   0.0000000000   0.0000000000   0.0000000000
   0.0050000000   0.0000000000   0.0000000000   0.0000000000
   0.0100000000   0.0000000000   0.0000000000   0.0000000000
   0.0149999999   0.0000000000   0.0000000000   0.0000000000
   0.0199999999   0.0000000000   0.0000000000   0.0000000000
   0.0249999999   0.0000000000   0.0000000000   0.0000000000
   0.0299999999   0.0000000000   0.0000000000   0.0000000000
   0.0349999999   0.0000000000   0.0000000000   0.0000000000
   0.0399999999   0.0000000000   0.0000000000   0.0000000000
   0.0449999998   0.0000000000   0.0000000000   0.0000000000
   0.0499999998   0.0000000000   0.0000000000   0.0000000000
   0.0549999998   0.0000000000   0.0000000000   0.0000000000
   0.0599999998   0.0000000000   0.0000000000   0.0000000000
   0.0649999998   0.0000000000   0.0000000000   0.0000000000
   0.0699999998   0.0000000000   0.0000000000   0.0000000000
   0.0749999997   0.0000000000   0.0000000000   0.0000000000
   0.0799999997   0.0000000000   0.0000000000   0.0000000000
   0.0849999997   0.0000000000   0.0000000000   0.0000000000
   0.0899999997   0.0000000000   0.0000000000   0.0000000000
   0.0949999997  -0.0000000000   0.0000000000  -0.0000000000
   0.0999999997  -0.0000000000   0.0000000000  -0.0000000000
   0.1049999996  -0.0000000000   0.0000000000  -0.0000000000
   0.1099999996  -0.0000000000   0.0000000000  -0.0000000000
   0.1149999996  -0.0000000000   0.0000000000  -0.0000000000
   0.1199999996  -0.0000000000   0.0000000000  -0.0000000000
   0.1249999996  -0.0000000000   0.0000000000  -0.0000000000
   0.1299999996  -0.0000000000   0.0000000000  -0.0000000000
   0.1349999995  -0.0000000000   0.0000000000  -0.0000000000
   0.1399999995  -0.0000000000   0.0000000000  -0.0000000000
   0.1449999995   0.0000000000   0.0000000000   0.0000000000
   0.1499999995   0.0000000000  -0.0000000000   0.0000000000
   0.1549999995   0.0000000000  -0.0000000000   0.0000000000
   0.1599999995   0.0000000000  -0.0000000000   0.0000000000
   0.1649999994   0.0000000000  -0.0000000000   0.0000000000
   0.1699999994   0.0000000000  -0.0000000000   0.0000000000
   0.1749999994   0.0000000000  -0.0000000000   0.0000000000
   0.1799999994   0.0000000000  -0.0000000000   0.0000000000
   0.1849999994   0.0000000000  -0.0000000000   0.0000000000
   0.1899999994   0.0000000000  -0.0000000000   0.0000000000
   0.1949999993   0.0000000000  -0.0000000000   0.0000000000
   0.1999999993   0.0000000000  -0.0000000000   0.0000000000
   0.2049999993   0.0000000000  -0.0000000000   0.0000000000
   0.2099999993   0.0000000000  -0.0000000000   0.0000000000
   0.2149999993   0.0000000000  -0.0000000000   0.0000000000
   0.2199999993   0.0000000000  -0.0000000000   0.0000000000
   0.2249999992   0.0000000000  -0.0000000000   0.0000000000
   0.2299999992   0.0000000000  -0.0000000000   0.0000000000
   0.2349999992   0.0000000000  -0.0000000000   0.0000000000
   0.2399999992   0.0000000000  -0.0000000000   0.0000000000
   0.2449999992   0.0000000000  -0.0000000000   0.0000000000
   0.2499999992   0.0000000000  -0.0000000000   0.0000000000
   0.2549999991   0.0000000000  -0.0000000000   0.0000000000
   0.2599999991   0.0000000000  -0.0000000000   0.0000000000
   0.2649999991   0.0000000000  -0.0000000000   0.0000000000
   0.2699999991   0.0000000000  -0.0000000000   0.0000000000
   0.2749999991   0.0000000000  -0.0000000000   0.0000000000
   0.2799999991   0.0000000000  -0.0000000000   0.0000000000
   0.2849999990   0.0000000000  -0.0000000000   0.0000000000
   0.2899999990   0.0000000000  -0.0000000000   0.0000000000
   0.2949999990   0.0000000000  -0.0000000000   0.0000000000
   0.2999999990   0.0000000000  -0.0000000000   0.0000000000
   0.3049999990   0.0000000000  -0.0000000000   0.0000000000
   0.3099999990   0.0000000000  -0.0000000000   0.0000000000
   0.3149999989   0.0000000000  -0.0000000000   0.0000000000
   0.3199999989   0.0000000000  -0.0000000000   0.0000000000
   0.3249999989   0.0000000000  -0.0000000000   0.0000000000
   0.3299999989   0.0000000000  -0.0000000000   0.0000000000
   0.3349999989   0.0000000000  -0.0000000000   0.0000000000
   0.3399999989   0.0000000000  -0.0000000000   0.0000000000
   0.3449999988   0.0000000000  -0.0000000000   0.0000000000
   0.3499999988   0.0000000000  -0.0000000000   0.0000000000
   0.3549999988   0.0000000000  -0.0000000000   0.0000000000
   0.3599999988   0.0000000000  -0.0000000000   0.0000000000
   0.3649999988   0.0000000000  -0.0000000000   0.0000000000
   0.3699999988   0.0000000000  -0.0000000000   0.0000000000
   0.3749999987   0.0000000000  -0.0000000000   0.0000000000
   0.3799999987   0.0000000000  -0.0000000000   0.0000000000
   0.3849999987   0.0000000000  -0.0000000000   0.0000000000
   0.3899999987   0.0000000000  -0.0000000000   0.0000000000
   0.3949999987   0.0000000000  -0.0000000000   0.0000000000
   0.3999999987   0.0000000000  -0.0000000000   0.0000000000
   0.4049999986   0.0000000000  -0.0000000000   0.0000000000
   0.4099999986   0.0000000000  -0.0000000000   0.0000000000
   0.4149999986   0.0000000000  -0.0000000000   0.0000000000
   0.4199999986   0.0000000000  -0.0000000000   0.0000000000
   0.4249999986   0.0000000000   0.0000000000   0.0000000000
   0.4299999986   0.0000000000   0.0000000000   0.0000000000
   0.4349999985  -0.0000000000   0.0000000000  -0.0000000000
   0.4399999985  -0.0000000000   0.0000000000  -0.0000000000
   0.4449999985  -0.0000000000   0.0000000000  -0.0000000000
   0.4499999985  -0.0000000000   0.0000000000  -0.0000000000
   0.4549999985  -0.0000000000   0.0000000000  -0.0000000000
   0.4599999985  -0.0000000000   0.0000000000  -0.0000000000
   0.4649999984  -0.0000000000   0.0000000000  -0.0000000000
   0.4699999984  -0.0000000000   0.0000000000  -0.0000000000
   0.4749999984  -0.0000000000   0.0000000000  -0.0000000000
   0.4799999984  -0.0000000000   0.0000000000  -0.0000000000
   0.4849999984  -0.0000000000   0.0000000000  -0.0000000000
   0.4899999984  -0.0000000000   0.0000000000  -0.0000000000
   0.4949999983  -0.0000000000   0.0000000000  -0.0000000000
   0.4999999983  -0.0000000000   0.0000000000  -0.0000000000
   0.5049999983  -0.0000000000   0.0000000000  -0.0000000000
   0.5099999983  -0.0000000000   0.0000000000  -0.0000000000
   0.5149999983  -0.0000000000   0.0000000000  -0.0000000000
   0.5199999983  -0.0000000000   0.0000000000  -0.0000000000
   0.5249999982  -0.0000000000   0.0000000000  -0.0000000000
   0.5299999982  -0.0000000000   0.0000000000  -0.0000000000
   0.5349999982  -0.0000000000   0.0000000000  -0.0000000000
   0.5399999982  -0.0000000000   0.0000000000  -0.0000000000
   0.5449999982  -0.0000000000   0.0000000000  -0.0000000000
   0.5499999982  -0.0000000000   0.0000000000  -0.0000000000
   0.5549999981  -0.0000000000   0.0000000000  -0.0000000000
   0.5599999981  -0.0000000000   0.0000000000  -0.0000000000
   0.5649999981  -0.0000000000   0.0000000000  -0.0000000000
   0.5699999981  -0.0000000000   0.0000000000  -0.0000000000
   0.5749999981  -0.0000000000   0.0000000000  -0.0000000000
   0.5799999981  -0.0000000000   0.0000000000  -0.0000000000
   0.5849999980  -0.0000000000   0.0000000000  -0.0000000000
   0.5899999980  -0.0000000000   0.0000000000  -0.0000000000
   0.5949999980  -0.0000000000   0.0000000000  -0.0000000000
   0.5999999980  -0.0000000000   0.0000000000  -0.0000000000
   0.6049999980  -0.0000000000   0.0000000000  -0.0000000000
   0.6099999980  -0.0000000000   0.0000000000  -0.0000000000
   0.6149999979  -0.0000000000   0.0000000000  -0.0000000000
   0.6199999979  -0.0000000000   0.0000000000  -0.0000000000
   0.6249999979  -0.0000000000   0.0000000000  -0.0000000000
   0.6299999979  -0.0000000000   0.0000000000  -0.0000000000
   0.6349999979  -0.0000000000   0.0000000000  -0.0000000000
   0.6399999979   0.0000000000   0.0000000000   0.0000000000
   0.6449999978   0.0000000000   0.0000000000   0.0000000000
   0.6499999978   0.0000000000   0.0000000000   0.0000000000
   0.6549999978   0.0000000000   0.0000000000   0.0000000000
   0.6599999978   0.0000000000   0.0000000000   0.0000000000
   0.6649999978   0.0000000000   0.0000000000   0.0000000000
   0.6699999978   0.0000000000   0.0000000000   0.0000000000
   0.6749999977   0.0000000000   0.0000000000   0.0000000000
   0.6799999977   0.0000000000   0.0000000000   0.0000000000
   0.6849999977   0.0000000000   0.0000000000   0.0000000000
   0.6899999977   0.0000000000   0.0000000000   0.0000000000
   0.6949999977   0.0000000000   0.0000000000   0.0000000000
   0.6999999976   0.0000000000   0.0000000000   0.0000000000
   0.7049999976   0.0000000000  -0.0000000000   0.0000000000
   0.7099999976   0.0000000000  -0.0000000000   0.0000000000
   0.7149999976   0.0000000000  -0.0000000000   0.0000000000
   0.7199999976   0.0000000000  -0.0000000000   0.0000000000
   0.7249999976  -0.0000000000  -0.0000000000  -0.0000000000
   0.7299999975  -0.0000000000  -0.0000000000  -0.0000000000
   0.7349999975  -0.0000000000  -0.0000000000  -0.0000000000
   0.7399999975  -0.0000000000  -0.0000000000  -0.0000000000
   0.7449999975  -0.0000000000  -0.0000000000  -0.0000000000
   0.7499999975  -0.0000000000  -0.0000000000  -0.0000000000
   0.7549999975  -0.0000000000  -0.0000000000  -0.0000000000
   0.7599999974  -0.0000000000  -0.0000000000  -0.0000000000
   0.7649999974  -0.0000000000  -0.0000000000  -0.0000000000
   0.7699999974  -0.0000000000   0.0000000000  -0.0000000000
   0.7749999974   0.0000000000   0.0000000000   0.0000000000
   0.7799999974   0.0000000000   0.0000000000   0.0000000000
   0.7849999974   0.0000000000   0.0000000000   0.0000000000
   0.7899999973   0.0000000000   0.0000000000   0.0000000000
   0.7949999973   0.0000000000   0.0000000000   0.0000000000
   0.7999999973   0.0000000000   0.0000000000   0.0000000000
   0.8049999973   0.0000000000   0.0000000000   0.0000000000
   0.8099999973   0.0000000000   0.0000000000   0.0000000000
   0.8149999973   0.0000000000   0.0000000000   0.0000000000
   0.8199999972   0.0000000000   0.0000000000   0.0000000000
   0.8249999972   0.0000000000   0.0000000000   0.0000000000
   0.8299999972   0.0000000000   0.0000000000   0.0000000000
   0.8349999972   0.0000000000   0.0000000000   0.0000000000
   0.8399999972   0.0000000000   0.0000000000   0.0000000000
   0.8449999972   0.0000000000   0.0000000000   0.0000000000
   0.8499999971   0.0000000000   0.0000000000   0.0000000000
   0.8549999971   0.0000000000   0.0000000000   0.0000000000
   0.8599999971   0.0000000000   0.0000000000   0.0000000000
   0.8649999971   0.0000000000   0.0000000000   0.0000000000
   0.8699999971   0.0000000000   0.0000000000   0.0000000000
   0.8749999971   0.0000000000   0.0000000000   0.0000000000
   0.8799999970   0.0000000000   0.0000000000   0.0000000000
   0.8849999970   0.0000000000   0.0000000000   0.0000000000
   0.8899999970   0.0000000000   0.0000000000   0.0000000000
   0.8949999970   0.0000000000   0.0000000000   0.0000000000
   0.8999999970   0.0000000000   0.0000000000   0.0000000000
   0.9049999970   0.0000000000   0.0000000000   0.0000000000
   0.9099999969   0.0000000000   0.0000000000   0.0000000000
   0.9149999969   0.0000000000   0.0000000000   0.0000000000
   0.9199999969   0.0000000000   0.0000000000   0.0000000000
   0.9249999969   0.0000000000   0.0000000000   0.0000000000
   0.9299999969   0.0000000000   0.0000000000   0.0000000000
   0.9349999969   0.0000000000   0.0000000000   0.0000000000
   0.9399999968   0.0000000000   0.0000000000   0.0000000000
   0.9449999968   0.0000000000   0.0000000000   0.0000000000
   0.9499999968   0.0000000000   0.0000000000   0.0000000000
   0.9549999968   0.0000000000   0.0000000000   0.0000000000
   0.9599999968   0.0000000000   0.0000000000   0.0000000000
   0.9649999968   0.0000000000   0.0000000000   0.0000000000
   0.9699999967   0.0000000000   0.0000000000   0.0000000000
   0.9749999967   0.0000000000   0.0000000000   0.0000000000
   0.9799999967   0.0000000000   0.0000000000   0.0000000000
   0.9849999967   0.0000000000   0.0000000000   0.0000000000
   0.9899999967   0.0000000000   0.0000000000   0.0000000000
   0.9949999967   0.0000000000   0.0000000000   0.0000000000
   0.9999999966   0.0000000000   0.0000000000   0.0000000000
   1.0049999966   0.0000000000   0.0000000000   0.0000000000
   1.0099999966   0.0000000000   0.0000000000   0.0000000000
   1.0149999966   0.0000000000   0.0000000000   0.0000000000
   1.0199999966   0.0000000000   0.0000000000   0.0000000000
   1.0249999966   0.0000000000   0.0000000000   0.0000000000
   1.0299999965   0.0000000000   0.0000000000   0.0000000000
   1.0349999965   0.0000000000   0.0000000000   0.0000000000
   1.0399999965   0.0000000000   0.0000000000   0.0000000000
   1.0449999965   0.0000000000   0.0000000000   0.0000000000
   1.0499999965   0.0000000000   0.0000000000   0.0000000000
   1.0549999965   0.0000000000   0.0000000000   0.0000000000
   1.0599999964   0.0000000000   0.0000000000   0.0000000000
   1.0649999964   0.0000000000   0.0000000000   0.0000000000
   1.0699999964   0.0000000000   0.0000000000   0.0000000000
   1.0749999964   0.0000000000   0.0000000000   0.0000000000
   1.0799999964   0.0000000000   0.0000000000   0.0000000000
   1.0849999964   0.0000000000   0.0000000000   0.0000000000
   1.0899999963   0.0000000000   0.0000000000   0.0000000000
   1.0949999963   0.0000000000   0.0000000000   0.0000000000
   1.0999999963   0.0000000000   0.0000000000   0.0000000000
   1.1049999963   0.0000000000   0.0000000000   0.0000000000
   1.1099999963   0.0000000000   0.0000000000   0.0000000000
   1.1149999963   0.0000000000   0.0000000000   0.0000000000
   1.1199999962   0.0000000000   0.0000000000   0.0000000000
   1.1249999962   0.0000000000   0.0000000000   0.0000000000
   1.1299999962   0.0000000000   0.0000000000   0.0000000000
   1.1349999962   0.0000000000   0.0000000000   0.0000000000
   1.1399999962   0.0000000000   0.0000000000   0.0000000000
   1.1449999962   0.0000000000   0.0000000000   0.0000000000
   1.1499999961   0.0000000000   0.0000000000   0.0000000000
   1.1549999961   0.0000000000   0.0000000000   0.0000000000
   1.1599999961   0.0000000000   0.0000000000   0.0000000000
   1.1649999961   0.0000000000   0.0000000000   0.0000000000
   1.1699999961   0.0000000000   0.0000000000   0.0000000000
   1.1749999961   0.0000000000   0.0000000000   0.0000000000
   1.1799999960   0.0000000000   0.0000000000   0.0000000000
   1.1849999960   0.0000000000   0.0000000000   0.0000000000
   1.1899999960   0.0000000000   0.0000000000   0.0000000000
   1.1949999960   0.0000000000   0.0000000000   0.0000000000
   1.1999999960   0.0000000000   0.0000000000   0.0000000000
   1.2049999960   0.0000000000   0.0000000000   0.0000000000
   1.2099999959   0.0000000000   0.0000000000   0.0000000000
   1.2149999959   0.0000000000   0.0000000000   0.0000000000
   1.2199999959   0.0000000000   0.0000000000   0.0000000000
   1.2249999959   0.0000000000   0.0000000000   0.0000000000
   1.2299999959   0.0000000000   0.0000000000   0.0000000000
   1.2349999959   0.0000000000   0.0000000000   0.0000000000
   1.2399999958   0.0000000000   0.0000000000   0.0000000000
   1.2449999958  -0.0000000000  -0.0000000000  -0.0000000000
   1.2499999958  -0.0000000000  -0.0000000000  -0.0000000000
   1.2549999958  -0.0000000000  -0.0000000000  -0.0000000000
   1.2599999958  -0.0000000000  -0.0000000000  -0.0000000000
   1.2649999958  -0.0000000000  -0.0000000000  -0.0000000000
   1.2699999957  -0.0000000000  -0.0000000000  -0.0000000000
   1.2749999957  -0.0000000000  -0.0000000000  -0.0000000000
   1.2799999957  -0.0000000000  -0.0000000000  -0.0000000000
   1.2849999957  -0.0000000000  -0.0000000000  -0.0000000000
   1.2899999957  -0.0000000000  -0.0000000000  -0.0000000000
   1.2949999957  -0.0000000000  -0.0000000000  -0.0000000000
   1.2999999956  -0.0000000000  -0.0000000000  -0.0000000000
   1.3049999956  -0.0000000000  -0.0000000000  -0.0000000000
   1.3099999956  -0.0000000000  -0.0000000000  -0.0000000000
   1.3149999956  -0.0000000000  -0.0000000000  -0.0000000000
   1.3199999956  -0.0000000000  -0.0000000000  -0.0000000000
   1.3249999956   0.0000000000   0.0000000000   0.0000000000
   1.3299999955   0.0000000000   0.0000000000   0.0000000000
   1.3349999955   0.0000000000   0.0000000000   0.0000000000
   1.3399999955   0.0000000000   0.0000000000   0.0000000000
   1.3449999955   0.0000000000   0.0000000000   0.0000000000
   1.3499999955   0.0000000000   0.0000000000   0.0000000000
   1.3549999954   0.0000000000   0.0000000000   0.0000000000
   1.3599999954   0.0000000000   0.0000000000   0.0000000000
   1.3649999954   0.0000000000   0.0000000000   0.0000000000
   1.3699999954   0.0000000000   0.0000000000   0.0000000000
   1.3749999954   0.0000000000   0.0000000000   0.0000000000
   1.3799999954   0.0000000000   0.0000000000   0.0000000000
   1.3849999953   0.0000000000   0.0000000000   0.0000000000
   1.3899999953  -0.0000000000   0.0000000000  -0.0000000000
   1.3949999953  -0.0000000000  -0.0000000000  -0.0000000000
   1.3999999953  -0.0000000000  -0.0000000000  -0.0000000000
   1.4049999953  -0.0000000000  -0.0000000000  -0.0000000000
   1.4099999953  -0.0000000000  -0.0000000000  -0.0000000000
   1.4149999952  -0.0000000000  -0.0000000000  -0.0000000000
   1.4199999952  -0.0000000000  -0.0000000000  -0.0000000000
   1.4249999952  -0.0000000000  -0.0000000000  -0.0000000000
   1.4299999952  -0.0000000000  -0.0000000000  -0.0000000000
   1.4349999952  -0.0000000000  -0.0000000000  -0.0000000000
   1.4399999952  -0.0000000000  -0.0000000000  -0.0000000000
   1.4449999951  -0.0000000000  -0.0000000000  -0.0000000000
   1.4499999951   0.0000000000  -0.0000000000   0.0000000000
   1.4549999951   0.0000000000   0.0000000000   0.0000000000
   1.4599999951   0.0000000000   0.0000000000   0.0000000000
   1.4649999951   0.0000000000   0.0000000000   0.0000000000
   1.4699999951   0.0000000000   0.0000000000   0.0000000000
   1.4749999950   0.0000000000   0.0000000000   0.0000000000
   1.4799999950   0.0000000000   0.0000000000   0.0000000000
   1.4849999950   0.0000000000   0.0000000000   0.0000000000
   1.4899999950   0.0000000000   0.0000000000   0.0000000000
   1.4949999950   0.0000000000   0.0000000000   0.0000000000
   1.4999999950   0.0000000000   0.0000000000   0.0000000000
   1.5049999949  -0.0000000000   0.0000000000  -0.0000000000
   1.5099999949  -0.0000000000  -0.0000000000  -0.0000000000
   1.5149999949  -0.0000000000  -0.0000000000  -0.0000000000
   1.5199999949  -0.0000000000  -0.0000000000  -0.0000000000
   1.5249999949  -0.0000000000  -0.0000000000  -0.0000000000
   1.5299999949  -0.0000000000  -0.0000000000  -0.0000000000
   1.5349999948  -0.0000000000  -0.0000000000  -0.0000000000
   1.5399999948  -0.0000000000  -0.0000000000  -0.0000000000
   1.5449999948  -0.0000000000  -0.0000000000  -0.0000000000
   1.5499999948  -0.0000000000  -0.0000000000  -0.0000000000
   1.5549999948  -0.0000000000  -0.0000000000  -0.0000000000
   1.5599999948   0.0000000000   0.0000000000   0.0000000000
   1.5649999947   0.0000000000   0.0000000000   0.0000000000
   1.5699999947   0.0000000000   0.0000000000   0.0000000000
   1.5749999947   0.0000000000   0.0000000000   0.0000000000
   1.5799999947   0.0000000000   0.0000000000   0.0000000000
   1.5849999947   0.0000000000   0.0000000000   0.0000000000
   1.5899999947   0.0000000000   0.0000000000   0.0000000000
   1.5949999946   0.0000000000   0.0000000000   0.0000000000
   1.5999999946   0.0000000000   0.0000000000   0.0000000000
   1.6049999946  -0.0000000000   0.0000000000  -0.0000000000
   1.6099999946  -0.0000000000  -0.0000000000  -0.0000000000
   1.6149999946  -0.0000000000  -0.0000000000  -0.0000000000
   1.6199999946  -0.0000000000  -0.0000000000  -0.0000000000
   1.6249999945  -0.0000000000  -0.0000000000  -0.0000000000
   1.6299999945  -0.0000000000  -0.0000000000  -0.0000000000
   1.6349999945  -0.0000000000  -0.0000000000  -0.0000000000
   1.6399999945  -0.0000000000  -0.0000000000  -0.0000000000
   1.6449999945  -0.0000000000  -0.0000000000  -0.0000000000
   1.6499999945   0.0000000000  -0.0000000000   0.0000000000
   1.6549999944   0.0000000000   0.0000000000   0.0000000000
   1.6599999944   0.0000000000   0.0000000000   0.0000000000
   1.6649999944   0.0000000000   0.0000000000   0.0000000000
   1.6699999944   0.0000000000   0.0000000000   0.0000000000
   1.6749999944   0.0000000000   0.0000000000   0.0000000000
   1.6799999944   0.0000000000   0.0000000000   0.0000000000
   1.6849999943   0.0000000000   0.0000000000   0.0000000000
   1.6899999943   0.0000000000   0.0000000000   0.0000000000
   1.6949999943  -0.0000000000   0.0000000000  -0.0000000000
   1.6999999943  -0.0000000000  -0.0000000000  -0.0000000000
   1.7049999943  -0.0000000000  -0.0000000000  -0.0000000000
   1.7099999943  -0.0000000000  -0.0000000000  -0.0000000000
   1.7149999942  -0.0000000000  -0.0000000000  -0.0000000000
   1.7199999942  -0.0000000000  -0.0000000000  -0.0000000000
   1.7249999942  -0.0000000000  -0.0000000000  -0.0000000000
   1.7299999942  -0.0000000000  -0.0000000000  -0.0000000000
   1.7349999942   0.0000000000  -0.0000000000   0.0000000000
   1.7399999942   0.0000000000   0.0000000000   0.0000000000
   1.7449999941   0.0000000001   0.0000000000   0.0000000001
   1.7499999941   0.0000000001   0.0000000000   0.0000000001
   1.7549999941   0.0000000001   0.0000000000   0.0000000001
   1.7599999941   0.0000000001   0.0000000000   0.0000000001
   1.7649999941   0.0000000000   0.0000000000   0.0000000000
   1.7699999941   0.0000000000   0.0000000000   0.0000000000
   1.7749999940  -0.0000000000   0.0000000000  -0.0000000000
   1.7799999940  -0.0000000001  -0.0000000000  -0.0000000001
   1.7849999940  -0.0000000001  -0.0000000000  -0.0000000001
   1.7899999940  -0.0000000001  -0.0000000001  -0.0000000001
   1.7949999940  -0.0000000001  -0.0000000001  -0.0000000001
   1.7999999940  -0.0000000001  -0.0000000001  -0.0000000001
   1.8049999939  -0.0000000001  -0.0000000001  -0.0000000001
   1.8099999939  -0.0000000000  -0.0000000000  -0.0000000000
   1.8149999939   0.0000000000  -0.0000000000   0.0000000000
   1.8199999939   0.0000000001   0.0000000000   0.0000000001
   1.8249999939   0.0000000001   0.0000000001   0.0000000001
   1.8299999939   0.0000000002   0.0000000001   0.0000000002
   1.8349999938   0.0000000002   0.0000000001   0.0000000002
   1.8399999938   0.0000000001   0.0000000001   0.0000000001
   1.8449999938   0.0000000001   0.0000000001   0.0000000001
   1.8499999938  -0.0000000000   0.0000000000  -0.0000000000
   1.8549999938  -0.0000000001  -0.0000000000  -0.0000000001
   1.8599999938  -0.0000000002  -0.0000000001  -0.0000000002
   1.8649999937  -0.0000000002  -0.0000000001  -0.0000000002
   1.8699999937  -0.0000000002  -0.0000000001  -0.0000000002
   1.8749999937  -0.0000000002  -0.0000000001  -0.0000000002
   1.8799999937  -0.0000000001  -0.0000000001  -0.0000000001
   1.8849999937  -0.0000000000  -0.0000000001  -0.0000000000
   1.8899999937   0.0000000001  -0.0000000000   0.0000000001
   1.8949999936   0.0000000002   0.0000000001   0.0000000002
   1.8999999936   0.0000000003   0.0000000001   0.0000000003
   1.9049999936   0.0000000003   0.0000000002   0.0000000003
   1.9099999936   0.0000000003   0.0000000002   0.0000000003
   1.9149999936   0.0000000002   0.0000000002   0.0000000002
   1.9199999936   0.0000000001   0.0000000001   0.0000000001
   1.9249999935  -0.0000000001   0.0000000000  -0.0000000001
   1.9299999935  -0.0000000002  -0.0000000000  -0.0000000002
   1.9349999935  -0.0000000003  -0.0000000001  -0.0000000003
   1.9399999935  -0.0000000004  -0.0000000002  -0.0000000004
   1.9449999935  -0.0000000004  -0.0000000002  -0.0000000004
   1.9499999935  -0.0000000003  -0.0000000002  -0.0000000003
   1.9549999934  -0.0000000002  -0.0000000002  -0.0000000002
   1.9599999934   0.0000000000  -0.0000000001   0.0000000000
   1.9649999934   0.0000000002   0.0000000000   0.0000000002
   1.9699999934   0.0000000004   0.0000000001   0.0000000004
   1.9749999934   0.0000000005   0.0000000002   0.0000000005
   1.9799999934   0.0000000005   0.0000000003   0.0000000005
   1.9849999933   0.0000000004   0.0000000003   0.0000000004
   1.9899999933   0.0000000002   0.0000000002   0.0000000002
   1.9949999933  -0.0000000000   0.0000000001  -0.0000000000
   1.9999999933  -0.0000000003  -0.0000000000  -0.0000000003
   2.0049999933  -0.0000000005  -0.0000000002  -0.0000000005
   2.0099999933  -0.0000000006  -0.0000000003  -0.0000000006
   2.0149999932  -0.0000000006  -0.0000000003  -0.0000000006
   2.0199999932  -0.0000000004  -0.0000000003  -0.0000000004
   2.0249999932  -0.0000000002  -0.0000000002  -0.0000000002
   2.0299999932   0.0000000001  -0.0000000001   0.0000000001
   2.0349999932   0.0000000004   0.0000000001   0.0000000004
   2.0399999931   0.0000000006   0.0000000002   0.0000000006
   2.0449999931   0.0000000007   0.0000000003   0.0000000007
   2.0499999931   0.0000000006   0.0000000004   0.0000000006
   2.0549999931   0.0000000004   0.0000000003   0.0000000004
   2.0599999931   0.0000000001   0.0000000002   0.0000000001
   2.0649999931  -0.0000000002   0.0000000001  -0.0000000002
   2.0699999930  -0.0000000005  -0.0000000001  -0.0000000005
   2.0749999930  -0.0000000007  -0.0000000003  -0.0000000007
   2.0799999930  -0.0000000007  -0.0000000004  -0.0000000007
   2.0849999930  -0.0000000006  -0.0000000004  -0.0000000006
   2.0899999930  -0.0000000004  -0.0000000003  -0.0000000004
   2.0949999930   0.0000000000  -0.0000000002   0.0000000000
   2.0999999929   0.0000000004   0.0000000000   0.0000000004
   2.1049999929   0.0000000007   0.0000000002   0.0000000007
   2.1099999929   0.0000000008   0.0000000003   0.0000000008
   2.1149999929   0.0000000008   0.0000000004   0.0000000008
   2.1199999929   0.0000000005   0.0000000004   0.0000000005
   2.1249999929   0.0000000002   0.0000000003   0.0000000002
   2.1299999928  -0.0000000002   0.0000000001  -0.0000000002
   2.1349999928  -0.0000000006  -0.0000000001  -0.0000000006
   2.1399999928  -0.0000000008  -0.0000000003  -0.0000000008
   2.1449999928  -0.0000000009  -0.0000000004  -0.0000000009
   2.1499999928  -0.0000000007  -0.0000000004  -0.0000000007
   2.1549999928  -0.0000000003  -0.0000000003  -0.0000000003
   2.1599999927   0.0000000001  -0.0000000001   0.0000000001
   2.1649999927   0.0000000005   0.0000000001   0.0000000005
   2.1699999927   0.0000000008   0.0000000003   0.0000000008
   2.1749999927   0.0000000009   0.0000000004   0.0000000009
   2.1799999927   0.0000000008   0.0000000004   0.0000000008
   2.1849999927   0.0000000004   0.0000000004   0.0000000004
   2.1899999926  -0.0000000001   0.0000000002  -0.0000000001
   2.1949999926  -0.0000000005  -0.0000000001  -0.0000000005
   2.1999999926  -0.0000000009  -0.0000000003  -0.0000000009
   2.2049999926  -0.0000000010  -0.0000000004  -0.0000000010
   2.2099999926  -0.0000000009  -0.0000000005  -0.0000000009
   2.2149999926  -0.0000000005  -0.0000000004  -0.0000000005
   2.2199999925   0.0000000000  -0.0000000002   0.0000000000
   2.2249999925   0.0000000006   0.0000000001   0.0000000006
   2.2299999925   0.0000000010   0.0000000003   0.0000000010
   2.2349999925   0.0000000012   0.0000000005   0.0000000012
   2.2399999925   0.0000000010   0.0000000005   0.0000000010
   2.2449999925   0.0000000006   0.0000000005   0.0000000006
   2.2499999924   0.0000000000   0.0000000002   0.0000000000
   2.2549999924  -0.0000000006  -0.0000000001  -0.0000000006
   2.2599999924  -0.0000000011  -0.0000000004  -0.0000000011
   2.2649999924  -0.0000000013  -0.0000000006  -0.0000000013
   2.2699999924  -0.0000000012  -0.0000000007  -0.0000000012
   2.2749999924  -0.0000000007  -0.0000000006  -0.0000000007
   2.2799999923  -0.0000000000  -0.0000000003  -0.0000000000
   2.2849999923   0.0000000007   0.0000000001   0.0000000007
   2.2899999923   0.0000000013   0.0000000004   0.0000000013
   2.2949999923   0.0000000015   0.0000000007   0.0000000015
   2.2999999923   0.0000000014   0.0000000008   0.0000000014
   2.3049999923   0.0000000008   0.0000000007   0.0000000008
   2.3099999922  -0.0000000000   0.0000000005  -0.0000000000
   2.3149999922  -0.0000000009   0.0000000001  -0.0000000009
   2.3199999922  -0.0000000016  -0.0000000004  -0.0000000016
   2.3249999922  -0.0000000019  -0.0000000007  -0.0000000019
   2.3299999922  -0.0000000017  -0.0000000009  -0.0000000017
   2.3349999922  -0.0000000010  -0.0000000009  -0.0000000010
   2.3399999921   0.0000000000  -0.0000000006   0.0000000000
   2.3449999921   0.0000000011  -0.0000000003   0.0000000011
   2.3499999921   0.0000000021   0.0000000001   0.0000000021
   2.3549999921   0.0000000025   0.0000000004   0.0000000025
   2.3599999921   0.0000000023   0.0000000005   0.0000000023
   2.3649999921   0.0000000016   0.0000000004   0.0000000016
   2.3699999920   0.0000000004   0.0000000001   0.0000000004
   2.3749999920  -0.0000000010  -0.0000000004  -0.0000000010
   2.3799999920  -0.0000000021  -0.0000000008  -0.0000000021
   2.3849999920  -0.0000000028  -0.0000000010  -0.0000000028
   2.3899999920  -0.0000000028  -0.0000000009  -0.0000000028
   2.3949999920  -0.0000000022  -0.0000000005  -0.0000000022
   2.3999999919  -0.0000000011   0.0000000002  -0.0000000011
   2.4049999919   0.0000000000   0.0000000011   0.0000000000
   2.4099999919   0.0000000009   0.0000000018   0.0000000009
   2.4149999919   0.0000000012   0.0000000023   0.0000000012
   2.4199999919   0.0000000008   0.0000000023   0.0000000008
   2.4249999919  -0.0000000003   0.0000000018  -0.0000000004
   2.4299999918  -0.0000000020   0.0000000007  -0.0000000020
   2.4349999918  -0.0000000037  -0.0000000007  -0.0000000037
   2.4399999918  -0.0000000051  -0.0000000023  -0.0000000051
   2.4449999918  -0.0000000058  -0.0000000038  -0.0000000058
   2.4499999918  -0.0000000057  -0.0000000050  -0.0000000057
   2.4549999918  -0.0000000048  -0.0000000057  -0.0000000049
   2.4599999917  -0.0000000036  -0.0000000058  -0.0000000036
   2.4649999917  -0.0000000024  -0.0000000056  -0.0000000025
   2.4699999917  -0.0000000019  -0.0000000052  -0.0000000020
   2.4749999917  -0.0000000025  -0.0000000048  -0.0000000026
   2.4799999917  -0.0000000044  -0.0000000046  -0.0000000045
   2.4849999917  -0.0000000074  -0.0000000047  -0.0000000076
   2.4899999916  -0.0000000113  -0.0000000052  -0.0000000114
   2.4949999916  -0.0000000153  -0.0000000058  -0.0000000155
   2.4999999916  -0.0000000189  -0.0000000066  -0.0000000192
   2.5049999916  -0.0000000216  -0.0000000073  -0.0000000219
   2.5099999916  -0.0000000230  -0.0000000077  -0.0000000233
   2.5149999916  -0.0000000232  -0.0000000078  -0.0000000235
   2.5199999915  -0.0000000225  -0.0000000078  -0.0000000229
   2.5249999915  -0.0000000215  -0.0000000078  -0.0000000219
   2.5299999915  -0.0000000208  -0.0000000079  -0.0000000212
   2.5349999915  -0.0000000207  -0.0000000085  -0.0000000211
   2.5399999915  -0.0000000215  -0.0000000094  -0.0000000219
   2.5449999915  -0.0000000230  -0.0000000108  -0.0000000234
   2.5499999914  -0.0000000246  -0.0000000122  -0.0000000251
   2.5549999914  -0.0000000258  -0.0000000134  -0.0000000263
   2.5599999914  -0.0000000259  -0.0000000140  -0.0000000263
   2.5649999914  -0.0000000243  -0.0000000136  -0.0000000247
   2.5699999914  -0.0000000209  -0.0000000120  -0.0000000213
   2.5749999914  -0.0000000160  -0.0000000093  -0.0000000163
   2.5799999913  -0.0000000100  -0.0000000056  -0.0000000102
   2.5849999913  -0.0000000037  -0.0000000014  -0.0000000039
   2.5899999913   0.0000000022   0.0000000028   0.0000000021
   2.5949999913   0.0000000072   0.0000000065   0.0000000071
   2.5999999913   0.0000000110   0.0000000095   0.0000000110
   2.6049999913   0.0000000139   0.0000000116   0.0000000139
   2.6099999912   0.0000000164   0.0000000129   0.0000000164
   2.6149999912   0.0000000189   0.0000000137   0.0000000191
   2.6199999912   0.0000000221   0.0000000142   0.0000000223
   2.6249999912   0.0000000260   0.0000000148   0.0000000263
   2.6299999912   0.0000000303   0.0000000157   0.0000000307
   2.6349999912   0.0000000345   0.0000000169   0.0000000351
   2.6399999911   0.0000000377   0.0000000181   0.0000000385
   2.6449999911   0.0000000390   0.0000000190   0.0000000400
   2.6499999911   0.0000000377   0.0000000192   0.0000000390
   2.6549999911   0.0000000336   0.0000000185   0.0000000353
   2.6599999911   0.0000000272   0.0000000167   0.0000000293
   2.6649999911   0.0000000192   0.0000000138   0.0000000217
   2.6699999910   0.0000000108   0.0000000103   0.0000000137
   2.6749999910   0.0000000032   0.0000000064   0.0000000064
   2.6799999910  -0.0000000026   0.0000000026   0.0000000006
   2.6849999910  -0.0000000062  -0.0000000007  -0.0000000032
   2.6899999910  -0.0000000074  -0.0000000033  -0.0000000052
   2.6949999909  -0.0000000071  -0.0000000051  -0.0000000058
   2.6999999909  -0.0000000060  -0.0000000065  -0.0000000057
   2.7049999909  -0.0000000053  -0.0000000076  -0.0000000053
   2.7099999909  -0.0000000062  -0.0000000089  -0.0000000045
   2.7149999909  -0.0000000098  -0.0000000108  -0.0000000022
   2.7199999909  -0.0000000175  -0.0000000137   0.0000000040
   2.7249999908  -0.0000000311  -0.0000000181   0.0000000176
   2.7299999908  -0.0000000534  -0.0000000246   0.0000000437
   2.7349999908  -0.0000000888  -0.0000000341   0.0000000885
   2.7399999908  -0.0000001440  -0.0000000482   0.0000001600
   2.7449999908  -0.0000002281  -0.0000000687   0.0000002677
   2.7499999908  -0.0000003531  -0.0000000980   0.0000004231
   2.7549999907  -0.0000005337  -0.0000001391   0.0000006402
   2.7599999907  -0.0000007874  -0.0000001947   0.0000009354
   2.7649999907  -0.0000011338  -0.0000002677   0.0000013280
   2.7699999907  -0.0000015942  -0.0000003603   0.0000018396
   2.7749999907  -0.0000021907  -0.0000004737   0.0000024937
   2.7799999907  -0.0000029457  -0.0000006081   0.0000033139
   2.7849999906  -0.0000038802  -0.0000007620   0.0000043230
   2.7899999906  -0.0000050127  -0.0000009323   0.0000055398
   2.7949999906  -0.0000063577  -0.0000011141   0.0000069777
   2.7999999906  -0.0000079226  -0.0000013005   0.0000086412
   2.8049999906  -0.0000097063  -0.0000014826   0.0000105240
   2.8099999906  -0.0000116957  -0.0000016496   0.0000126066
   2.8149999905  -0.0000138636  -0.0000017890   0.0000148546
   2.8199999905  -0.0000161666  -0.0000018867   0.0000172178
   2.8249999905  -0.0000185440  -0.0000019279   0.0000196294
   2.8299999905  -0.0000209177  -0.0000018976   0.0000220070
   2.8349999905  -0.0000231937  -0.0000017821   0.0000242539
   2.8399999905  -0.0000252652  -0.0000015700   0.0000262621
   2.8449999904  -0.0000270172  -0.0000012539   0.0000279164
   2.8499999904  -0.0000283325  -0.0000008315   0.0000290996
   2.8549999904  -0.0000290989  -0.0000003072   0.0000296998
   2.8599999904  -0.0000292169   0.0000003074   0.0000296172
   2.8649999904  -0.0000286074   0.0000009930   0.0000287726
   2.8699999904  -0.0000272191   0.0000017231   0.0000271152
   2.8749999903  -0.0000250344   0.0000024651   0.0000246294
   2.8799999903  -0.0000220738   0.0000031815   0.0000213408
   2.8849999903  -0.0000183970   0.0000038318   0.0000173188
   2.8899999903  -0.0000141025   0.0000043754   0.0000126777
   2.8949999903  -0.0000093227   0.0000047732   0.0000075737
   2.8999999903  -0.0000042168   0.0000049906   0.0000021990
   2.9049999902   0.0000010385   0.0000049994  -0.0000032273
   2.9099999902   0.0000062599   0.0000047804  -0.0000084720
   2.9149999902   0.0000112690   0.0000043250  -0.0000133026
   2.9199999902   0.0000159009   0.0000036378  -0.0000175051
   2.9249999902   0.0000200111   0.0000027387  -0.0000209024
   2.9299999902   0.0000234773   0.0000016654  -0.0000233737
   2.9349999901   0.0000261962   0.0000004752  -0.0000248722
   2.9399999901   0.0000280769  -0.0000007524  -0.0000254390
   2.9449999901   0.0000290316  -0.0000019152  -0.0000252109
   2.9499999901   0.0000289672  -0.0000028898  -0.0000244192
   2.9549999901   0.0000277831  -0.0000035361  -0.0000233747
   2.9599999901   0.0000253784  -0.0000037077  -0.0000224378
   2.9649999900   0.0000216752  -0.0000032682  -0.0000219699
   2.9699999900   0.0000166589  -0.0000021159  -0.0000222676
   2.9749999900   0.0000104367  -0.0000002154  -0.0000234819
   2.9799999900   0.0000033096   0.0000023641  -0.0000255291
   2.9849999900  -0.0000041515   0.0000054089  -0.0000280059
   2.9899999900  -0.0000110418   0.0000085239  -0.0000301230
   2.9949999899  -0.0000160899   0.0000111104  -0.0000306796
   2.9999999899  -0.0000176822   0.0000123672  -0.0000281000
   3.0049999899  -0.0000139685   0.0000113296  -0.0000205553
   3.0099999899  -0.0000030718   0.0000069575  -0.0000061897
   3.0149999899   0.0000165849  -0.0000017169   0.0000165385
   3.0199999899   0.0000458331  -0.0000153790   0.0000484035
   3.0249999898   0.0000842134  -0.0000341612   0.0000888655
   3.0299999898   0.0001293691  -0.0000573283   0.0001354720
   3.0349999898   0.0001764423  -0.0000829448   0.0001832687
   3.0399999898   0.0002175561  -0.0001075636   0.0002243023
   3.0449999898   0.0002414824  -0.0001259853   0.0002473095
   3.0499999898   0.0002335987  -0.0001311460   0.0002376943
   3.0549999897   0.0001762311  -0.0001141884   0.0001778838
   3.0599999897   0.0000494522  -0.0000647660   0.0000481301
   3.0649999897  -0.0001676337   0.0000283870  -0.0001722132
   3.0699999897  -0.0004951465   0.0001766155  -0.0005029671
   3.0749999897  -0.0009503181   0.0003902595  -0.0009610451
   3.0799999897  -0.0015451709   0.0006773924  -0.0015581698
   3.0849999896  -0.0022842108   0.0010424855  -0.0022986038
   3.0899999896  -0.0031623964   0.0014851349  -0.0031771531
   3.0949999896  -0.0041636680   0.0019990082  -0.0041777205
   3.0999999896  -0.0052602993   0.0025711732  -0.0052726661
   3.1049999896  -0.0064132784   0.0031819542  -0.0064231807
   3.1099999896  -0.0075738303   0.0038054227  -0.0075807832
   3.1149999895  -0.0086860726   0.0044105698  -0.0086899374
   3.1199999895  -0.0096906517   0.0049631327  -0.0096916405
   3.1249999895  -0.0105290737   0.0054279650  -0.0105277034
   3.1299999895  -0.0111483210   0.0057717584  -0.0111453245
   3.1349999895  -0.0115052760   0.0059658602  -0.0115014819
   3.1399999895  -0.0115704509   0.0059888911  -0.0115666509
   3.1449999894  -0.0113305718   0.0058288623  -0.0113273966
   3.1499999894  -0.0107896812   0.0054845263  -0.0107875044
   3.1549999894  -0.0099685928   0.0049657734  -0.0099674794
   3.1599999894  -0.0089027392   0.0042929860  -0.0089024469
   3.1649999894  -0.0076386676   0.0034953946  -0.0076387009
   3.1699999894  -0.0062296252   0.0026086053  -0.0062293337
   3.1749999893  -0.0047308087   0.0016715789  -0.0047295132
   3.1799999893  -0.0031949040   0.0007234238  -0.0031920278
   3.1849999893  -0.0016684956  -0.0001996118  -0.0016636792
   3.1899999893  -0.0001897906  -0.0010665855  -0.0001829684
   3.1949999893   0.0012121121  -0.0018534672   0.0012206880
   3.1999999893   0.0025164344  -0.0025437521   0.0025262269
   3.2049999892   0.0037086973  -0.0031280839   0.0037189709
   3.2099999892   0.0047779688  -0.0036030417   0.0047879152
   3.2149999892   0.0057140165  -0.0039693777   0.0057228981
   3.2199999892   0.0065050236  -0.0042300769   0.0065123104
   3.2249999892   0.0071364273  -0.0043886281   0.0071419029
   3.2299999892   0.0075912292  -0.0044478491   0.0075950475
   3.2349999891   0.0078518427  -0.0044094945   0.0078545234
   3.2399999891   0.0079032241  -0.0042747186   0.0079055878
   3.2449999891   0.0077367517  -0.0040452876   0.0077398038
   3.2499999891   0.0073541134  -0.0037252748   0.0073588960
   3.2549999891   0.0067703912  -0.0033228538   0.0067778261
   3.2599999891   0.0060156052  -0.0028517542   0.0060263543
   3.2649999890   0.0051342011  -0.0023319806   0.0051485660
   3.2699999890   0.0041822968  -0.0017895034   0.0042001717
   3.2749999890   0.0032228917  -0.0012548079   0.0032437762
   3.2799999890   0.0023196165  -0.0007603967   0.0023426842
   3.2849999890   0.0015298971  -0.0003375409   0.0015541042
   3.2899999890   0.0008985522  -0.0000127400   0.0009227699
   3.2949999889   0.0004528280   0.0001955626   0.0004759735
   3.2999999889   0.0001996698   0.0002794701   0.0002208171
   3.3049999889   0.0001256863   0.0002428907   0.0001441410
   3.3099999889   0.0001998318   0.0001013083   0.0002151620
   3.3149999889   0.0003783886  -0.0001199559   0.0003904122
   3.3199999889   0.0006114587  -0.0003887713   0.0006201955
   3.3249999888   0.0008499424  -0.0006700889   0.0008555444
   3.3299999888   0.0010519226  -0.0009301300   0.0010545984
   3.3349999888   0.0011875115  -0.0011402667   0.0011874600
   3.3399999888   0.0012415076  -0.0012800512   0.0012388718
   3.3449999888   0.0012136098  -0.0013389955   0.0012084578
   3.3499999888   0.0011163593  -0.0013169212   0.0011086915
   3.3549999887   0.0009713514  -0.0012229269   0.0009611299
   3.3599999887   0.0008045092  -0.0010732336   0.0007916997
   3.3649999887   0.0006413027  -0.0008883248   0.0006259196
   3.3699999887   0.0005027169  -0.0006898681   0.0004848637
   3.3749999887   0.0004025556  -0.0004978918   0.0003824511
   3.3799999886   0.0003463550  -0.0003285911   0.0003243457
   3.3849999886   0.0003318588  -0.0001929932   0.0003084145
   3.3899999886   0.0003507238  -0.0000965386   0.0003264200
   3.3949999886   0.0003909453  -0.0000394785   0.0003664357
   3.3999999886   0.0004394392  -0.0000178757   0.0004154206
   3.4049999886   0.0004842866  -0.0000249379   0.0004614600
   3.4099999885   0.0005163055  -0.0000524151   0.0004953338
   3.4149999885   0.0005298216  -0.0000918478   0.0005112848
   3.4199999885   0.0005226969  -0.0001355308   0.0005070470
   3.4249999885   0.0004958196  -0.0001771444   0.0004833379
   3.4299999885   0.0004523107  -0.0002120750   0.0004430702
   3.4349999885   0.0003966784  -0.0002374853   0.0003905211
   3.4399999884   0.0003340714  -0.0002522055   0.0003306037
   3.4449999884   0.0002696691  -0.0002564990   0.0002682846
   3.4499999884   0.0002081642  -0.0002517313   0.0002080948
   3.4549999884   0.0001532475  -0.0002399507   0.0001536429
   3.4599999884   0.0001070321  -0.0002233871   0.0001070584
   3.4649999884   0.0000694233  -0.0002038906   0.0000683701
   3.4699999883   0.0000375434  -0.0001823705   0.0000349209
   3.4749999883   0.0000053976  -0.0001583257   0.0000010075
   3.4799999883  -0.0000360007  -0.0001295856  -0.0000420364
   3.4849999883  -0.0000978805  -0.0000923675  -0.0001051408
   3.4899999883  -0.0001922976  -0.0000417173  -0.0002001339
   3.4949999883  -0.0003301880   0.0000276786  -0.0003378366
   3.4999999882  -0.0005192062   0.0001204153  -0.0005259224
   3.5049999882  -0.0007617908   0.0002392161  -0.0007669818
   3.5099999882  -0.0010539314   0.0003839488  -0.0010572631
   3.5149999882  -0.0013850170   0.0005510561  -0.0013864732
   3.5199999882  -0.0017389364   0.0007335834  -0.0017388196
   3.5249999882  -0.0020963180   0.0009218668  -0.0020951900
   3.5299999881  -0.0024375071   0.0011047998  -0.0024360815
   3.5349999881  -0.0027456588   0.0012714481  -0.0027446653
   3.5399999881  -0.0030092421   0.0014126820  -0.0030092902
   3.5449999881  -0.0032233409   0.0015224636  -0.0032248093
   3.5499999881  -0.0033893928   0.0015984852  -0.0033923660
   3.5549999881  -0.0035133768   0.0016419903  -0.0035176391
   3.5599999880  -0.0036028529   0.0016568029  -0.0036079400
   3.5649999880  -0.0036635800   0.0016477841  -0.0036688744
   3.5699999880  -0.0036965915   0.0016190923  -0.0037014412
   3.5749999880  -0.0036965472   0.0015726918  -0.0037003824
   3.5799999880  -0.0036519011   0.0015075128  -0.0036543253
   3.5849999880  -0.0035469856   0.0014195227  -0.0035478262
   3.5899999879  -0.0033656225   0.0013027440  -0.0033649347
   3.5949999879  -0.0030954458   0.0011510128  -0.0030934737
   3.5999999879  -0.0027318837   0.0009600685  -0.0027289940
   3.6049999879  -0.0022807664   0.0007294528  -0.0022773720
   3.6099999879  -0.0017588130   0.0004637165  -0.0017553050
   3.6149999879  -0.0011917425   0.0001725771  -0.0011884450
   3.6199999878  -0.0006103396  -0.0001300818  -0.0006074910
   3.6249999878  -0.0000453291  -0.0004281959  -0.0000430892
   3.6299999878   0.0004777557  -0.0007060643   0.0004792839
   3.6349999878   0.0009424882  -0.0009508738   0.0009432355
   3.6399999878   0.0013432990  -0.0011546114   0.0013432168
   3.6449999878   0.0016846399  -0.0013149140   0.0016837037
   3.6499999877   0.0019777913  -0.0014346621   0.0019760214
   3.6549999877   0.0022361528  -0.0015204344   0.0022336430
   3.6599999877   0.0024702628  -0.0015802327   0.0024672045
   3.6649999877   0.0026838797  -0.0016210726   0.0026805675
   3.6699999877   0.0028721978  -0.0016470707   0.0028690070
   3.6749999877   0.0030227174  -0.0016585309   0.0030200508
   3.6799999876   0.0031185823  -0.0016522666   0.0031167950
   3.6849999876   0.0031435272  -0.0016230638   0.0031428445
   3.6899999876   0.0030871148  -0.0015658780   0.0030875654
   3.6949999876   0.0029488244  -0.0014781499   0.0029502096
   3.6999999876   0.0027398226  -0.0013615767   0.0027417349
   3.7049999876   0.0024818314  -0.0012228119   0.0024837252
   3.7099999875   0.0022032727  -0.0010728407   0.0022045768
   3.7149999875   0.0019336027  -0.0009251358   0.0019338508
   3.7199999875   0.0016972552  -0.0007930316   0.0016962037
   3.7249999875   0.0015087499  -0.0006869776   0.0015064549
   3.7299999875   0.0013702479  -0.0006123864   0.0013670760
   3.7349999875   0.0012722031  -0.0005686455   0.0012687709
   3.7399999874   0.0011969494  -0.0005495709   0.0011939984
   3.7449999874   0.0011242723  -0.0005451968   0.0011225065
   3.7499999874   0.0010374749  -0.0005444458   0.0010373967
   3.7549999874   0.0009283015  -0.0005379796   0.0009300856
   3.7599999874   0.0007993782  -0.0005204832   0.0008028142
   3.7649999874   0.0006634954  -0.0004917791   0.0006680177
   3.7699999873   0.0005399211  -0.0004564858   0.0005447206
   3.7749999873   0.0004487479  -0.0004223270   0.0004529437
   3.7799999873   0.0004048410  -0.0003975694   0.0004076721
   3.7849999873   0.0004130776  -0.0003883075   0.0004140717
   3.7899999873   0.0004662428  -0.0003963606   0.0004653206
   3.7949999873   0.0005462272  -0.0004183845   0.0005437181
   3.7999999872   0.0006282686  -0.0004464665   0.0006248325
   3.8049999872   0.0006871321  -0.0004700634   0.0006836060
   3.8099999872   0.0007035709  -0.0004787660   0.0007007759
   3.8149999872   0.0006693043  -0.0004651345   0.0006678593
   3.8199999872   0.0005891344  -0.0004268210   0.0005893201
   3.8249999872   0.0004795914  -0.0003673779   0.0004812969
   3.8299999871   0.0003644454  -0.0002955083   0.0003672083
   3.8349999871   0.0002682848  -0.0002229387   0.0002714139
   3.8399999871   0.0002099056  -0.0001614750   0.0002126548
   3.8449999871   0.0001973159  -0.0001200316   0.0001990660
   3.8499999871   0.0002257258  -0.0001024376   0.0002261293
   3.8549999871   0.0002790721  -0.0001066105   0.0002781274
   3.8599999870   0.0003346527  -0.0001253195   0.0003326916
   3.8649999870   0.0003695811  -0.0001483198   0.0003671749
   3.8699999870   0.0003672647  -0.0001652633   0.0003650748
   3.8749999870   0.0003221008  -0.0001685791   0.0003207136
   3.8799999870   0.0002410801  -0.0001555255   0.0002408666
   3.8849999870   0.0001418512  -0.0001288506   0.0001428861
   3.8899999869   0.0000477874  -0.0000958871   0.0000498454
   3.8949999869  -0.0000185600  -0.0000663440  -0.0000159340
   3.8999999869  -0.0000417888  -0.0000494257  -0.0000391553
   3.9049999869  -0.0000179768  -0.0000510932  -0.0000158584
   3.9099999869   0.0000441931  -0.0000722434   0.0000454378
   3.9149999869   0.0001258293  -0.0001083208   0.0001260825
   3.9199999868   0.0002030677  -0.0001504757   0.0002024645
   3.9249999868   0.0002536779  -0.0001879442   0.0002525523
   3.9299999868   0.0002631799  -0.0002109840   0.0002619648
   3.9349999868   0.0002287625  -0.0002135438   0.0002278705
   3.9399999868   0.0001599142  -0.0001949189   0.0001596333
   3.9449999868   0.0000756119  -0.0001599335   0.0000760409
   3.9499999867  -0.0000011207  -0.0001176005  -0.0000000819
   3.9549999867  -0.0000497346  -0.0000786403  -0.0000483410
   3.9599999867  -0.0000579133  -0.0000525531  -0.0000564923
   3.9649999867  -0.0000249524  -0.0000450618  -0.0000238090
   3.9699999867   0.0000381694  -0.0000566319   0.0000388350
   3.9749999867   0.0001120158  -0.0000824662   0.0001121551
   3.9799999866   0.0001742712  -0.0001139587   0.0001739891
   3.9849999866   0.0002060717  -0.0001411787   0.0002055855
   3.9899999866   0.0001972934  -0.0001556789   0.0001968631
   3.9949999866   0.0001493138  -0.0001528345   0.0001491661
   3.9999999866   0.0000744993  -0.0001330687   0.0000747657
   4.0049999866  -0.0000073979  -0.0001016369  -0.0000067115
   4.0099999865  -0.0000748744  -0.0000670580  -0.0000738805
   4.0149999865  -0.0001107232  -0.0000386563  -0.0001096122
   4.0199999865  -0.0001067804  -0.0000239232  -0.0001057615
   4.0249999865  -0.0000660545  -0.0000264436  -0.0000652948
   4.0299999865  -0.0000016779  -0.0000449619  -0.0000012580
   4.0349999864   0.0000669661  -0.0000738278   0.0000670684
   4.0399999864   0.0001197987  -0.0001046696   0.0001196942
   4.0449999864   0.0001416837  -0.0001287968   0.0001415334
   4.0499999864   0.0001265585  -0.0001396411   0.0001265241
   4.0549999864   0.0000789254  -0.0001345453   0.0000791228
   4.0599999864   0.0000123398  -0.0001154106   0.0000128105
   4.0649999863  -0.0000546080  -0.0000880458  -0.0000539024
   4.0699999863  -0.0001036283  -0.0000604323  -0.0001027879
   4.0749999863  -0.0001218494  -0.0000404205  -0.0001210016
   4.0799999863  -0.0001052831  -0.0000335204  -0.0001045439
   4.0849999863  -0.0000597093  -0.0000414073  -0.0000591518
   4.0899999863   0.0000011987  -0.0000615442   0.0000015601
   4.0949999862   0.0000599009  -0.0000879992   0.0000601072
   4.0999999862   0.0000999759  -0.0001131940   0.0001001045
   4.1049999862   0.0001106384  -0.0001300677   0.0001107758
   4.1099999862   0.0000895394  -0.0001340365   0.0000897556
   4.1149999862   0.0000431257  -0.0001242067   0.0000434571
   4.1199999862  -0.0000154565  -0.0001035234  -0.0000150107
   4.1249999861  -0.0000702379  -0.0000778485  -0.0000697064
   4.1299999861  -0.0001069329  -0.0000542589  -0.0001063567
   4.1349999861  -0.0001167998  -0.0000390648  -0.0001162149
   4.1399999861  -0.0000988057  -0.0000361085  -0.0000982328
   4.1449999861  -0.0000595699  -0.0000458029  -0.0000590126
   4.1499999861  -0.0000111993  -0.0000651482  -0.0000106514
   4.1549999860   0.0000322863  -0.0000886813   0.0000328287
   4.1599999860   0.0000588834  -0.0001100577   0.0000594117
   4.1649999860   0.0000617856  -0.0001238032   0.0000622763
   4.1699999860   0.0000409798  -0.0001267488   0.0000414002
   4.1749999860   0.0000028993  -0.0001187714   0.0000032232
   4.1799999860  -0.0000416603  -0.0001026724  -0.0000414361
   4.1849999859  -0.0000806974  -0.0000832731  -0.0000805400
   4.1899999859  -0.0001043049  -0.0000660134  -0.0001041440
   4.1949999859  -0.0001072099  -0.0000554607  -0.0001069513
   4.1999999859  -0.0000899096  -0.0000541366  -0.0000894610
   4.2049999859  -0.0000581878  -0.0000619585  -0.0000574903
   4.2099999859  -0.0000212504  -0.0000764064  -0.0000203056
   4.2149999858   0.0000109230  -0.0000933278   0.0000120410
   4.2199999858   0.0000302490  -0.0001081222   0.0000314024
   4.2249999858   0.0000325188  -0.0001169700   0.0000335371
   4.2299999858   0.0000182166  -0.0001177771   0.0000189421
   4.2349999858  -0.0000079467  -0.0001106110  -0.0000076103
   4.2399999858  -0.0000385555  -0.0000975515  -0.0000386075
   4.2449999857  -0.0000655846  -0.0000820376  -0.0000659155
   4.2499999857  -0.0000824767  -0.0000679185  -0.0000828876
   4.2549999857  -0.0000856752  -0.0000584700  -0.0000859253
   4.2599999857  -0.0000752747  -0.0000556281  -0.0000751454
   4.2649999857  -0.0000547105  -0.0000596102  -0.0000540685
   4.2699999857  -0.0000296584  -0.0000689858  -0.0000284997
   4.2749999856  -0.0000064898  -0.0000811398  -0.0000049501
   4.2799999856   0.0000093004  -0.0000929842   0.0000109744
   4.2849999856   0.0000143208  -0.0001017275   0.0000158326
   4.2899999856   0.0000079149  -0.0001055171   0.0000089976
   4.2949999856  -0.0000078845  -0.0001038168  -0.0000073933
   4.2999999856  -0.0000290012  -0.0000974551  -0.0000291102
   4.3049999855  -0.0000503627  -0.0000883579  -0.0000509174
   4.3099999855  -0.0000670888  -0.0000790465  -0.0000678082
   4.3149999855  -0.0000755642  -0.0000720270  -0.0000761125
   4.3199999855  -0.0000741829  -0.0000692068  -0.0000742591
   4.3249999855  -0.0000636366  -0.0000714658  -0.0000630569
   4.3299999855  -0.0000467092  -0.0000784663  -0.0000454590
   4.3349999854  -0.0000276334  -0.0000887405  -0.0000258746
   4.3399999854  -0.0000111423  -0.0001000322  -0.0000091718
   4.3449999854  -0.0000014058  -0.0001098203   0.0000004227
   4.3499999854  -0.0000010691  -0.0001159115   0.0000003011
   4.3549999854  -0.0000106031  -0.0001169687  -0.0000098852
   4.3599999854  -0.0000281218  -0.0001128546  -0.0000280763
   4.3649999853  -0.0000497403  -0.0001046999  -0.0000502084
   4.3699999853  -0.0000704233  -0.0000946689  -0.0000711112
   4.3749999853  -0.0000851613  -0.0000854607  -0.0000857190
   4.3799999853  -0.0000902097  -0.0000796564  -0.0000903247
   4.3849999853  -0.0000840885  -0.0000790633  -0.0000835672
   4.3899999853  -0.0000680690  -0.0000842249  -0.0000668851
   4.3949999852  -0.0000459853  -0.0000942287  -0.0000442824
   4.3999999852  -0.0000233688  -0.0001068807  -0.0000214178
   4.4049999852  -0.0000060899  -0.0001192207  -0.0000042136
   4.4099999852   0.0000011652  -0.0001282603   0.0000026782
   4.4149999852  -0.0000038189  -0.0001317605  -0.0000028499
   4.4199999852  -0.0000201001  -0.0001288432  -0.0000197057
   4.4249999851  -0.0000437119  -0.0001202652  -0.0000437716
   4.4299999851  -0.0000686218  -0.0001082669  -0.0000689028
   4.4349999851  -0.0000882903  -0.0000960212  -0.0000885133
   4.4399999851  -0.0000974249  -0.0000868162  -0.0000973377
   4.4449999851  -0.0000934480  -0.0000831866  -0.0000928876
   4.4499999851  -0.0000772618  -0.0000862283  -0.0000761882
   4.4549999850  -0.0000530709  -0.0000952878  -0.0000515680
   4.4599999850  -0.0000272888  -0.0001081194  -0.0000255320
   4.4649999850  -0.0000068080  -0.0001214766  -0.0000050131
   4.4699999850   0.0000028888  -0.0001319816   0.0000045233
   4.4749999850  -0.0000007479  -0.0001370390   0.0000005909
   4.4799999850  -0.0000166154  -0.0001355417  -0.0000156188
   4.4849999849  -0.0000402546  -0.0001281740  -0.0000395574
   4.4899999849  -0.0000650877  -0.0001172256  -0.0000645795
   4.4949999849  -0.0000842519  -0.0001059661  -0.0000837902
   4.4999999849  -0.0000925150  -0.0000977506  -0.0000919619
   4.5049999849  -0.0000877265  -0.0000951050  -0.0000869790
   4.5099999849  -0.0000713979  -0.0000990400  -0.0000704043
   4.5149999848  -0.0000482494  -0.0001087847  -0.0000470109
   4.5199999848  -0.0000248593  -0.0001220080  -0.0000234198
   4.5249999848  -0.0000078068  -0.0001354654  -0.0000062365
   4.5299999848  -0.0000018392  -0.0001458883  -0.0000002169
   4.5349999848  -0.0000085791  -0.0001508706  -0.0000069789
   4.5399999848  -0.0000261283  -0.0001495092  -0.0000246106
   4.5449999847  -0.0000496597  -0.0001426265  -0.0000482665
   4.5499999847  -0.0000728097  -0.0001325212  -0.0000715626
   4.5549999847  -0.0000894614  -0.0001223226  -0.0000883589
   4.5599999847  -0.0000954086  -0.0001151311  -0.0000944246
   4.5649999847  -0.0000894440  -0.0001131819  -0.0000885267
   4.5699999847  -0.0000735875  -0.0001172593  -0.0000726627
   4.5749999846  -0.0000524262  -0.0001265128  -0.0000514059
   4.5799999846  -0.0000317817  -0.0001387174  -0.0000305796
   4.5849999846  -0.0000171010  -0.0001508962  -0.0000156520
   4.5899999846  -0.0000120207  -0.0001601300  -0.0000103001
   4.5949999846  -0.0000174863  -0.0001643319  -0.0000155229
   4.5999999846  -0.0000316341  -0.0001627814  -0.0000295113
   4.6049999845  -0.0000504251  -0.0001562822  -0.0000482670
   4.6099999845  -0.0000688158  -0.0001469131  -0.0000667602
   4.6149999845  -0.0000821237  -0.0001374512  -0.0000802874
   4.6199999845  -0.0000872165  -0.0001306285  -0.0000856613
   4.6249999845  -0.0000832249  -0.0001284250  -0.0000819354
   4.6299999845  -0.0000716307  -0.0001315807  -0.0000705109
   4.6349999844  -0.0000557524  -0.0001394466  -0.0000546433
   4.6399999844  -0.0000398035  -0.0001502009  -0.0000385203
   4.6449999844  -0.0000277925  -0.0001613597  -0.0000261715
   4.6499999844  -0.0000225502  -0.0001704377  -0.0000204926
   4.6549999844  -0.0000251098  -0.0001755836  -0.0000226116
   4.6599999844  -0.0000345635  -0.0001760282  -0.0000317205
   4.6649999843  -0.0000483904  -0.0001722384  -0.0000453769
   4.6699999843  -0.0000631433  -0.0001657518  -0.0000601683
   4.6749999843  -0.0000753073  -0.0001587471  -0.0000725598
   4.6799999843  -0.0000821248  -0.0001534718  -0.0000797221
   4.6849999843  -0.0000822018  -0.0001516743  -0.0000801554
   4.6899999843  -0.0000757756  -0.0001541829  -0.0000739843
   4.6949999842  -0.0000646046  -0.0001607275  -0.0000628766
   4.6999999842  -0.0000515199  -0.0001700393  -0.0000496202
   4.7049999842  -0.0000397514  -0.0001801909  -0.0000374603
   4.7099999842  -0.0000321780  -0.0001890867  -0.0000293465
   4.7149999842  -0.0000306679  -0.0001949810  -0.0000272552
   4.7199999841  -0.0000356519  -0.0001968981  -0.0000317344
   4.7249999841  -0.0000460231  -0.0001948580  -0.0000417732
   4.7299999841  -0.0000593892  -0.0001898593  -0.0000550293
   4.7349999841  -0.0000726269  -0.0001836256  -0.0000683693
   4.7399999841  -0.0000826162  -0.0001781814  -0.0000786066
   4.7449999841  -0.0000869911  -0.0001753567  -0.0000832688
   4.7499999840  -0.0000847280  -0.0001763399  -0.0000812128
   4.7549999840  -0.0000764254  -0.0001813860  -0.0000729345
   4.7599999840  -0.0000641942  -0.0001897520  -0.0000604854
   4.7649999840  -0.0000511711  -0.0001998779  -0.0000469996
   4.7699999840  -0.0000407603  -0.0002097721  -0.0000359359
   4.7749999840  -0.0000357835  -0.0002175098  -0.0000302137
   4.7799999839  -0.0000377516  -0.0002217205  -0.0000314603
   4.7849999839  -0.0000464490  -0.0002219405  -0.0000395660
   4.7899999839  -0.0000599497  -0.0002187369  -0.0000526751
   4.7949999839  -0.0000750784  -0.0002135661  -0.0000676293
   4.7999999839  -0.0000882081  -0.0002083999  -0.0000807628
   4.8049999839  -0.0000961972  -0.0002052130  -0.0000888483
   4.8099999838  -0.0000972194  -0.0002054668  -0.0000899491
   4.8149999838  -0.0000912634  -0.0002097282  -0.0000839461
   4.8199999838  -0.0000801581  -0.0002175262  -0.0000725892
   4.8249999838  -0.0000671060  -0.0002274856  -0.0000590519
   4.8299999838  -0.0000558405  -0.0002377010  -0.0000470956
   4.8349999838  -0.0000496280  -0.0002462485  -0.0000400675
   4.8399999837  -0.0000503853  -0.0002516936  -0.0000399990
   4.8449999837  -0.0000581542  -0.0002534591  -0.0000470542
   4.8499999837  -0.0000710822  -0.0002519550  -0.0000594815
   4.8549999837  -0.0000859165  -0.0002484436  -0.0000740847
   4.8599999837  -0.0000988816  -0.0002446841  -0.0000870863
   4.8649999837  -0.0001066954  -0.0002424590  -0.0000951456
   4.8699999836  -0.0001074474  -0.0002431147  -0.0000962519
   4.8749999836  -0.0001010959  -0.0002472348  -0.0000902480
   4.8799999836  -0.0000894513  -0.0002545238  -0.0000788442
   4.8849999836  -0.0000756579  -0.0002639199  -0.0000651273
   4.8899999836  -0.0000633233  -0.0002738929  -0.0000527069
   4.8949999836  -0.0000555431  -0.0002828426  -0.0000447415
   4.8999999835  -0.0000540894  -0.0002894920  -0.0000431130
   4.9049999835  -0.0000589795  -0.0002931814  -0.0000479679
   4.9099999835  -0.0000685302  -0.0002940022  -0.0000577387
   4.9149999835  -0.0000798627  -0.0002927465  -0.0000696186
   4.9199999835  -0.0000897060  -0.0002906988  -0.0000803449
   4.9249999835  -0.0000952681  -0.0002893224  -0.0000870672
   4.9299999834  -0.0000949424  -0.0002899155  -0.0000880675
   4.9349999834  -0.0000886716  -0.0002933141  -0.0000831522
   4.9399999834  -0.0000778963  -0.0002997044  -0.0000736348
   4.9449999834  -0.0000651264  -0.0003085852  -0.0000619385
   4.9499999834  -0.0000532712  -0.0003188878  -0.0000509469
   4.9549999834  -0.0000449133  -0.0003292282  -0.0000432804
   4.9599999833  -0.0000417100  -0.0003382350  -0.0000406838
   4.9649999833  -0.0000440602  -0.0003448800  -0.0000436644
   4.9699999833  -0.0000510933  -0.0003487302  -0.0000514476
   4.9749999833  -0.0000609591  -0.0003500598  -0.0000622368
   4.9799999833  -0.0000713259  -0.0003497882  -0.0000736939
   4.9849999833  -0.0000799564  -0.0003492558  -0.0000835140
   4.9899999832  -0.0000852264  -0.0003498891  -0.0000899607
   4.9949999832  -0.0000864734  -0.0003528402  -0.0000922428
   4.9999999832  -0.0000841109  -0.0003586924  -0.0000906614
   5.0049999832  -0.0000794957  -0.0003673104  -0.0000865037
   5.0099999832  -0.0000745878  -0.0003778752  -0.0000817183
   5.0149999832  -0.0000714843  -0.0003890954  -0.0000784481
   5.0199999831  -0.0000719305  -0.0003995382  -0.0000785246
   5.0249999831  -0.0000769138  -0.0004079943  -0.0000830368
   5.0299999831  -0.0000864290  -0.0004137818  -0.0000920690
   5.0349999831  -0.0000994678  -0.0004169110  -0.0001046690
   5.0399999831  -0.0001142352  -0.0004180734  -0.0001190556
   5.0449999831  -0.0001285492  -0.0004184596  -0.0001330217
   5.0499999830  -0.0001403346  -0.0004194569  -0.0001444442
   5.0549999830  -0.0001480980  -0.0004223044  -0.0001517799
   5.0599999830  -0.0001512732  -0.0004277899  -0.0001544309
   5.0649999830  -0.0001503504  -0.0004360616  -0.0001528868
   5.0699999830  -0.0001467539  -0.0004465977  -0.0001486053
   5.0749999830  -0.0001424920  -0.0004583401  -0.0001436542
   5.0799999829  -0.0001396590  -0.0004699584  -0.0001402000
   5.0849999829  -0.0001399094  -0.0004801820  -0.0001399650
   5.0899999829  -0.0001440323  -0.0004881221  -0.0001437898
   5.0949999829  -0.0001517365  -0.0004935021  -0.0001514122
   5.0999999829  -0.0001617035  -0.0004967415  -0.0001615218
   5.1049999829  -0.0001719029  -0.0004988639  -0.0001720822
   5.1099999828  -0.0001800960  -0.0005012490  -0.0001808439
   5.1149999828  -0.0001844070  -0.0005052862  -0.0001859226
   5.1199999828  -0.0001838180  -0.0005120159  -0.0001862962
   5.1249999828  -0.0001784601  -0.0005218541  -0.0001820941
   5.1299999828  -0.0001696238  -0.0005344766  -0.0001746011
   5.1349999828  -0.0001594766  -0.0005488992  -0.0001659690
   5.1399999827  -0.0001505554  -0.0005637364  -0.0001587059
   5.1449999827  -0.0001451573  -0.0005775707  -0.0001550690
   5.1499999827  -0.0001447841  -0.0005893312  -0.0001565158
   5.1549999827  -0.0001497832  -0.0005985747  -0.0001633556
   5.1599999827  -0.0001592814  -0.0006055904  -0.0001746916
   5.1649999827  -0.0001714317  -0.0006112999  -0.0001886721
   5.1699999826  -0.0001839106  -0.0006169836  -0.0002029865
   5.1749999826  -0.0001945396  -0.0006239138  -0.0002154769
   5.1799999826  -0.0002018657  -0.0006330014  -0.0002247057
   5.1849999826  -0.0002055487  -0.0006445534  -0.0002303304
   5.1899999826  -0.0002064540  -0.0006582036  -0.0002331879
   5.1949999826  -0.0002064240  -0.0006730265  -0.0002350667
   5.1999999825  -0.0002077929  -0.0006877906  -0.0002382307
   5.2049999825  -0.0002127703  -0.0007012731  -0.0002448197
   5.2099999825  -0.0002228600  -0.0007125467  -0.0002562863
   5.2149999825  -0.0002384631  -0.0007211668  -0.0002730144
   5.2199999825  -0.0002587672  -0.0007272210  -0.0002942154
   5.2249999825  -0.0002819471  -0.0007312443  -0.0003181235
   5.2299999824  -0.0003056169  -0.0007340385  -0.0003424331
   5.2349999824  -0.0003274152  -0.0007364515  -0.0003648622
   5.2399999824  -0.0003455684  -0.0007391746  -0.0003836936
   5.2449999824  -0.0003592910  -0.0007426034  -0.0003981586
   5.2499999824  -0.0003689230  -0.0007467843  -0.0004085696
   5.2549999824  -0.0003757785  -0.0007514486  -0.0004161754
   5.2599999823  -0.0003817483  -0.0007561187  -0.0004227813
   5.2649999823  -0.0003887617  -0.0007602598  -0.0004302346
   5.2699999823  -0.0003982468  -0.0007634455  -0.0004399054
   5.2749999823  -0.0004107206  -0.0007655083  -0.0004522917
   5.2799999823  -0.0004256092  -0.0007666458  -0.0004668418
   5.2849999823  -0.0004413369  -0.0007674635  -0.0004820346
   5.2899999822  -0.0004556586  -0.0007689407  -0.0004956921
   5.2949999822  -0.0004661464  -0.0007723215  -0.0005054455
   5.2999999822  -0.0004707126  -0.0007789471  -0.0005092390
   5.3049999822  -0.0004680392  -0.0007900574  -0.0005057481
   5.3099999822  -0.0004578135  -0.0008066028  -0.0004946171
   5.3149999822  -0.0004407189  -0.0008291052  -0.0004764606
   5.3199999821  -0.0004181909  -0.0008575990  -0.0004526383
   5.3249999821  -0.0003920060  -0.0008916637  -0.0004248632
   5.3299999821  -0.0003638103  -0.0009305371  -0.0003947472
   5.3349999821  -0.0003347077  -0.0009732767  -0.0003633969
   5.3399999821  -0.0003050090  -0.0010189206  -0.0003311608
   5.3449999821  -0.0002742019  -0.0010666027  -0.0002975906
   5.3499999820  -0.0002411471  -0.0011155846  -0.0002616231
   5.3549999820  -0.0002044524  -0.0011651926  -0.0002219391
   5.3599999820  -0.0001629319  -0.0012146730  -0.0001774117
   5.3649999820  -0.0001160415  -0.0012630034  -0.0001275354
   5.3699999820  -0.0000641857  -0.0013087119  -0.0000727336
   5.3749999820  -0.0000088234  -0.0013497549  -0.0000144687
   5.3799999819   0.0000476544  -0.0013834942   0.0000448733
   5.3849999819   0.0001022512  -0.0014067893   0.0001023025
   5.3899999819   0.0001518213  -0.0014161958   0.0001546761
   5.3949999819   0.0001935555  -0.0014082360   0.0001991812
   5.3999999819   0.0002253851  -0.0013796942   0.0002337377
   5.4049999818   0.0002462130  -0.0013278848   0.0002572290
   5.4099999818   0.0002559202  -0.0012508486   0.0002695102
   5.4149999818   0.0002551517  -0.0011474516   0.0002711945
   5.4199999818   0.0002449411  -0.0010173829   0.0002632806
   5.4249999818   0.0002262744  -0.0008610684   0.0002467201
   5.4299999818   0.0001997142  -0.0006795355   0.0002220470
   5.4349999817   0.0001651906  -0.0004742727   0.0001891742
   5.4399999817   0.0001220207  -0.0002471226   0.0001474185
   5.4449999817   0.0000691595  -0.0000002405   0.0000957540
   5.4499999817   0.0000056189   0.0002638758   0.0000332297
   5.4549999817  -0.0000690581   0.0005422933  -0.0000405632
   5.4599999817  -0.0001543981   0.0008315263  -0.0001251020
   5.4649999816  -0.0002487855   0.0011274377  -0.0002187332
   5.4699999816  -0.0003495026   0.0014252123  -0.0003187233
   5.4749999816  -0.0004530164   0.0017194410  -0.0004215514
   5.4799999816  -0.0005554451   0.0020043343  -0.0005233746
   5.4849999816  -0.0006530881   0.0022740532  -0.0006205493
   5.4899999816  -0.0007428955   0.0025231151  -0.0007100872
   5.4949999815  -0.0008227734   0.0027468096  -0.0007899433
   5.4999999815  -0.0008916678   0.0029415514  -0.0008590871
   5.5049999815  -0.0009494335   0.0031051075  -0.0009173629
   5.5099999815  -0.0009965444   0.0032366632  -0.0009652012
   5.5149999815  -0.0010337354   0.0033367307  -0.0010032699
   5.5199999815  -0.0010616749   0.0034069371  -0.0010321615
   5.5249999814  -0.0010807443   0.0034497588  -0.0010521901
   5.5299999814  -0.0010909711   0.0034682716  -0.0010633390
   5.5349999814  -0.0010921150   0.0034659738  -0.0010653547
   5.5399999814  -0.0010838736   0.0034467064  -0.0010579520
   5.5449999814  -0.0010661456   0.0034146578  -0.0010410685
   5.5499999814  -0.0010392816   0.0033744070  -0.0010151010
   5.5549999813  -0.0010042570   0.0033309462  -0.0009810619
   5.5599999813  -0.0009627183   0.0032896248  -0.0009406123
   5.5649999813  -0.0009168834   0.0032559833  -0.0008959552
   5.5699999813  -0.0008693044   0.0032354777  -0.0008495987
   5.5749999813  -0.0008225331   0.0032331282  -0.0008040304
   5.5799999813  -0.0007787502   0.0032531495  -0.0007613610
   5.5849999812  -0.0007394329   0.0032986249  -0.0007230081
   5.5899999812  -0.0007051307   0.0033712785  -0.0006894855
   5.5949999812  -0.0006753958   0.0034713751  -0.0006603427
   5.5999999812  -0.0006488872   0.0035977570  -0.0006342686
   5.6049999812  -0.0006236221   0.0037479982  -0.0006093376
   5.6099999812  -0.0005973201   0.0039186473  -0.0005833405
   5.6149999811  -0.0005677597   0.0041055199  -0.0005541261
   5.6199999811  -0.0005330680   0.0043040023  -0.0005198765
   5.6249999811  -0.0004918837   0.0045093352  -0.0004792602
   5.6299999811  -0.0004433682   0.0047168485  -0.0004314388
   5.6349999811  -0.0003870791   0.0049221342  -0.0003759432
   5.6399999811  -0.0003227560   0.0051211480  -0.0003124677
   5.6449999810  -0.0002500893   0.0053102505  -0.0002406499
   5.6499999810  -0.0001685414   0.0054862058  -0.0001599045
   5.6549999810  -0.0000772737   0.0056461663  -0.0000693596
   5.6599999810   0.0000247975   0.0057876753   0.0000320818
   5.6649999810   0.0001388280   0.0059087074   0.0001455684
   5.6699999810   0.0002657956   0.0060077509   0.0002720548
   5.6749999809   0.0004062314   0.0060839155   0.0004120413
   5.6799999809   0.0005599961   0.0061370258   0.0005653587
   5.6849999809   0.0007261542   0.0061676574   0.0007310516
   5.6899999809   0.0009029805   0.0061770745   0.0009073906
   5.6949999809   0.0010881059   0.0061670511   0.0010920199
   5.6999999809   0.0012787810   0.0061395891   0.0012822185
   5.7049999808   0.0014722105   0.0060965752   0.0014752289
   5.7099999808   0.0016658963   0.0060394393   0.0016685910
   5.7149999808   0.0018579183   0.0059688805   0.0018604145
   5.7199999808   0.0020470957   0.0058847126   0.0020495311
   5.7249999808   0.0022329909   0.0057858516   0.0022354939
   5.7299999808   0.0024157557   0.0056704364   0.0024184222
   5.7349999807   0.0025958543   0.0055360464   0.0025987286
   5.7399999807   0.0027737299   0.0053799633   0.0027767932
   5.7449999807   0.0029494962   0.0051994269   0.0029526665
   5.7499999807   0.0031227323   0.0049918452   0.0031258758
   5.7549999807   0.0032924298   0.0047549406   0.0032953825
   5.7599999807   0.0034571027   0.0044868348   0.0034596984
   5.7649999806   0.0036150246   0.0041860887   0.0036171231
   5.7699999806   0.0037645209   0.0038517211   0.0037660315
   5.7749999806   0.0039042296   0.0034832288   0.0039051242
   5.7799999806   0.0040332542   0.0030806234   0.0040335675
   5.7849999806   0.0041511622   0.0026444886   0.0041509791
   5.7899999806   0.0042578304   0.0021760537   0.0042572644
   5.7949999805   0.0043531815   0.0016772686   0.0043523485
   5.7999999805   0.0044368888   0.0011508603   0.0044358843
   5.8049999805   0.0045081349   0.0006003489   0.0045070184
   5.8099999805   0.0045654929   0.0000300053   0.0045642846
   5.8149999805   0.0046069700  -0.0005552628   0.0046056593
   5.8199999805   0.0046302040  -0.0011500950   0.0046287668
   5.8249999804   0.0046327709  -0.0017489177   0.0046311911
   5.8299999804   0.0046125332  -0.0023462114   0.0046108207
   5.8349999804   0.0045679527  -0.0029367690   0.0045661543
   5.8399999804   0.0044983073  -0.0035159057   0.0044965048
   5.8449999804   0.0044037722  -0.0040795908   0.0044020699
   5.8499999804   0.0042853621  -0.0046244868   0.0042838643
   5.8549999803   0.0041447559  -0.0051479001   0.0041435418
   5.8599999803   0.0039840498  -0.0056476645   0.0039831504
   5.8649999803   0.0038054907  -0.0061219922   0.0038048749
   5.8699999803   0.0036112425  -0.0065693265   0.0036108151
   5.8749999803   0.0034032253  -0.0069882251   0.0034028382
   5.8799999803   0.0031830503  -0.0073772890   0.0031825247
   5.8849999802   0.0029520525  -0.0077351374   0.0029512079
   5.8899999802   0.0027114032  -0.0080604179   0.0027100873
   5.8949999802   0.0024622685  -0.0083518355   0.0024603815
   5.8999999802   0.0022059678  -0.0086081843   0.0022034778
   5.9049999802   0.0019440886  -0.0088283725   0.0019410348
   5.9099999802   0.0016785206  -0.0090114364   0.0016750042
   5.9149999801   0.0014113920  -0.0091565472   0.0014075573
   5.9199999801   0.0011449153  -0.0092630165   0.0011409253
   5.9249999801   0.0008811749  -0.0093303060   0.0008771861
   5.9299999801   0.0006219075  -0.0093580472   0.0006180488
   5.9349999801   0.0003683343  -0.0093460722   0.0003646942
   5.9399999801   0.0001210938  -0.0092944582   0.0001177169
   5.9449999800  -0.0001196979  -0.0092035834  -0.0001228044
   5.9499999800  -0.0003542637  -0.0090741934  -0.0003571166
   5.9549999800  -0.0005828980  -0.0089074732  -0.0005855216
   5.9599999800  -0.0008056768  -0.0087051145  -0.0008080879
   5.9649999800  -0.0010222172  -0.0084693659  -0.0010244162
   5.9699999800  -0.0012315473  -0.0082030496  -0.0012335174
   5.9749999799  -0.0014321200  -0.0079095280  -0.0014338357
   5.9799999799  -0.0016219710  -0.0075926115  -0.0016234130
   5.9849999799  -0.0017989820  -0.0072564095  -0.0018001551
   5.9899999799  -0.0019611879  -0.0069051367  -0.0019621361
   5.9949999799  -0.0021070563  -0.0065429025  -0.0021078706
