   0.0000000000   0.0000000000   0.0000000000   0.0000000000
   0.0050000000   0.0000000000   0.0000000000   0.0000000000
   0.0100000000   0.0000000000   0.0000000000   0.0000000000
   0.0149999999   0.0000000000   0.0000000000   0.0000000000
   0.0199999999   0.0000000000   0.0000000000   0.0000000000
   0.0249999999   0.0000000000   0.0000000000   0.0000000000
   0.0299999999   0.0000000000   0.0000000000   0.0000000000
   0.0349999999   0.0000000000   0.0000000000   0.0000000000
   0.0399999999   0.0000000000   0.0000000000   0.0000000000
   0.0449999998   0.0000000000   0.0000000000   0.0000000000
   0.0499999998  -0.0000000000  -0.0000000000  -0.0000000000
   0.0549999998  -0.0000000000  -0.0000000000  -0.0000000000
   0.0599999998  -0.0000000000  -0.0000000000  -0.0000000000
   0.0649999998  -0.0000000000  -0.0000000000  -0.0000000000
   0.0699999998  -0.0000000000  -0.0000000000  -0.0000000000
   0.0749999997  -0.0000000000  -0.0000000000  -0.0000000000
   0.0799999997  -0.0000000000  -0.0000000000  -0.0000000000
   0.0849999997  -0.0000000000  -0.0000000000  -0.0000000000
   0.0899999997  -0.0000000000  -0.0000000000  -0.0000000000
   0.0949999997  -0.0000000000  -0.0000000000  -0.0000000000
   0.0999999997  -0.0000000000  -0.0000000000  -0.0000000000
   0.1049999996  -0.0000000000  -0.0000000000  -0.0000000000
   0.1099999996  -0.0000000000  -0.0000000000  -0.0000000000
   0.1149999996  -0.0000000000  -0.0000000000  -0.0000000000
   0.1199999996  -0.0000000000  -0.0000000000  -0.0000000000
   0.1249999996  -0.0000000000  -0.0000000000  -0.0000000000
   0.1299999996  -0.0000000000  -0.0000000000  -0.0000000000
   0.1349999995  -0.0000000000  -0.0000000000  -0.0000000000
   0.1399999995  -0.0000000000  -0.0000000000  -0.0000000000
   0.1449999995  -0.0000000000  -0.0000000000  -0.0000000000
   0.1499999995  -0.0000000000  -0.0000000000  -0.0000000000
   0.1549999995  -0.0000000000  -0.0000000000  -0.0000000000
   0.1599999995  -0.0000000000  -0.0000000000  -0.0000000000
   0.1649999994  -0.0000000000  -0.0000000000  -0.0000000000
   0.1699999994  -0.0000000000  -0.0000000000  -0.0000000000
   0.1749999994  -0.0000000000  -0.0000000000  -0.0000000000
   0.1799999994  -0.0000000000  -0.0000000000  -0.0000000000
   0.1849999994  -0.0000000000  -0.0000000000  -0.0000000000
   0.1899999994  -0.0000000000   0.0000000000  -0.0000000000
   0.1949999993   0.0000000000   0.0000000000   0.0000000000
   0.1999999993   0.0000000000   0.0000000000   0.0000000000
   0.2049999993   0.0000000000   0.0000000000   0.0000000000
   0.2099999993   0.0000000000   0.0000000000   0.0000000000
   0.2149999993   0.0000000000   0.0000000000   0.0000000000
   0.2199999993   0.0000000000   0.0000000000   0.0000000000
   0.2249999992   0.0000000000   0.0000000000   0.0000000000
   0.2299999992   0.0000000000  -0.0000000000   0.0000000000
   0.2349999992   0.0000000000  -0.0000000000   0.0000000000
   0.2399999992   0.0000000000  -0.0000000000   0.0000000000
   0.2449999992   0.0000000000  -0.0000000000   0.0000000000
   0.2499999992   0.0000000000  -0.0000000000   0.0000000000
   0.2549999991   0.0000000000  -0.0000000000   0.0000000000
   0.2599999991   0.0000000000  -0.0000000000   0.0000000000
   0.2649999991  -0.0000000000   0.0000000000  -0.0000000000
   0.2699999991  -0.0000000000   0.0000000000  -0.0000000000
   0.2749999991  -0.0000000000   0.0000000000  -0.0000000000
   0.2799999991  -0.0000000000   0.0000000000  -0.0000000000
   0.2849999990  -0.0000000000   0.0000000000  -0.0000000000
   0.2899999990  -0.0000000000   0.0000000000  -0.0000000000
   0.2949999990  -0.0000000000  -0.0000000000  -0.0000000000
   0.2999999990   0.0000000000  -0.0000000000   0.0000000000
   0.3049999990   0.0000000000  -0.0000000000   0.0000000000
   0.3099999990   0.0000000000  -0.0000000000   0.0000000000
   0.3149999989   0.0000000000  -0.0000000000   0.0000000000
   0.3199999989   0.0000000000  -0.0000000000   0.0000000000
   0.3249999989   0.0000000000  -0.0000000000   0.0000000000
   0.3299999989  -0.0000000000   0.0000000000  -0.0000000000
   0.3349999989  -0.0000000000   0.0000000000  -0.0000000000
   0.3399999989  -0.0000000000   0.0000000000  -0.0000000000
   0.3449999988  -0.0000000000   0.0000000000  -0.0000000000
   0.3499999988  -0.0000000000   0.0000000000  -0.0000000000
   0.3549999988  -0.0000000000   0.0000000000  -0.0000000000
   0.3599999988   0.0000000000  -0.0000000000   0.0000000000
   0.3649999988   0.0000000000  -0.0000000000   0.0000000000
   0.3699999988   0.0000000000  -0.0000000000   0.0000000000
   0.3749999987   0.0000000000  -0.0000000000   0.0000000000
   0.3799999987   0.0000000000  -0.0000000000   0.0000000000
   0.3849999987   0.0000000000  -0.0000000000   0.0000000000
   0.3899999987  -0.0000000000   0.0000000000  -0.0000000000
   0.3949999987  -0.0000000000   0.0000000000  -0.0000000000
   0.3999999987  -0.0000000000   0.0000000000  -0.0000000000
   0.4049999986  -0.0000000000   0.0000000000  -0.0000000000
   0.4099999986  -0.0000000000   0.0000000000  -0.0000000000
   0.4149999986  -0.0000000000   0.0000000000  -0.0000000000
   0.4199999986   0.0000000000  -0.0000000000   0.0000000000
   0.4249999986   0.0000000000  -0.0000000000   0.0000000000
   0.4299999986   0.0000000000  -0.0000000000   0.0000000000
   0.4349999985   0.0000000000  -0.0000000000   0.0000000000
   0.4399999985   0.0000000000  -0.0000000000   0.0000000000
   0.4449999985   0.0000000000  -0.0000000000   0.0000000000
   0.4499999985  -0.0000000000   0.0000000000  -0.0000000000
   0.4549999985  -0.0000000000   0.0000000000  -0.0000000000
   0.4599999985  -0.0000000001   0.0000000001  -0.0000000001
   0.4649999984  -0.0000000001   0.0000000001  -0.0000000001
   0.4699999984  -0.0000000001   0.0000000001  -0.0000000001
   0.4749999984  -0.0000000000   0.0000000000  -0.0000000000
   0.4799999984   0.0000000000  -0.0000000000   0.0000000000
   0.4849999984   0.0000000002  -0.0000000001   0.0000000002
   0.4899999984   0.0000000002  -0.0000000001   0.0000000002
   0.4949999983   0.0000000003  -0.0000000001   0.0000000003
   0.4999999983   0.0000000003  -0.0000000001   0.0000000003
   0.5049999983   0.0000000001  -0.0000000001   0.0000000001
   0.5099999983  -0.0000000002  -0.0000000000  -0.0000000002
   0.5149999983  -0.0000000005  -0.0000000000  -0.0000000005
   0.5199999983  -0.0000000008  -0.0000000001  -0.0000000008
   0.5249999982  -0.0000000009  -0.0000000003  -0.0000000009
   0.5299999982  -0.0000000008  -0.0000000004  -0.0000000008
   0.5349999982  -0.0000000004  -0.0000000003  -0.0000000004
   0.5399999982   0.0000000003   0.0000000002   0.0000000003
   0.5449999982   0.0000000012   0.0000000012   0.0000000012
   0.5499999982   0.0000000021   0.0000000027   0.0000000021
   0.5549999981   0.0000000028   0.0000000042   0.0000000028
   0.5599999981   0.0000000032   0.0000000051   0.0000000032
   0.5649999981   0.0000000031   0.0000000043   0.0000000031
   0.5699999981   0.0000000023   0.0000000010   0.0000000023
   0.5749999981   0.0000000004  -0.0000000055   0.0000000004
   0.5799999981  -0.0000000031  -0.0000000147  -0.0000000031
   0.5849999980  -0.0000000089  -0.0000000251  -0.0000000089
   0.5899999980  -0.0000000173  -0.0000000338  -0.0000000173
   0.5949999980  -0.0000000275  -0.0000000368  -0.0000000275
   0.5999999980  -0.0000000366  -0.0000000295  -0.0000000366
   0.6049999980  -0.0000000379  -0.0000000075  -0.0000000379
   0.6099999980  -0.0000000212   0.0000000325  -0.0000000212
   0.6149999979   0.0000000250   0.0000000907   0.0000000250
   0.6199999979   0.0000001090   0.0000001623   0.0000001090
   0.6249999979   0.0000002259   0.0000002341   0.0000002259
   0.6299999979   0.0000003464   0.0000002808   0.0000003464
   0.6349999979   0.0000004060   0.0000002613   0.0000004060
   0.6399999979   0.0000003026   0.0000001196   0.0000003026
   0.6449999978  -0.0000000871  -0.0000002062  -0.0000000871
   0.6499999978  -0.0000008643  -0.0000007598  -0.0000008643
   0.6549999978  -0.0000020301  -0.0000015241  -0.0000020301
   0.6599999978  -0.0000033812  -0.0000023618  -0.0000033812
   0.6649999978  -0.0000044023  -0.0000029512  -0.0000044023
   0.6699999978  -0.0000042047  -0.0000027461  -0.0000042047
   0.6749999977  -0.0000015816  -0.0000010021  -0.0000015816
   0.6799999977   0.0000047390   0.0000030791   0.0000047390
   0.6849999977   0.0000155778   0.0000100400   0.0000155778
   0.6899999977   0.0000305096   0.0000196767   0.0000305096
   0.6949999977   0.0000468756   0.0000304116   0.0000468756
   0.6999999976   0.0000588240   0.0000386593   0.0000588240
   0.7049999976   0.0000567542   0.0000384157   0.0000567542
   0.7099999976   0.0000276721   0.0000213934   0.0000276721
   0.7149999976  -0.0000429863  -0.0000219372  -0.0000429863
   0.7199999976  -0.0001675983  -0.0001000824  -0.0001675983
   0.7249999976  -0.0003504721  -0.0002168790  -0.0003504721
   0.7299999975  -0.0005801236  -0.0003665966  -0.0005801236
   0.7349999975  -0.0008206186  -0.0005283083  -0.0008206186
   0.7399999975  -0.0010035528  -0.0006604699  -0.0010035528
   0.7449999975  -0.0010227851  -0.0006970150  -0.0010227851
   0.7499999975  -0.0007342608  -0.0005464515  -0.0007342608
   0.7549999975   0.0000370125  -0.0000953387   0.0000370125
   0.7599999974   0.0014816467   0.0007829530   0.0014816467
   0.7649999974   0.0037824631   0.0022141212   0.0037824631
   0.7699999974   0.0070850631   0.0043044672   0.0070850631
   0.7749999974   0.0114663025   0.0071202653   0.0114663025
   0.7799999974   0.0169060313   0.0106681181   0.0169060313
   0.7849999974   0.0232680239   0.0148799730   0.0232680239
   0.7899999973   0.0302953892   0.0196063156   0.0302953892
   0.7949999973   0.0376237980   0.0246201318   0.0376237980
   0.7999999973   0.0448128333   0.0296325922   0.0448128333
   0.8049999973   0.0513921616   0.0343193345   0.0513921616
   0.8099999973   0.0569158377   0.0383540848   0.0569158377
   0.8149999973   0.0610157045   0.0414446566   0.0610157045
   0.8199999972   0.0634442532   0.0433655186   0.0634442532
   0.8249999972   0.0640988029   0.0439814214   0.0640988029
   0.8299999972   0.0630223104   0.0432580520   0.0630223104
   0.8349999972   0.0603808783   0.0412580979   0.0603808783
   0.8399999972   0.0564230268   0.0381239624   0.0564230268
   0.8449999972   0.0514298375   0.0340510361   0.0514298375
   0.8499999971   0.0456670872   0.0292572658   0.0456670872
   0.8549999971   0.0393498708   0.0239553019   0.0393498708
   0.8599999971   0.0326270000   0.0183325937   0.0326270000
   0.8649999971   0.0255874035   0.0125426281   0.0255874035
   0.8699999971   0.0182851023   0.0067076158   0.0182851023
   0.8749999971   0.0107745707   0.0009300352   0.0107745707
   0.8799999970   0.0031457109  -0.0046916847   0.0031457109
   0.8849999970  -0.0044520105  -0.0100488849  -0.0044520105
   0.8899999970  -0.0118035547  -0.0150146430  -0.0118035547
   0.8949999970  -0.0186425836  -0.0194448213  -0.0186425836
   0.8999999970  -0.0246824948  -0.0231882944  -0.0246824948
   0.9049999970  -0.0296561136  -0.0261037697  -0.0296561136
   0.9099999969  -0.0333537456  -0.0280787634  -0.0333537456
   0.9149999969  -0.0356501332  -0.0290457888  -0.0356501332
   0.9199999969  -0.0365144261  -0.0289917808  -0.0365144261
   0.9249999969  -0.0360024826  -0.0279588975  -0.0360024826
   0.9299999969  -0.0342360177  -0.0260374094  -0.0342360177
   0.9349999969  -0.0313766880  -0.0233536020  -0.0313766880
   0.9399999968  -0.0276040032  -0.0200567622  -0.0276040032
   0.9449999968  -0.0231037253  -0.0163090150  -0.0231037253
   0.9499999968  -0.0180688808  -0.0122801570  -0.0180688808
   0.9549999968  -0.0127101716  -0.0081472292  -0.0127101716
   0.9599999968  -0.0072682545  -0.0040962342  -0.0072682545
   0.9649999968  -0.0020186267  -0.0003219882  -0.0020186267
   0.9699999967   0.0027385218   0.0029778287   0.0027385218
   0.9749999967   0.0067064632   0.0056166824   0.0067064632
   0.9799999967   0.0096347042   0.0074406773   0.0096347042
   0.9849999967   0.0113669386   0.0083538210   0.0113669386
   0.9899999967   0.0118810474   0.0083409531   0.0118810474
   0.9949999967   0.0113081106   0.0074814498   0.0113081106
   0.9999999966   0.0099215989   0.0059480794   0.0099215989
   1.0049999966   0.0080952700   0.0039885178   0.0080952700
   1.0099999966   0.0062368072   0.0018912699   0.0062368072
   1.0149999966   0.0047114315  -0.0000580746   0.0047114315
   1.0199999966   0.0037733818  -0.0016213899   0.0037733818
   1.0249999966   0.0035220405  -0.0026437389   0.0035220405
   1.0299999965   0.0038936851  -0.0030723604   0.0038936851
   1.0349999965   0.0046908623  -0.0029548302   0.0046908623
   1.0399999965   0.0056416652  -0.0024172733   0.0056416652
   1.0449999965   0.0064734611  -0.0016282991   0.0064734611
   1.0499999965   0.0069820512  -0.0007576666   0.0069820512
   1.0549999965   0.0070788483   0.0000603209   0.0070788483
   1.0599999964   0.0068049662   0.0007503047   0.0068049662
   1.0649999964   0.0063103131   0.0013016007   0.0063103131
   1.0699999964   0.0058052667   0.0017563764   0.0058052667
   1.0749999964   0.0054996239   0.0021850891   0.0054996239
   1.0799999964   0.0055463341   0.0026571297   0.0055463341
   1.0849999964   0.0060053703   0.0032154445   0.0060053703
   1.0899999963   0.0068367321   0.0038622717   0.0068367321
   1.0949999963   0.0079229297   0.0045595517   0.0079229297
   1.0999999963   0.0091128988   0.0052431165   0.0091128988
   1.1049999963   0.0102735123   0.0058457178   0.0102735123
   1.1099999963   0.0113332322   0.0063214696   0.0113332322
   1.1149999963   0.0123053029   0.0066640340   0.0123053029
   1.1199999962   0.0132842452   0.0069128943   0.0132842452
   1.1249999962   0.0144173275   0.0071456945   0.0144173275
   1.1299999962   0.0158598439   0.0074587835   0.0158598439
   1.1349999962   0.0177274007   0.0079415478   0.0177274007
   1.1399999962   0.0200588329   0.0086518500   0.0200588329
   1.1449999962   0.0227998771   0.0095994390   0.0227998771
   1.1499999961   0.0258114439   0.0107417511   0.0258114439
   1.1549999961   0.0288991862   0.0119928620   0.0288991862
   1.1599999961   0.0318551476   0.0132425985   0.0318551476
   1.1649999961   0.0344992607   0.0143800931   0.0344992607
   1.1699999961   0.0367091331   0.0153151344   0.0367091331
   1.1749999961   0.0384305637   0.0159917233   0.0384305637
   1.1799999960   0.0396672823   0.0163908848   0.0396672823
   1.1849999960   0.0404546351   0.0165231345   0.0404546351
   1.1899999960   0.0408265057   0.0164140164   0.0408265057
   1.1949999960   0.0407863719   0.0160879396   0.0407863719
   1.1999999960   0.0402916896   0.0155556752   0.0402916896
   1.2049999960   0.0392564108   0.0148094012   0.0392564108
   1.2099999959   0.0375707904   0.0138266498   0.0375707904
   1.2149999959   0.0351324495   0.0125817266   0.0351324495
   1.2199999959   0.0318794666   0.0110609764   0.0318794666
   1.2249999959   0.0278159075   0.0092772404   0.0278159075
   1.2299999959   0.0230226636   0.0072792049   0.0230226636
   1.2349999959   0.0176508690   0.0051528584   0.0176508690
   1.2399999958   0.0119001209   0.0030144642   0.0119001209
   1.2449999958   0.0059877654   0.0009966477   0.0059877654
   1.2499999958   0.0001175103  -0.0007691634   0.0001175103
   1.2549999958  -0.0055448414  -0.0021700306  -0.0055448414
   1.2599999958  -0.0108833681  -0.0031249624  -0.0108833681
   1.2649999958  -0.0158304156  -0.0035922025  -0.0158304156
   1.2699999957  -0.0203539877  -0.0035697105  -0.0203539877
   1.2749999957  -0.0244395495  -0.0030899220  -0.0244395495
   1.2799999957  -0.0280726668  -0.0022111616  -0.0280726668
   1.2849999957  -0.0312279820  -0.0010086364  -0.0312279820
   1.2899999957  -0.0338675964   0.0004323593  -0.0338675964
   1.2949999957  -0.0359488016   0.0020194231  -0.0359488016
   1.2999999956  -0.0374382304   0.0036520666  -0.0374382304
   1.3049999956  -0.0383276592   0.0052181030  -0.0383276592
   1.3099999956  -0.0386463425   0.0065897761  -0.0386463425
   1.3149999956  -0.0384658752   0.0076223253  -0.0384658752
   1.3199999956  -0.0378957587   0.0081571692  -0.0378957587
   1.3249999956  -0.0370704144   0.0080306795  -0.0370704144
   1.3299999955  -0.0361306281   0.0070879613  -0.0361306281
   1.3349999955  -0.0352037285   0.0051996154  -0.0352037285
   1.3399999955  -0.0343869196   0.0022785450  -0.0343869196
   1.3449999955  -0.0337371509  -0.0017062506  -0.0337371509
   1.3499999955  -0.0332690869  -0.0067212834  -0.0332690869
   1.3549999954  -0.0329606757  -0.0126667450  -0.0329606757
   1.3599999954  -0.0327640875  -0.0193810103  -0.0327640875
   1.3649999954  -0.0326188222  -0.0266501094  -0.0326188222
   1.3699999954  -0.0324637567  -0.0342202070  -0.0324637567
   1.3749999954  -0.0322457136  -0.0418111614  -0.0322457136
   1.3799999954  -0.0319234576  -0.0491297598  -0.0319234576
   1.3849999953  -0.0314674330  -0.0558819787  -0.0314674330
   1.3899999953  -0.0308566470  -0.0617842841  -0.0308566470
   1.3949999953  -0.0300746153  -0.0665743510  -0.0300746153
   1.3999999953  -0.0291061844  -0.0700215753  -0.0291061844
   1.4049999953  -0.0279364476  -0.0719374600  -0.0279364476
   1.4099999953  -0.0265521491  -0.0721855501  -0.0265521491
   1.4149999952  -0.0249451709  -0.0706902467  -0.0249451709
   1.4199999952  -0.0231171349  -0.0674436702  -0.0231171349
   1.4249999952  -0.0210838981  -0.0625097690  -0.0210838981
   1.4299999952  -0.0188787606  -0.0560250348  -0.0188787606
   1.4349999952  -0.0165534665  -0.0481954006  -0.0165534665
   1.4399999952  -0.0141764562  -0.0392891098  -0.0141764562
   1.4449999951  -0.0118282794  -0.0296255597  -0.0118282794
   1.4499999951  -0.0095945468  -0.0195603869  -0.0095945468
   1.4549999951  -0.0075572683  -0.0094674175  -0.0075572683
   1.4599999951  -0.0057858325   0.0002814434  -0.0057858325
   1.4649999951  -0.0043291268   0.0093368553  -0.0043291268
   1.4699999951  -0.0032102823   0.0173913617  -0.0032102823
   1.4749999950  -0.0024251580   0.0241954851  -0.0024251580
   1.4799999950  -0.0019449773   0.0295690180  -0.0019449773
   1.4849999950  -0.0017226201   0.0334066023  -0.0017226201
   1.4899999950  -0.0017011918   0.0356775585  -0.0017011918
   1.4949999950  -0.0018229045   0.0364207802  -0.0018229045
   1.4999999950  -0.0020362365   0.0357361031  -0.0020362365
   1.5049999949  -0.0022998493   0.0337737587  -0.0022998493
   1.5099999949  -0.0025827110   0.0307232930  -0.0025827110
   1.5149999949  -0.0028610230   0.0268028086  -0.0028610230
   1.5199999949  -0.0031135031   0.0222487739  -0.0031135031
   1.5249999949  -0.0033170256   0.0173061723  -0.0033170256
   1.5299999949  -0.0034444188   0.0122185870  -0.0034444188
   1.5349999948  -0.0034654209   0.0072179812  -0.0034654209
   1.5399999948  -0.0033506833   0.0025143412  -0.0033506833
   1.5449999948  -0.0030776451  -0.0017141723  -0.0030776451
   1.5499999948  -0.0026364450  -0.0053295635  -0.0026364450
   1.5549999948  -0.0020339889  -0.0082397432  -0.0020339889
   1.5599999948  -0.0012948436  -0.0104008106  -0.0012948436
   1.5649999947  -0.0004585808  -0.0118154903  -0.0004585808
   1.5699999947   0.0004257828  -0.0125279371   0.0004257828
   1.5749999947   0.0013068365  -0.0126156685   0.0013068365
   1.5799999947   0.0021376193  -0.0121797585   0.0021376193
   1.5849999947   0.0028807880  -0.0113345459   0.0028807880
   1.5899999947   0.0035112650  -0.0101979913   0.0035112650
   1.5949999946   0.0040162985  -0.0088835215   0.0040162985
   1.5999999946   0.0043935305  -0.0074938242   0.0043935305
   1.6049999946   0.0046480478  -0.0061167017   0.0046480478
   1.6099999946   0.0047894040  -0.0048228129   0.0047894040
   1.6149999946   0.0048293362  -0.0036649672   0.0048293362
   1.6199999946   0.0047804837  -0.0026785705   0.0047804837
   1.6249999945   0.0046560311  -0.0018828361   0.0046560311
   1.6299999945   0.0044699466  -0.0012824369   0.0044699466
   1.6349999945   0.0042374166  -0.0008693608   0.0042374166
   1.6399999945   0.0039751476  -0.0006248289   0.0039751476
   1.6449999945   0.0037013363  -0.0005212311   0.0037013363
   1.6499999945   0.0034352257  -0.0005241205   0.0034352257
   1.6549999944   0.0031962284  -0.0005943665   0.0031962284
   1.6599999944   0.0030026236  -0.0006905834   0.0030026236
   1.6649999944   0.0028698629  -0.0007719038   0.0028698629
   1.6699999944   0.0028085966  -0.0008010611   0.0028085966
   1.6749999944   0.0028226663  -0.0007475930   0.0028226663
   1.6799999944   0.0029074686  -0.0005908190   0.0029074686
   1.6849999943   0.0030491926  -0.0003221383   0.0030491926
   1.6899999943   0.0032254023   0.0000538264   0.0032254023
   1.6949999943   0.0034072246   0.0005195983   0.0034072246
   1.6999999943   0.0035630402   0.0010468610   0.0035630402
   1.7049999943   0.0036631439   0.0015999463   0.0036631439
   1.7099999943   0.0036844967   0.0021403185   0.0036844967
   1.7149999942   0.0036145414   0.0026313543   0.0036145414
   1.7199999942   0.0034531992   0.0030426464   0.0034531992
   1.7249999942   0.0032125673   0.0033531594   0.0032125673
   1.7299999942   0.0029144027   0.0035528213   0.0029144027
   1.7349999942   0.0025860322   0.0036424725   0.0025860322
   1.7399999942   0.0022556926   0.0036324242   0.0022556926
   1.7449999941   0.0019483796   0.0035401130   0.0019483796
   1.7499999941   0.0016830410   0.0033874237   0.0016830410
   1.7549999941   0.0014714823   0.0031981758   0.0014714823
   1.7599999941   0.0013188297   0.0029960839   0.0013188297
   1.7649999941   0.0012249785   0.0028032700   0.0012249785
   1.7699999941   0.0011862828   0.0026392149   0.0011862828
   1.7749999940   0.0011968430   0.0025199399   0.0011968430
   1.7799999940   0.0012490588   0.0024572322   0.0012490588
   1.7849999940   0.0013335089   0.0024578389   0.0013335089
   1.7899999940   0.0014385339   0.0025227062   0.0014385339
   1.7949999940   0.0015500358   0.0026464679   0.0015500358
   1.7999999940   0.0016519241   0.0028174363   0.0016519241
   1.8049999939   0.0017273841   0.0030183037   0.0017273841
   1.8099999939   0.0017608297   0.0032276377   0.0017608297
   1.8149999939   0.0017401419   0.0034220786   0.0017401419
   1.8199999939   0.0016586797   0.0035789876   0.0016586797
   1.8249999939   0.0015165996   0.0036791782   0.0015165996
   1.8299999939   0.0013212039   0.0037093315   0.0013212039
   1.8349999938   0.0010862691   0.0036637350   0.0010862691
   1.8399999938   0.0008305089   0.0035450920   0.0008305089
   1.8449999938   0.0005754467   0.0033642845   0.0005754467
   1.8499999938   0.0003429957   0.0031391163   0.0003429957
   1.8549999938   0.0001530153   0.0028921950   0.0001530153
   1.8599999938   0.0000210606   0.0026482118   0.0000210606
   1.8649999937  -0.0000434796   0.0024309530  -0.0000434796
   1.8699999937  -0.0000386546   0.0022604173  -0.0000386546
   1.8749999937   0.0000295745   0.0021504124   0.0000295745
   1.8799999937   0.0001478434   0.0021069618   0.0001478434
   1.8849999937   0.0002969492   0.0021277559   0.0002969492
   1.8899999937   0.0004543657   0.0022027407   0.0004543657
   1.8949999936   0.0005973805   0.0023157592   0.0005973805
   1.8999999936   0.0007063332   0.0024469839   0.0007063332
   1.9049999936   0.0007673415   0.0025757336   0.0007673415
   1.9099999936   0.0007739743   0.0026832031   0.0007739743
   1.9149999936   0.0007275461   0.0027546594   0.0007275461
   1.9199999936   0.0006360339   0.0027807909   0.0006360339
   1.9249999935   0.0005119471   0.0027580855   0.0005119471
   1.9299999935   0.0003697159   0.0026883359   0.0003697159
   1.9349999935   0.0002232356   0.0025775369   0.0002232356
   1.9399999935   0.0000840861   0.0024345316   0.0000840861
   1.9449999935  -0.0000393074   0.0022697403  -0.0000393074
   1.9499999935  -0.0001416169   0.0020941886  -0.0001416169
   1.9549999934  -0.0002199532   0.0019188905  -0.0002199532
   1.9599999934  -0.0002730301   0.0017544861  -0.0002730301
   1.9649999934  -0.0003005316   0.0016109431  -0.0003005316
   1.9699999934  -0.0003028989   0.0014971343  -0.0003028989
   1.9749999934  -0.0002815264   0.0014201905  -0.0002815264
   1.9799999934  -0.0002391637   0.0013846629  -0.0002391637
   1.9849999933  -0.0001802330   0.0013916631  -0.0001802330
   1.9899999933  -0.0001108085   0.0014382210  -0.0001108085
   1.9949999933  -0.0000381450   0.0015170963  -0.0000381450
   1.9999999933   0.0000301755   0.0016171903   0.0000301755
   2.0049999933   0.0000872665   0.0017245700   0.0000872665
   2.0099999933   0.0001278546   0.0018239791   0.0001278546
   2.0149999932   0.0001488641   0.0019006057   0.0001488641
   2.0199999932   0.0001495605   0.0019418428   0.0001495605
   2.0249999932   0.0001312860   0.0019387940   0.0001312860
   2.0299999932   0.0000969300   0.0018873463   0.0000969300
   2.0349999932   0.0000503137   0.0017887010   0.0000503137
   2.0399999931  -0.0000043669   0.0016493286  -0.0000043669
   2.0449999931  -0.0000629710   0.0014803577  -0.0000629710
   2.0499999931  -0.0001217253   0.0012964469  -0.0001217253
   2.0549999931  -0.0001774626   0.0011142268  -0.0001774626
   2.0599999931  -0.0002278187   0.0009504463  -0.0002278187
   2.0649999931  -0.0002713670   0.0008200149  -0.0002713670
   2.0699999930  -0.0003076249   0.0007341838  -0.0003076249
   2.0749999930  -0.0003368554   0.0006991282  -0.0003368554
   2.0799999930  -0.0003596371   0.0007151656  -0.0003596371
   2.0849999930  -0.0003762714   0.0007767537  -0.0003762714
   2.0899999930  -0.0003861961   0.0008732819  -0.0003861961
   2.0949999930  -0.0003876339   0.0009905235  -0.0003876339
   2.0999999929  -0.0003776818   0.0011124934  -0.0003776818
   2.1049999929  -0.0003529326   0.0012233989  -0.0003529326
   2.1099999929  -0.0003105489   0.0013093832  -0.0003105489
   2.1149999929  -0.0002495331   0.0013598488  -0.0002495331
   2.1199999929  -0.0001718284   0.0013682625  -0.0001718284
   2.1249999929  -0.0000828829   0.0013324646  -0.0000828829
   2.1299999928   0.0000085701   0.0012545783   0.0000085701
   2.1349999928   0.0000915553   0.0011406366   0.0000915553
   2.1399999928   0.0001545353   0.0010000090   0.0001545353
   2.1449999928   0.0001873630   0.0008446535   0.0001873630
   2.1499999928   0.0001830705   0.0006881736   0.0001830705
   2.1549999928   0.0001391158   0.0005446512   0.0001391158
   2.1599999927   0.0000578594   0.0004272726   0.0000578594
   2.1649999927  -0.0000537567   0.0003468484  -0.0000537567
   2.1699999927  -0.0001851777   0.0003104170  -0.0001851777
   2.1749999927  -0.0003235953   0.0003201753  -0.0003235953
   2.1799999927  -0.0004554254   0.0003729759  -0.0004554254
   2.1849999927  -0.0005676921   0.0004605480  -0.0005676921
   2.1899999926  -0.0006492017   0.0005704672  -0.0006492017
   2.1949999926  -0.0006914767   0.0006877471  -0.0006914767
   2.1999999926  -0.0006894633   0.0007968000  -0.0006894633
   2.2049999926  -0.0006420185   0.0008834491  -0.0006420185
   2.2099999926  -0.0005521443   0.0009366802  -0.0005521443
   2.2149999926  -0.0004269016   0.0009498940  -0.0004269016
   2.2199999925  -0.0002769312   0.0009215241  -0.0002769312
   2.2249999925  -0.0001155577   0.0008549967  -0.0001155577
   2.2299999925   0.0000424704   0.0007580952   0.0000424704
   2.2349999925   0.0001824561   0.0006418460   0.0001824561
   2.2399999925   0.0002912391   0.0005190742   0.0002912391
   2.2449999925   0.0003584785   0.0004027890   0.0003584785
   2.2499999924   0.0003775727   0.0003045763   0.0003775727
   2.2549999924   0.0003461506   0.0002331847   0.0003461506
   2.2599999924   0.0002661600   0.0001934982   0.0002661600
   2.2649999924   0.0001436419   0.0001860574   0.0001436419
   2.2699999924  -0.0000117149   0.0002072295  -0.0000117149
   2.2749999924  -0.0001871856   0.0002500192  -0.0001871856
   2.2799999923  -0.0003677972   0.0003053868  -0.0003677972
   2.2849999923  -0.0005373408   0.0003638303  -0.0005373408
   2.2899999923  -0.0006796547   0.0004169174  -0.0006796547
   2.2949999923  -0.0007801539   0.0004584692  -0.0007801539
   2.2999999923  -0.0008274770   0.0004851781  -0.0008274770
   2.3049999923  -0.0008150165   0.0004965863  -0.0008150165
   2.3099999922  -0.0007420422   0.0004945060  -0.0007420422
   2.3149999922  -0.0006141481   0.0004820901  -0.0006141481
   2.3199999922  -0.0004428646   0.0004628238  -0.0004428646
   2.3249999922  -0.0002444411   0.0004396872  -0.0002444411
   2.3299999922  -0.0000379795   0.0004146613  -0.0000379795
   2.3349999922   0.0001567689   0.0003886253   0.0001567689
   2.3399999921   0.0003215830   0.0003615872   0.0003215830
   2.3449999921   0.0004416079   0.0003331104   0.0004416079
   2.3499999921   0.0005066406   0.0003027810   0.0005066406
   2.3549999921   0.0005117926   0.0002705890   0.0005117926
   2.3599999921   0.0004575819   0.0002371531   0.0004575819
   2.3649999921   0.0003495709   0.0002037775   0.0003495709
   2.3699999920   0.0001976816   0.0001723686   0.0001976816
   2.3749999920   0.0000152850   0.0001452523   0.0000152850
   2.3799999920  -0.0001818812   0.0001249219  -0.0001818812
   2.3849999920  -0.0003769402   0.0001137312  -0.0003769402
   2.3899999920  -0.0005532151   0.0001135445  -0.0005532151
   2.3949999920  -0.0006956074   0.0001253648  -0.0006956074
   2.3999999919  -0.0007918982   0.0001489932  -0.0007918982
   2.4049999919  -0.0008338207   0.0001827948  -0.0008338207
   2.4099999919  -0.0008177670   0.0002236568  -0.0008177670
   2.4149999919  -0.0007450368   0.0002672006  -0.0007450368
   2.4199999919  -0.0006216173   0.0003082560  -0.0006216173
   2.4249999919  -0.0004575611   0.0003415367  -0.0004575611
   2.4299999918  -0.0002660832   0.0003623947  -0.0002660832
   2.4349999918  -0.0000625055   0.0003675027  -0.0000625055
   2.4399999918   0.0001368518   0.0003553256   0.0001368518
   2.4449999918   0.0003157845   0.0003262989   0.0003157845
   2.4499999918   0.0004593215   0.0002827087   0.0004593215
   2.4549999918   0.0005548493   0.0002283364   0.0005548493
   2.4599999917   0.0005932220   0.0001679744   0.0005932220
   2.4649999917   0.0005697688   0.0001069175   0.0005697688
   2.4699999917   0.0004850546   0.0000504997   0.0004850546
   2.4749999917   0.0003452139   0.0000036944   0.0003452139
   2.4799999917   0.0001617073  -0.0000292442   0.0001617073
   2.4849999917  -0.0000495689  -0.0000451329  -0.0000495689
   2.4899999916  -0.0002697639  -0.0000422141  -0.0002697639
   2.4949999916  -0.0004789651  -0.0000204796  -0.0004789651
   2.4999999916  -0.0006582322   0.0000181159  -0.0006582322
   2.5049999916  -0.0007914812   0.0000696499  -0.0007914812
   2.5099999916  -0.0008669708   0.0001285129  -0.0008669708
   2.5149999916  -0.0008782422   0.0001879935  -0.0008782422
   2.5199999915  -0.0008244784   0.0002411064  -0.0008244784
   2.5249999915  -0.0007103432   0.0002815283  -0.0007103432
   2.5299999915  -0.0005454120   0.0003044701  -0.0005454120
   2.5349999915  -0.0003433070   0.0003073171  -0.0003433070
   2.5399999915  -0.0001206218   0.0002899245  -0.0001206218
   2.5449999915   0.0001043189   0.0002545340   0.0001043189
   2.5499999914   0.0003128352   0.0002053565   0.0003128352
   2.5549999914   0.0004873586   0.0001479287   0.0004873586
   2.5599999914   0.0006129074   0.0000883700   0.0006129074
   2.5649999914   0.0006784359   0.0000326570   0.0006784359
   2.5699999914   0.0006779007  -0.0000140009   0.0006779007
   2.5749999914   0.0006108915  -0.0000476422   0.0006108915
   2.5799999913   0.0004827278  -0.0000658742   0.0004827278
   2.5849999913   0.0003040030  -0.0000680295   0.0003040030
   2.5899999913   0.0000896399  -0.0000551544   0.0000896399
   2.5949999913  -0.0001424136  -0.0000298222  -0.0001424136
   2.5999999913  -0.0003726943   0.0000042267  -0.0003726943
   2.6049999913  -0.0005817940   0.0000425926  -0.0005817940
   2.6099999912  -0.0007518816   0.0000808104  -0.0007518816
   2.6149999912  -0.0008681028   0.0001149375  -0.0008681028
   2.6199999912  -0.0009198002   0.0001420267  -0.0009198002
   2.6249999912  -0.0009014946   0.0001603905  -0.0009014946
   2.6299999912  -0.0008135404   0.0001696087  -0.0008135404
   2.6349999912  -0.0006623509   0.0001702988  -0.0006623509
   2.6399999911  -0.0004600934   0.0001637273  -0.0004600934
   2.6449999911  -0.0002237962   0.0001513862  -0.0002237962
   2.6499999911   0.0000261096   0.0001346558   0.0000261096
   2.6549999911   0.0002676885   0.0001146387   0.0002676885
   2.6599999911   0.0004796223   0.0000921853   0.0004796223
   2.6649999911   0.0006432881   0.0000680611   0.0006432881
   2.6699999910   0.0007445210   0.0000431630   0.0007445210
   2.6749999910   0.0007748575   0.0000186772   0.0007748575
   2.6799999910   0.0007321469  -0.0000038941   0.0007321469
   2.6849999910   0.0006205296  -0.0000228595   0.0006205296
   2.6899999910   0.0004498657  -0.0000365807   0.0004498657
   2.6949999909   0.0002347455  -0.0000437531   0.0002347455
   2.6999999909  -0.0000067816  -0.0000436400  -0.0000067816
   2.7049999909  -0.0002546518  -0.0000361990  -0.0002546518
   2.7099999909  -0.0004883222  -0.0000220818  -0.0004883222
   2.7149999909  -0.0006883389  -0.0000025294  -0.0006883389
   2.7199999909  -0.0008378675   0.0000207866  -0.0008378675
   2.7249999908  -0.0009240917   0.0000459300  -0.0009240917
   2.7299999908  -0.0009393572   0.0000708431  -0.0009393572
   2.7349999908  -0.0008819232   0.0000934669  -0.0008819232
   2.7399999908  -0.0007562080   0.0001118567  -0.0007562080
   2.7449999908  -0.0005724649   0.0001243181  -0.0005724649
   2.7499999908  -0.0003459087   0.0001295688  -0.0003459087
   2.7549999907  -0.0000953854   0.0001269080  -0.0000953854
   2.7599999907   0.0001582599   0.0001163514   0.0001582599
   2.7649999907   0.0003939430   0.0000986843   0.0003939430
   2.7699999907   0.0005920621   0.0000754006   0.0005920621
   2.7749999907   0.0007360566   0.0000485257   0.0007360566
   2.7799999907   0.0008137115   0.0000203593   0.0008137115
   2.7849999906   0.0008181490  -0.0000068006   0.0008181490
   2.7899999906   0.0007484552  -0.0000308910   0.0007484552
   2.7949999906   0.0006098880  -0.0000502268   0.0006098880
   2.7999999906   0.0004136092  -0.0000635493   0.0004136092
   2.8049999906   0.0001759014  -0.0000700077   0.0001759014
   2.8099999906  -0.0000831245  -0.0000691246  -0.0000831245
   2.8149999905  -0.0003412571  -0.0000607973  -0.0003412571
   2.8199999905  -0.0005761934  -0.0000453559  -0.0005761934
   2.8249999905  -0.0007676124  -0.0000236653  -0.0007676124
   2.8299999905  -0.0008990653   0.0000027816  -0.0008990653
   2.8349999905  -0.0009594596   0.0000318444  -0.0009594596
   2.8399999905  -0.0009439725   0.0000608460  -0.0009439725
   2.8449999904  -0.0008543275   0.0000868316  -0.0008543275
   2.8499999904  -0.0006984583   0.0001069440  -0.0006984583
   2.8549999904  -0.0004896579   0.0001188430  -0.0004896579
   2.8599999904  -0.0002453521   0.0001210716  -0.0002453521
   2.8649999904   0.0000143671   0.0001132858   0.0000143671
   2.8699999904   0.0002683281   0.0000962958   0.0002683281
   2.8749999903   0.0004958968   0.0000719212   0.0004958968
   2.8799999903   0.0006785465   0.0000427057   0.0006785465
   2.8849999903   0.0008013041   0.0000115633   0.0008013041
   2.8899999903   0.0008539760  -0.0000185692   0.0008539760
   2.8949999903   0.0008320456  -0.0000450218   0.0008320456
   2.8999999903   0.0007371324  -0.0000656017   0.0007371324
   2.9049999902   0.0005769317  -0.0000787311   0.0005769317
   2.9099999902   0.0003646087  -0.0000835310   0.0003646087
   2.9149999902   0.0001176908  -0.0000798663   0.0001176908
   2.9199999902  -0.0001434299  -0.0000683503  -0.0001434299
   2.9249999902  -0.0003972245  -0.0000502959  -0.0003972245
   2.9299999902  -0.0006228117  -0.0000275936  -0.0006228117
   2.9349999901  -0.0008016380  -0.0000025121  -0.0008016380
   2.9399999901  -0.0009189319   0.0000225622  -0.0009189319
   2.9449999901  -0.0009648464   0.0000454043  -0.0009648464
   2.9499999901  -0.0009352389   0.0000641913  -0.0009352389
   2.9549999901  -0.0008320497   0.0000776558  -0.0008320497
   2.9599999901  -0.0006632454   0.0000851246  -0.0006632454
   2.9649999900  -0.0004423020   0.0000864539  -0.0004423020
   2.9699999900  -0.0001872166   0.0000819013  -0.0001872166
   2.9749999900   0.0000809161   0.0000719933   0.0000809161
   2.9799999900   0.0003396740   0.0000574390   0.0003396740
   2.9849999900   0.0005672682   0.0000391143   0.0005672682
   2.9899999900   0.0007444945   0.0000181037   0.0007444945
   2.9949999899   0.0008564562  -0.0000042431   0.0008564562
   2.9999999899   0.0008938669  -0.0000262983   0.0008938669
   3.0049999899   0.0008538016  -0.0000462285   0.0008538016
   3.0099999899   0.0007398431  -0.0000621702   0.0007398431
   3.0149999899   0.0005616544  -0.0000724803   0.0005616544
   3.0199999899   0.0003340658  -0.0000760040   0.0003340658
   3.0249999898   0.0000757979  -0.0000722907   0.0000757979
   3.0299999898  -0.0001920561  -0.0000616973  -0.0001920561
   3.0349999898  -0.0004476760  -0.0000453510  -0.0004476760
   3.0399999898  -0.0006701951  -0.0000249831  -0.0006701951
   3.0449999898  -0.0008413231  -0.0000026778  -0.0008413231
   3.0499999898  -0.0009468171   0.0000194033  -0.0009468171
   3.0549999897  -0.0009776893   0.0000392647  -0.0009776893
   3.0599999897  -0.0009310349   0.0000552545  -0.0009310349
   3.0649999897  -0.0008103748   0.0000661673  -0.0008103748
   3.0699999897  -0.0006254421   0.0000712881  -0.0006254421
   3.0749999897  -0.0003914054   0.0000704002  -0.0003914054
   3.0799999897  -0.0001275881   0.0000637739  -0.0001275881
   3.0849999896   0.0001441887   0.0000521390   0.0001441887
   3.0899999896   0.0004014699   0.0000366320   0.0004014699
   3.0949999896   0.0006230526   0.0000187005   0.0006230526
   3.0999999896   0.0007907253  -0.0000000396   0.0007907253
   3.1049999896   0.0008907266  -0.0000179830   0.0008907266
   3.1099999896   0.0009148282  -0.0000337188   0.0009148282
   3.1149999895   0.0008609841  -0.0000461778   0.0008609841
   3.1199999895   0.0007335132  -0.0000547076   0.0007335132
   3.1249999895   0.0005427965  -0.0000590594   0.0005427965
   3.1299999895   0.0003044942  -0.0000593023   0.0003044942
   3.1349999895   0.0000383093  -0.0000557018   0.0000383093
   3.1399999895  -0.0002336293  -0.0000486143  -0.0002336293
   3.1449999894  -0.0004886448  -0.0000384376  -0.0004886448
   3.1499999894  -0.0007054815  -0.0000256324  -0.0007054815
   3.1549999894  -0.0008661671  -0.0000107987  -0.0008661671
   3.1599999894  -0.0009575697   0.0000052374  -0.0009575697
   3.1649999894  -0.0009724855   0.0000213788  -0.0009724855
   3.1699999894  -0.0009101576   0.0000362945  -0.0009101576
   3.1749999893  -0.0007762030   0.0000485502  -0.0007762030
   3.1799999893  -0.0005819974   0.0000568094  -0.0005819974
   3.1849999893  -0.0003436192   0.0000600555  -0.0003436192
   3.1899999893  -0.0000804799   0.0000577748  -0.0000804799
   3.1949999893   0.0001862337   0.0000500550   0.0001862337
   3.1999999893   0.0004351933   0.0000375760   0.0004351933
   3.2049999892   0.0006465438   0.0000215048   0.0006465438
   3.2099999892   0.0008034118   0.0000033297   0.0008034118
   3.2149999892   0.0008932186  -0.0000153236   0.0008932186
   3.2199999892   0.0009087016  -0.0000328547   0.0009087016
   3.2249999892   0.0008485483  -0.0000478136   0.0008485483
   3.2299999892   0.0007175627  -0.0000589878   0.0007175627
   3.2349999891   0.0005263191  -0.0000654666   0.0005263191
   3.2399999891   0.0002903155  -0.0000666993   0.0002903155
   3.2449999891   0.0000286949  -0.0000625495   0.0000286949
   3.2499999891  -0.0002373437  -0.0000533397  -0.0002373437
   3.2549999891  -0.0004862884  -0.0000398619  -0.0004862884
   3.2599999891  -0.0006980535  -0.0000233332  -0.0006980535
   3.2649999890  -0.0008555686  -0.0000052859  -0.0008555686
   3.2699999890  -0.0009461049   0.0000126005  -0.0009461049
   3.2749999890  -0.0009622573   0.0000286965  -0.0009622573
   3.2799999890  -0.0009025297   0.0000416082  -0.0009025297
   3.2849999890  -0.0007714895   0.0000503136  -0.0007714895
   3.2899999890  -0.0005794713   0.0000542281  -0.0005794713
   3.2949999889  -0.0003418299   0.0000531982  -0.0003418299
   3.2999999889  -0.0000777669   0.0000474468  -0.0000777669
   3.3049999889   0.0001912023   0.0000375027   0.0001912023
   3.3099999889   0.0004430279   0.0000241432   0.0004430279
   3.3149999889   0.0006569971   0.0000083604   0.0006569971
   3.3199999889   0.0008155144  -0.0000086555   0.0008155144
   3.3249999888   0.0009056094  -0.0000255446   0.0009056094
   3.3299999888   0.0009200210  -0.0000408446   0.0009200210
   3.3349999888   0.0008577585  -0.0000531141   0.0008577585
   3.3399999888   0.0007241099  -0.0000611040   0.0007241099
   3.3449999888   0.0005301259  -0.0000639468   0.0005301259
   3.3499999888   0.0002916581  -0.0000613141   0.0002916581
   3.3549999887   0.0000280539  -0.0000534971   0.0000280539
   3.3599999887  -0.0002393801  -0.0000413802  -0.0002393801
   3.3649999887  -0.0004890390  -0.0000263098  -0.0004890390
   3.3699999887  -0.0007006999  -0.0000098861  -0.0007006999
   3.3749999887  -0.0008571171   0.0000062706  -0.0008571171
   3.3799999886  -0.0009454220   0.0000207283  -0.0009454220
   3.3849999886  -0.0009582124   0.0000323877  -0.0009582124
   3.3899999886  -0.0008942228   0.0000405474  -0.0008942228
   3.3949999886  -0.0007584915   0.0000448989  -0.0007584915
   3.3999999886  -0.0005619838   0.0000454780  -0.0005619838
   3.4049999886  -0.0003206895   0.0000425976  -0.0003206895
   3.4099999885  -0.0000542763   0.0000367840  -0.0000542763
   3.4149999885   0.0002155707   0.0000287206   0.0002155707
   3.4199999885   0.0004669579   0.0000191922   0.0004669579
   3.4249999885   0.0006795753   0.0000090219   0.0006795753
   3.4299999885   0.0008363180  -0.0000010053   0.0008363180
   3.4349999885   0.0009246199  -0.0000102245   0.0009246199
   3.4399999884   0.0009374125  -0.0000181601   0.0009374125
   3.4449999884   0.0008736564  -0.0000245609   0.0008736564
   3.4499999884   0.0007384153  -0.0000293876   0.0007384153
   3.4549999884   0.0005424648  -0.0000327519   0.0005424648
   3.4599999884   0.0003014518  -0.0000348264   0.0003014518
   3.4649999884   0.0000346515  -0.0000357576   0.0000346515
   3.4699999883  -0.0002365960  -0.0000356130  -0.0002365960
   3.4749999883  -0.0004906420  -0.0000343848  -0.0004906420
   3.4799999883  -0.0007073262  -0.0000320487  -0.0007073262
   3.4849999883  -0.0008696409  -0.0000286571  -0.0008696409
   3.4899999883  -0.0009651038  -0.0000244258  -0.0009651038
   3.4949999883  -0.0009867123  -0.0000197786  -0.0009867123
   3.4999999882  -0.0009334076  -0.0000153206  -0.0009334076
   3.5049999882  -0.0008100329  -0.0000117423  -0.0008100329
   3.5099999882  -0.0006268248  -0.0000096741  -0.0006268248
   3.5149999882  -0.0003985116  -0.0000095350  -0.0003985116
   3.5199999882  -0.0001431141  -0.0000114181  -0.0001431141
   3.5249999882   0.0001194559  -0.0000150436   0.0001194559
   3.5299999881   0.0003689049  -0.0000197904   0.0003689049
   3.5349999881   0.0005860844  -0.0000247916   0.0005860844
   3.5399999881   0.0007544436  -0.0000290648   0.0007544436
   3.5449999881   0.0008613107  -0.0000316436   0.0008613107
   3.5499999881   0.0008989008  -0.0000316869   0.0008989008
   3.5549999881   0.0008649556  -0.0000285568   0.0008649556
   3.5599999880   0.0007629408  -0.0000218701   0.0007629408
   3.5649999880   0.0006017652  -0.0000115375   0.0006017652
   3.5699999880   0.0003950356   0.0000022019   0.0003950356
   3.5749999880   0.0001599140   0.0000187494   0.0001599140
   3.5799999880  -0.0000843150   0.0000371353  -0.0000843150
   3.5849999880  -0.0003178307   0.0000560440  -0.0003178307
   3.5899999879  -0.0005218761   0.0000738944  -0.0005218761
   3.5949999879  -0.0006802443   0.0000889781  -0.0006802443
   3.5999999879  -0.0007805422   0.0000996409  -0.0007805422
   3.6049999879  -0.0008151516   0.0001044774  -0.0008151516
   3.6099999879  -0.0007818255   0.0001025025  -0.0007818255
   3.6149999879  -0.0006838772   0.0000932674  -0.0006838772
   3.6199999878  -0.0005299394   0.0000769053  -0.0005299394
   3.6249999878  -0.0003332916   0.0000541081  -0.0003332916
   3.6299999878  -0.0001107878   0.0000260548  -0.0001107878
   3.6349999878   0.0001185437  -0.0000056857   0.0001185437
   3.6399999878   0.0003351154  -0.0000392548   0.0003351154
   3.6449999878   0.0005204648  -0.0000726018   0.0005204648
   3.6499999877   0.0006588435  -0.0001035817   0.0006588435
   3.6549999877   0.0007385571  -0.0001300686   0.0007385571
   3.6599999877   0.0007529296  -0.0001500956   0.0007529296
   3.6649999877   0.0007008137  -0.0001620202   0.0007008137
   3.6699999877   0.0005866208  -0.0001647003   0.0005866208
   3.6749999877   0.0004198943  -0.0001576479   0.0004198943
   3.6799999876   0.0002144842  -0.0001411268   0.0002144842
   3.6849999876  -0.0000125951  -0.0001161629  -0.0000125951
   3.6899999876  -0.0002425332  -0.0000844581  -0.0002425332
   3.6949999876  -0.0004562218  -0.0000482187  -0.0004562218
   3.6999999876  -0.0006357817  -0.0000099300  -0.0006357817
   3.7049999876  -0.0007660140   0.0000278794  -0.0007660140
   3.7099999875  -0.0008356633   0.0000628449  -0.0008356633
   3.7149999875  -0.0008383851   0.0000929206  -0.0008383851
   3.7199999875  -0.0007733191   0.0001164721  -0.0007733191
   3.7249999875  -0.0006452031   0.0001323218  -0.0006452031
   3.7299999875  -0.0004640026   0.0001397637  -0.0004640026
   3.7349999875  -0.0002440859   0.0001385673  -0.0002440859
   3.7399999874  -0.0000030207   0.0001289783  -0.0000030207
   3.7449999874   0.0002398882   0.0001117123   0.0002398882
   3.7499999874   0.0004651835   0.0000879293   0.0004651835
   3.7549999874   0.0006548226   0.0000591753   0.0006548226
   3.7599999874   0.0007936017   0.0000272874   0.0007936017
   3.7649999874   0.0008703356  -0.0000057319   0.0008703356
   3.7699999873   0.0008787182  -0.0000378544   0.0008787182
   3.7749999873   0.0008178108  -0.0000671563   0.0008178108
   3.7799999873   0.0006921270  -0.0000919243   0.0006921270
   3.7849999873   0.0005113032  -0.0001107305   0.0005113032
   3.7899999873   0.0002893660  -0.0001224836   0.0002893660
   3.7949999873   0.0000436413  -0.0001264710   0.0000436413
   3.7999999872  -0.0002066211  -0.0001224044  -0.0002066211
   3.8049999872  -0.0004417944  -0.0001104734  -0.0004417944
   3.8099999872  -0.0006434601  -0.0000913956  -0.0006434601
   3.8149999872  -0.0007958870  -0.0000664398  -0.0007958870
   3.8199999872  -0.0008872715  -0.0000373950  -0.0008872715
   3.8249999872  -0.0009106335  -0.0000064662  -0.0009106335
   3.8299999871  -0.0008643069   0.0000239066  -0.0008643069
   3.8349999871  -0.0007520043   0.0000512870  -0.0007520043
   3.8399999871  -0.0005824752   0.0000735001  -0.0005824752
   3.8449999871  -0.0003688051   0.0000888655  -0.0003688051
   3.8499999871  -0.0001274166   0.0000963646  -0.0001274166
   3.8549999871   0.0001231554   0.0000957170   0.0001231554
   3.8599999870   0.0003636398   0.0000873622   0.0003636398
   3.8649999870   0.0005754721   0.0000723644   0.0005754721
   3.8699999870   0.0007422103   0.0000522648   0.0007422103
   3.8749999870   0.0008508214   0.0000289137   0.0008508214
   3.8799999870   0.0008927308   0.0000043018   0.0008927308
   3.8849999870   0.0008645367  -0.0000195963   0.0008645367
   3.8899999869   0.0007683149  -0.0000409655   0.0007683149
   3.8949999869   0.0006114766  -0.0000582807   0.0006114766
   3.8999999869   0.0004061881  -0.0000704217   0.0004061881
   3.9049999869   0.0001684034  -0.0000767636   0.0001684034
   3.9099999869  -0.0000833985  -0.0000772272  -0.0000833985
   3.9149999869  -0.0003296628  -0.0000722728  -0.0003296628
   3.9199999868  -0.0005512740  -0.0000628300  -0.0005512740
   3.9249999868  -0.0007310236  -0.0000501671  -0.0007310236
   3.9299999868  -0.0008549273  -0.0000357210  -0.0008549273
   3.9349999868  -0.0009133027  -0.0000209165  -0.0009133027
   3.9399999868  -0.0009015328  -0.0000070099  -0.0009015328
   3.9449999868  -0.0008204544   0.0000050201  -0.0008204544
   3.9499999867  -0.0006763329   0.0000145210  -0.0006763329
   3.9549999867  -0.0004804059   0.0000211638  -0.0004804059
   3.9599999867  -0.0002480182   0.0000249029  -0.0002480182
   3.9649999867   0.0000025928   0.0000259247   0.0000025928
   3.9699999867   0.0002517639   0.0000245968   0.0002517639
   3.9749999867   0.0004799942   0.0000214272   0.0004799942
   3.9799999866   0.0006695136   0.0000170254   0.0006695136
   3.9849999866   0.0008056904   0.0000120555   0.0008056904
   3.9899999866   0.0008781617   0.0000071740   0.0008781617
   3.9949999866   0.0008816028   0.0000029520   0.0008816028
   3.9999999866   0.0008160903  -0.0000002047   0.0008160903
   4.0049999866   0.0006870502  -0.0000021164   0.0006870502
   4.0099999865   0.0005048090  -0.0000028498   0.0005048090
   4.0149999865   0.0002837886  -0.0000026866   0.0002837886
   4.0199999865   0.0000414014  -0.0000020422   0.0000414014
   4.0249999865  -0.0002032827  -0.0000013551  -0.0002032827
   4.0299999865  -0.0004310102  -0.0000009772  -0.0004310102
   4.0349999864  -0.0006238556  -0.0000010933  -0.0006238556
   4.0399999864  -0.0007666509  -0.0000016929  -0.0007666509
   4.0449999864  -0.0008482146  -0.0000025983  -0.0008482146
   4.0499999864  -0.0008622650  -0.0000035344  -0.0008622650
   4.0549999864  -0.0008079328  -0.0000042197  -0.0008079328
   4.0599999864  -0.0006898230  -0.0000044484  -0.0006898230
   4.0649999863  -0.0005176228  -0.0000041450  -0.0005176228
   4.0699999863  -0.0003052972  -0.0000033821  -0.0003052972
   4.0749999863  -0.0000699489  -0.0000023650  -0.0000699489
   4.0799999863   0.0001695535  -0.0000013944   0.0001695535
   4.0849999863   0.0003940692  -0.0000008204   0.0003940692
   4.0899999863   0.0005856861  -0.0000009958   0.0005856861
   4.0949999862   0.0007291220  -0.0000022311   0.0007291220
   4.0999999862   0.0008129283  -0.0000047486   0.0008129283
   4.1049999862   0.0008304067  -0.0000086333   0.0008304067
   4.1099999862   0.0007801656  -0.0000137831   0.0007801656
   4.1149999862   0.0006662619  -0.0000198699   0.0006662619
   4.1199999862   0.0004979007  -0.0000263259   0.0004979007
   4.1249999861   0.0002887059  -0.0000323736   0.0002887059
   4.1299999861   0.0000556126  -0.0000371061   0.0000556126
   4.1349999861  -0.0001825245  -0.0000396148  -0.0001825245
   4.1399999861  -0.0004064842  -0.0000391426  -0.0004064842
   4.1449999861  -0.0005982523  -0.0000352323  -0.0005982523
   4.1499999861  -0.0007424768  -0.0000278365  -0.0007424768
   4.1549999860  -0.0008276850  -0.0000173611  -0.0008276850
   4.1599999860  -0.0008471690  -0.0000046332  -0.0008471690
   4.1649999860  -0.0007994828   0.0000092001  -0.0007994828
   4.1699999860  -0.0006885247   0.0000228171  -0.0006885247
   4.1749999860  -0.0005232097   0.0000348831  -0.0005232097
   4.1799999860  -0.0003167591   0.0000441971  -0.0003167591
   4.1849999859  -0.0000856577   0.0000498076  -0.0000856577
   4.1899999859   0.0001516502   0.0000510905   0.0001516502
   4.1949999859   0.0003762325   0.0000477938   0.0003762325
   4.1999999859   0.0005701975   0.0000400572   0.0005701975
   4.2049999859   0.0007181511   0.0000284120   0.0007181511
   4.2099999859   0.0008084550   0.0000137592   0.0008084550
   4.2149999858   0.0008341701  -0.0000026803   0.0008341701
   4.2199999858   0.0007935979  -0.0000194528   0.0007935979
   4.2249999858   0.0006903728  -0.0000349996   0.0006903728
   4.2299999858   0.0005331043  -0.0000478160   0.0005331043
   4.2349999858   0.0003346153  -0.0000566237   0.0003346153
   4.2399999858   0.0001108537  -0.0000605277   0.0001108537
   4.2449999857  -0.0001204184  -0.0000591293  -0.0001204184
   4.2499999857  -0.0003410461  -0.0000525759  -0.0003410461
   4.2549999857  -0.0005339035  -0.0000415390  -0.0005339035
   4.2599999857  -0.0006842098  -0.0000271291  -0.0006842098
   4.2649999857  -0.0007806487  -0.0000107661  -0.0007806487
   4.2699999857  -0.0008162104   0.0000059716  -0.0008162104
   4.2749999856  -0.0007886941   0.0000215001  -0.0007886941
   4.2799999856  -0.0007008301   0.0000343705  -0.0007008301
   4.2849999856  -0.0005600095   0.0000433920  -0.0005600095
   4.2899999856  -0.0003776425   0.0000477362  -0.0003776425
   4.2949999856  -0.0001682021   0.0000470202  -0.0001682021
   4.2999999856   0.0000519595   0.0000413606   0.0000519595
   4.3049999855   0.0002659135   0.0000313869   0.0002659135
   4.3099999855   0.0004574624   0.0000182013   0.0004574624
   4.3149999855   0.0006123441   0.0000032754   0.0006123441
   4.3199999855   0.0007192472  -0.0000117129   0.0007192472
   4.3249999855   0.0007705752  -0.0000250847   0.0007705752
   4.3299999855   0.0007629233  -0.0000353773   0.0007629233
   4.3349999854   0.0006972566  -0.0000415357   0.0006972566
   4.3399999854   0.0005787909  -0.0000430439   0.0005787909
   4.3449999854   0.0004165906  -0.0000399730   0.0004165906
   4.3499999854   0.0002229098  -0.0000329414   0.0002229098
   4.3549999854   0.0000123110  -0.0000230007   0.0000123110
   4.3599999854  -0.0001993865  -0.0000114734  -0.0001993865
   4.3649999853  -0.0003962612   0.0000002270  -0.0003962612
   4.3699999853  -0.0005634665   0.0000107632  -0.0005634665
   4.3749999853  -0.0006883396   0.0000190131  -0.0006883396
   4.3799999853  -0.0007613551   0.0000241706  -0.0007613551
   4.3849999853  -0.0007768466   0.0000258079  -0.0007768466
   4.3899999853  -0.0007334413   0.0000239028  -0.0007334413
   4.3949999852  -0.0006341792   0.0000188309  -0.0006341792
   4.3999999852  -0.0004863113   0.0000113214  -0.0004863113
   4.4049999852  -0.0003007963   0.0000023744  -0.0003007963
   4.4099999852  -0.0000915303  -0.0000068598  -0.0000915303
   4.4149999852   0.0001256427  -0.0000152283   0.0001256427
   4.4199999852   0.0003340801  -0.0000217325   0.0003340801
   4.4249999851   0.0005175805  -0.0000256674   0.0005175805
   4.4299999851   0.0006616317  -0.0000267163   0.0006616317
   4.4349999851   0.0007545758  -0.0000249830   0.0007545758
   4.4399999851   0.0007885925  -0.0000209531   0.0007885925
   4.4449999851   0.0007604098  -0.0000153962   0.0007604098
   4.4499999851   0.0006716627  -0.0000092301   0.0006716627
   4.4549999850   0.0005288537  -0.0000033764   0.0005288537
   4.4599999850   0.0003429036   0.0000013663   0.0003429036
   4.4649999850   0.0001283226   0.0000044142   0.0001283226
   4.4699999850  -0.0000979288   0.0000054484  -0.0000979288
   4.4749999850  -0.0003177949   0.0000044293  -0.0003177949
   4.4799999850  -0.0005135806   0.0000015812  -0.0005135806
   4.4849999849  -0.0006693894  -0.0000026419  -0.0006693894
   4.4899999849  -0.0007724294  -0.0000076068  -0.0007724294
   4.4949999849  -0.0008140846  -0.0000125675  -0.0008140846
   4.4999999849  -0.0007906631  -0.0000167498  -0.0007906631
   4.5049999849  -0.0007037571  -0.0000194515  -0.0007037571
   4.5099999849  -0.0005601743  -0.0000201502  -0.0005601743
   4.5149999848  -0.0003714294  -0.0000185991  -0.0003714294
   4.5199999848  -0.0001528250  -0.0000148924  -0.0001528250
   4.5249999848   0.0000778104  -0.0000094768   0.0000778104
   4.5299999848   0.0003016229  -0.0000031008   0.0003016229
   4.5349999848   0.0005003365   0.0000032962   0.0005003365
   4.5399999848   0.0006578095   0.0000087368   0.0006578095
   4.5449999847   0.0007613975   0.0000123703   0.0007613975
   4.5499999847   0.0008029966   0.0000136175   0.0008029966
   4.5549999847   0.0007796762   0.0000122665   0.0007796762
   4.5599999847   0.0006938566   0.0000085057   0.0006938566
   4.5649999847   0.0005530286   0.0000028907   0.0005530286
   4.5699999847   0.0003690558  -0.0000037418   0.0003690558
   4.5749999846   0.0001571331  -0.0000103948   0.0001571331
   4.5799999846  -0.0000655038  -0.0000160463  -0.0000655038
   4.5849999846  -0.0002810080  -0.0000197815  -0.0002810080
   4.5899999846  -0.0004723712  -0.0000209099  -0.0004723712
   4.5949999846  -0.0006247795  -0.0000190588  -0.0006247795
   4.5999999846  -0.0007267652  -0.0000142363  -0.0007267652
   4.6049999845  -0.0007710620  -0.0000068547  -0.0007710620
   4.6099999845  -0.0007550966   0.0000022936  -0.0007550966
   4.6149999845  -0.0006810820   0.0000121146  -0.0006810820
   4.6199999845  -0.0005557151   0.0000213440  -0.0005557151
   4.6249999845  -0.0003895219   0.0000287190  -0.0003895219
   4.6299999845  -0.0001959221   0.0000331673  -0.0001959221
   4.6349999844   0.0000098904   0.0000339790   0.0000098904
   4.6399999844   0.0002121483   0.0000309294   0.0002121483
   4.6449999844   0.0003956944   0.0000243236   0.0003956944
   4.6499999844   0.0005470639   0.0000149547   0.0005470639
   4.6549999844   0.0006554004   0.0000039811   0.0006554004
   4.6599999844   0.0007131613  -0.0000072520   0.0007131613
   4.6649999843   0.0007165812  -0.0000174116   0.0007165812
   4.6699999843   0.0006658780  -0.0000253612   0.0006658780
   4.6749999843   0.0005651953  -0.0000303019   0.0005651953
   4.6799999843   0.0004222828  -0.0000318537   0.0004222828
   4.6849999843   0.0002479347  -0.0000300759   0.0002479347
   4.6899999843   0.0000552155  -0.0000254315   0.0000552155
   4.6949999842  -0.0001414747  -0.0000187105  -0.0001414747
   4.6999999842  -0.0003274342  -0.0000109238  -0.0003274342
   4.7049999842  -0.0004887182  -0.0000031786  -0.0004887182
   4.7099999842  -0.0006131458   0.0000034537  -0.0006131458
   4.7149999842  -0.0006911873   0.0000080684  -0.0006911873
   4.7199999841  -0.0007166694   0.0000100420  -0.0007166694
   4.7249999841  -0.0006872548   0.0000091170  -0.0006872548
   4.7299999841  -0.0006046627   0.0000054390  -0.0006046627
   4.7349999841  -0.0004746117  -0.0000004650  -0.0004746117
   4.7399999841  -0.0003064804  -0.0000077677  -0.0003064804
   4.7449999841  -0.0001126922  -0.0000154743  -0.0001126922
   4.7499999840   0.0000921490  -0.0000225818   0.0000921490
   4.7549999840   0.0002923258  -0.0000282364   0.0002923258
   4.7599999840   0.0004722090  -0.0000318589   0.0004722090
   4.7649999840   0.0006175021  -0.0000332146   0.0006175021
   4.7699999840   0.0007164255  -0.0000324185   0.0007164255
   4.7749999840   0.0007607305  -0.0000298822   0.0007607305
   4.7799999839   0.0007464445  -0.0000262177   0.0007464445
   4.7849999839   0.0006742701  -0.0000221226   0.0006742701
   4.7899999839   0.0005495950  -0.0000182685   0.0005495950
   4.7949999839   0.0003821049  -0.0000152088   0.0003821049
   4.7999999839   0.0001850302  -0.0000133131   0.0001850302
   4.8049999839  -0.0000259097  -0.0000127306  -0.0000259097
   4.8099999838  -0.0002337788  -0.0000133794  -0.0002337788
   4.8149999838  -0.0004218074  -0.0000149614  -0.0004218074
   4.8199999838  -0.0005747743  -0.0000170007  -0.0005747743
   4.8249999838  -0.0006802740  -0.0000189089  -0.0006802740
   4.8299999838  -0.0007297614  -0.0000200730  -0.0007297614
   4.8349999838  -0.0007192808  -0.0000199600  -0.0007192808
   4.8399999837  -0.0006498090  -0.0000182219  -0.0006498090
   4.8449999837  -0.0005271756  -0.0000147809  -0.0005271756
   4.8499999837  -0.0003615594  -0.0000098739  -0.0003615594
   4.8549999837  -0.0001666052  -0.0000040394  -0.0001666052
   4.8599999837   0.0000417568   0.0000019552   0.0000417568
   4.8649999837   0.0002466758   0.0000072358   0.0002466758
   4.8699999836   0.0004317995   0.0000109703   0.0004317995
   4.8749999836   0.0005826155   0.0000125123   0.0005826155
   4.8799999836   0.0006875980   0.0000115122   0.0006875980
   4.8849999836   0.0007390694   0.0000079743   0.0007390694
   4.8899999836   0.0007337195   0.0000022525   0.0007337195
   4.8949999836   0.0006727573  -0.0000050087   0.0006727573
   4.8999999835   0.0005617043  -0.0000129732   0.0005617043
   4.9049999835   0.0004098617  -0.0000207319   0.0004098617
   4.9099999835   0.0002295070  -0.0000274220   0.0002295070
   4.9149999835   0.0000348884  -0.0000323335   0.0000348884
   4.9199999835  -0.0001589023  -0.0000349915  -0.0001589023
   4.9249999835  -0.0003370897  -0.0000352118  -0.0003370897
   4.9299999834  -0.0004863202  -0.0000331212  -0.0004863202
   4.9349999834  -0.0005956306  -0.0000291437  -0.0005956306
   4.9399999834  -0.0006572095  -0.0000239455  -0.0006572095
   4.9449999834  -0.0006669026  -0.0000183438  -0.0006669026
   4.9499999834  -0.0006244369  -0.0000131858  -0.0006244369
   4.9549999834  -0.0005333615  -0.0000092151  -0.0005333615
   4.9599999833  -0.0004007273  -0.0000069470  -0.0004007273
   4.9649999833  -0.0002365400  -0.0000065802  -0.0002365400
   4.9699999833  -0.0000530324  -0.0000079623  -0.0000530324
   4.9749999833   0.0001361957  -0.0000106220   0.0001361957
   4.9799999833   0.0003171205  -0.0000138620   0.0003171205
   4.9849999833   0.0004762696  -0.0000168933   0.0004762696
   4.9899999832   0.0006016766  -0.0000189838   0.0006016766
   4.9949999832   0.0006837582  -0.0000195879   0.0006837582
   4.9999999832   0.0007160517  -0.0000184334   0.0007160517
   5.0049999832   0.0006957550  -0.0000155521   0.0006957550
   5.0099999832   0.0006240125  -0.0000112532   0.0006240125
   5.0149999832   0.0005059110  -0.0000060539   0.0005059110
   5.0199999831   0.0003501678  -0.0000005840   0.0003501678
   5.0249999831   0.0001685236   0.0000045138   0.0001685236
   5.0299999831  -0.0000251222   0.0000086732  -0.0000251222
   5.0349999831  -0.0002157682   0.0000114739  -0.0002157682
   5.0399999831  -0.0003884789   0.0000126866  -0.0003884789
   5.0449999831  -0.0005295702   0.0000122932  -0.0005295702
   5.0499999830  -0.0006277186   0.0000104816  -0.0006277186
   5.0549999830  -0.0006749017   0.0000076139  -0.0006749017
   5.0599999830  -0.0006670927   0.0000041701  -0.0006670927
   5.0649999830  -0.0006046425   0.0000006707  -0.0006046425
   5.0699999830  -0.0004923088  -0.0000024128  -0.0004923088
   5.0749999830  -0.0003389163  -0.0000047423  -0.0003389163
   5.0799999829  -0.0001566654  -0.0000061766  -0.0001566654
   5.0849999829   0.0000398614  -0.0000067960   0.0000398614
   5.0899999829   0.0002349121  -0.0000068791   0.0002349121
   5.0949999829   0.0004128873  -0.0000068350   0.0004128873
   5.0999999829   0.0005596511  -0.0000071043   0.0005596511
   5.1049999829   0.0006637055  -0.0000080524   0.0006637055
   5.1099999828   0.0007171220  -0.0000098805   0.0007171220
   5.1149999828   0.0007161482  -0.0000125751   0.0007161482
   5.1199999828   0.0006614462  -0.0000159068   0.0006614462
   5.1249999828   0.0005579547  -0.0000194768   0.0005579547
   5.1299999828   0.0004144031  -0.0000227955   0.0004144031
   5.1349999828   0.0002425346  -0.0000253763   0.0002425346
   5.1399999827   0.0000561136  -0.0000268227   0.0000561136
   5.1449999827  -0.0001301940  -0.0000268931  -0.0001301940
   5.1499999827  -0.0003019772  -0.0000255371  -0.0003019772
   5.1549999827  -0.0004461826  -0.0000229007  -0.0004461826
   5.1599999827  -0.0005520813  -0.0000193052  -0.0005520813
   5.1649999827  -0.0006120317  -0.0000152059  -0.0006120317
   5.1699999826  -0.0006219852  -0.0000111346  -0.0006219852
   5.1749999826  -0.0005817062  -0.0000076307  -0.0005817062
   5.1799999826  -0.0004946998  -0.0000051659  -0.0004946998
   5.1849999826  -0.0003678687  -0.0000040703  -0.0003678687
   5.1899999826  -0.0002109377  -0.0000044702  -0.0002109377
   5.1949999826  -0.0000357020  -0.0000062506  -0.0000357020
   5.1999999825   0.0001448385  -0.0000090565   0.0001448385
   5.2049999825   0.0003173973  -0.0000123379   0.0003173973
   5.2099999825   0.0004693150  -0.0000154385   0.0004693150
   5.2149999825   0.0005894182  -0.0000177122   0.0005894182
   5.2199999825   0.0006687838  -0.0000186472   0.0006687838
   5.2249999825   0.0007013668  -0.0000179686   0.0007013668
   5.2299999824   0.0006844594  -0.0000156988   0.0006844594
   5.2349999824   0.0006189437  -0.0000121585   0.0006189437
   5.2399999824   0.0005093116  -0.0000079100   0.0005093116
   5.2449999824   0.0003634298  -0.0000036546   0.0003634298
   5.2499999824   0.0001920471  -0.0000001058   0.0001920471
   5.2549999824   0.0000080604   0.0000021344   0.0000080604
   5.2599999823  -0.0001744190   0.0000026757  -0.0001744190
   5.2649999823  -0.0003411365   0.0000013989  -0.0003411365
   5.2699999823  -0.0004788190  -0.0000015297  -0.0004788190
   5.2749999823  -0.0005762637  -0.0000056879  -0.0005762637
   5.2799999823  -0.0006252938  -0.0000104618  -0.0006252938
   5.2849999823  -0.0006214979  -0.0000151377  -0.0006214979
   5.2899999822  -0.0005646776  -0.0000190069  -0.0005646776
   5.2949999822  -0.0004589553  -0.0000214748  -0.0004589553
   5.2999999822  -0.0003125164  -0.0000221585  -0.0003125164
   5.3049999822  -0.0001369938  -0.0000209600  -0.0001369938
   5.3099999822   0.0000534657  -0.0000180992   0.0000534657
   5.3149999822   0.0002433816  -0.0000140945   0.0002433816
   5.3199999821   0.0004172638  -0.0000096878   0.0004172638
   5.3249999821   0.0005609584  -0.0000057203   0.0005609584
   5.3299999821   0.0006628844  -0.0000029770   0.0006628844
   5.3349999821   0.0007150358  -0.0000020297   0.0007150358
   5.3399999821   0.0007136500  -0.0000031121   0.0007136500
   5.3449999821   0.0006594749  -0.0000060544   0.0006594749
   5.3499999820   0.0005576180  -0.0000102960   0.0005576180
   5.3549999820   0.0004170043  -0.0000149778   0.0004170043
   5.3599999820   0.0002495116  -0.0000190952   0.0002495116
   5.3649999820   0.0000688836  -0.0000216848   0.0000688836
   5.3699999820  -0.0001104649  -0.0000220050  -0.0001104649
   5.3749999820  -0.0002746357  -0.0000196774  -0.0002746357
   5.3799999819  -0.0004113233  -0.0000147640  -0.0004113233
   5.3849999819  -0.0005106999  -0.0000077674  -0.0005106999
   5.3899999819  -0.0005660520   0.0000004417  -0.0005660520
   5.3949999819  -0.0005741415   0.0000087558  -0.0005741415
   5.3999999819  -0.0005352885   0.0000159982  -0.0005352885
   5.4049999818  -0.0004531946   0.0000211005  -0.0004531946
   5.4099999818  -0.0003345445   0.0000232648  -0.0003345445
   5.4149999818  -0.0001884331   0.0000220892  -0.0001884331
   5.4199999818  -0.0000256726   0.0000176371  -0.0000256726
   5.4249999818   0.0001419669   0.0000104400   0.0001419669
   5.4299999818   0.0003025345   0.0000014279   0.0003025345
   5.4349999817   0.0004446548  -0.0000082043   0.0004446548
   5.4399999817   0.0005582318  -0.0000171787   0.0005582318
   5.4449999817   0.0006350780  -0.0000243367   0.0006350780
   5.4499999817   0.0006694505  -0.0000288258   0.0006694505
   5.4549999817   0.0006584697  -0.0000302367   0.0006584697
   5.4599999817   0.0006023979  -0.0000286609   0.0006023979
   5.4649999816   0.0005047434  -0.0000246579   0.0005047434
   5.4699999816   0.0003721592  -0.0000191339   0.0003721592
   5.4749999816   0.0002141083  -0.0000131597   0.0002141083
   5.4799999816   0.0000422853  -0.0000077635   0.0000422853
   5.4849999816  -0.0001301909  -0.0000037426  -0.0001301909
   5.4899999816  -0.0002897698  -0.0000015308  -0.0002897698
   5.4949999815  -0.0004235714  -0.0000011456  -0.0004235714
   5.4999999815  -0.0005204984  -0.0000022201  -0.0005204984
   5.5049999815  -0.0005722464  -0.0000041074  -0.0005722464
   5.5099999815  -0.0005741032  -0.0000060301  -0.0005741032
   5.5149999815  -0.0005254447  -0.0000072440  -0.0005254447
   5.5199999815  -0.0004298658  -0.0000071840  -0.0004298658
   5.5249999814  -0.0002949242  -0.0000055671  -0.0002949242
   5.5299999814  -0.0001315150  -0.0000024415  -0.0001315150
   5.5349999814   0.0000470649   0.0000018264   0.0000470649
   5.5399999814   0.0002262736   0.0000066173   0.0002262736
   5.5449999814   0.0003915889   0.0000111667   0.0003915889
   5.5499999814   0.0005297587   0.0000146977   0.0005297587
   5.5549999813   0.0006299185   0.0000165566   0.0006299185
   5.5599999813   0.0006844725   0.0000163308   0.0006844725
   5.5649999813   0.0006896610   0.0000139285   0.0006896610
   5.5699999813   0.0006457740   0.0000096036   0.0006457740
   5.5749999813   0.0005570063   0.0000039199   0.0005570063
   5.5799999813   0.0004309890  -0.0000023433   0.0004309890
   5.5849999812   0.0002780617  -0.0000083259   0.0002780617
   5.5899999812   0.0001103691  -0.0000132389   0.0001103691
   5.5949999812  -0.0000591278  -0.0000164999  -0.0000591278
   5.5999999812  -0.0002176378  -0.0000178270  -0.0002176378
   5.6049999812  -0.0003534544  -0.0000172698  -0.0003534544
   5.6099999812  -0.0004567440  -0.0000151749  -0.0004567440
   5.6149999811  -0.0005201752  -0.0000120958  -0.0005201752
   5.6199999811  -0.0005393677  -0.0000086709  -0.0005393677
   5.6249999811  -0.0005131507  -0.0000054987  -0.0005131507
   5.6299999811  -0.0004436243  -0.0000030368  -0.0004436243
   5.6349999811  -0.0003360192  -0.0000015420  -0.0003360192
   5.6399999811  -0.0001983546  -0.0000010593  -0.0001983546
   5.6449999810  -0.0000409019  -0.0000014502  -0.0000409019
   5.6499999810   0.0001245256  -0.0000024493   0.0001245256
   5.6549999810   0.0002854208  -0.0000037289   0.0002854208
   5.6599999810   0.0004295125  -0.0000049591   0.0004295125
   5.6649999810   0.0005457081  -0.0000058535   0.0005457081
   5.6699999810   0.0006249715  -0.0000061995   0.0006249715
   5.6749999809   0.0006610563  -0.0000058733   0.0006610563
   5.6799999809   0.0006510295  -0.0000048453   0.0006510295
   5.6849999809   0.0005955313  -0.0000031769   0.0005955313
   5.6899999809   0.0004987479  -0.0000010107   0.0004987479
   5.6949999809   0.0003680937   0.0000014473   0.0003680937
   5.6999999809   0.0002136307   0.0000039531   0.0002136307
   5.7049999808   0.0000472731   0.0000062562   0.0000472731
   5.7099999808  -0.0001181555   0.0000081323  -0.0001181555
   5.7149999808  -0.0002699318   0.0000094121  -0.0002699318
   5.7199999808  -0.0003964264   0.0000100007  -0.0003964264
   5.7249999808  -0.0004879988   0.0000098839  -0.0004879988
   5.7299999808  -0.0005377242   0.0000091226  -0.0005377242
   5.7349999807  -0.0005418988   0.0000078390  -0.0005418988
   5.7399999807  -0.0005002901   0.0000061983  -0.0005002901
   5.7449999807  -0.0004161239   0.0000043910  -0.0004161239
   5.7499999807  -0.0002958175   0.0000026155  -0.0002958175
   5.7549999807  -0.0001484865   0.0000010611  -0.0001484865
   5.7599999807   0.0000147354  -0.0000001126   0.0000147354
   5.7649999806   0.0001815175  -0.0000007995   0.0001815175
   5.7699999806   0.0003392418  -0.0000009723   0.0003392418
   5.7749999806   0.0004759479  -0.0000007025   0.0004759479
   5.7799999806   0.0005812509  -0.0000001644   0.0005812509
   5.7849999806   0.0006471707   0.0000003840   0.0006471707
   5.7899999806   0.0006688047   0.0000006472   0.0006688047
   5.7949999805   0.0006447783   0.0000003605   0.0006447783
   5.7999999805   0.0005774203  -0.0000006346   0.0005774203
   5.8049999805   0.0004726262  -0.0000023263   0.0004726262
   5.8099999805   0.0003394045  -0.0000045024   0.0003394045
   5.8149999805   0.0001891339  -0.0000067675   0.0001891339
   5.8199999805   0.0000345966  -0.0000086098   0.0000345966
   5.8249999804  -0.0001111187  -0.0000095078  -0.0001111187
   5.8299999804  -0.0002357326  -0.0000090520  -0.0002357326
   5.8349999804  -0.0003287967  -0.0000070528  -0.0003287967
   5.8399999804  -0.0003825207  -0.0000036064  -0.0003825207
   5.8449999804  -0.0003923353   0.0000009003  -0.0003923353
   5.8499999804  -0.0003571538   0.0000058485  -0.0003571538
   5.8549999803  -0.0002793336   0.0000104993  -0.0002793336
   5.8599999803  -0.0001643711   0.0000141340  -0.0001643711
   5.8649999803  -0.0000203840   0.0000161917  -0.0000203840
   5.8699999803   0.0001425520   0.0000163757   0.0001425520
   5.8749999803   0.0003131473   0.0000147082   0.0003131473
   5.8799999803   0.0004796669   0.0000115212   0.0004796669
   5.8849999802   0.0006306797   0.0000073910   0.0006306797
   5.8899999802   0.0007557591   0.0000030273   0.0007557591
   5.8949999802   0.0008461140  -0.0000008587   0.0008461140
   5.8999999802   0.0008951349  -0.0000036830   0.0008951349
   5.9049999802   0.0008988391  -0.0000050894   0.0008988391
   5.9099999802   0.0008561894  -0.0000050044   0.0008561894
   5.9149999801   0.0007692593  -0.0000036346   0.0007692593
   5.9199999801   0.0006432070  -0.0000014086   0.0006432070
   5.9249999801   0.0004860280   0.0000011272   0.0004860280
   5.9299999801   0.0003080637   0.0000034365   0.0003080637
   5.9349999801   0.0001212711   0.0000051161   0.0001212711
   5.9399999801  -0.0000617151   0.0000059875  -0.0000617151
   5.9449999800  -0.0002286548   0.0000061311  -0.0002286548
   5.9499999800  -0.0003688089   0.0000058556  -0.0003688089
   5.9549999800  -0.0004739546   0.0000056064  -0.0004739546
   5.9599999800  -0.0005391817   0.0000058368  -0.0005391817
   5.9649999800  -0.0005633632   0.0000068734  -0.0005633632
   5.9699999800  -0.0005492281   0.0000088145  -0.0005492281
   5.9749999799  -0.0005030236   0.0000114898  -0.0005030236
   5.9799999799  -0.0004338094   0.0000144941  -0.0004338094
   5.9849999799  -0.0003524796   0.0000172892  -0.0003524796
   5.9899999799  -0.0002706450   0.0000193469  -0.0002706450
   5.9949999799  -0.0001995154   0.0000202934  -0.0001995154
