   0.0000000000   0.0000000000   0.0000000000   0.0000000000
   0.0020000000   0.0000000000   0.0000000000   0.0000000000
   0.0040000000   0.0000000000   0.0000000000   0.0000000000
   0.0060000000   0.0000000000   0.0000000000   0.0000000000
   0.0080000000   0.0000000000   0.0000000000   0.0000000000
   0.0100000000   0.0000000000   0.0000000000   0.0000000000
   0.0120000000   0.0000000000   0.0000000000   0.0000000000
   0.0140000000   0.0000000000   0.0000000000   0.0000000000
   0.0159999999   0.0000000000   0.0000000000   0.0000000000
   0.0179999999   0.0000000000   0.0000000000   0.0000000000
   0.0199999999  -0.0000000000  -0.0000000000  -0.0000000000
   0.0219999999  -0.0000000000  -0.0000000000  -0.0000000000
   0.0239999999  -0.0000000000  -0.0000000000  -0.0000000000
   0.0259999999  -0.0000000000  -0.0000000000  -0.0000000000
   0.0279999999  -0.0000000000  -0.0000000000  -0.0000000000
   0.0299999999  -0.0000000000  -0.0000000000  -0.0000000000
   0.0319999999  -0.0000000000  -0.0000000000  -0.0000000000
   0.0339999999  -0.0000000000  -0.0000000000  -0.0000000000
   0.0359999999  -0.0000000000  -0.0000000000  -0.0000000000
   0.0379999999  -0.0000000000  -0.0000000000  -0.0000000000
   0.0399999999  -0.0000000000  -0.0000000000  -0.0000000000
   0.0419999999  -0.0000000000  -0.0000000000  -0.0000000000
   0.0439999999   0.0000000000   0.0000000000   0.0000000000
   0.0459999998   0.0000000000   0.0000000000   0.0000000000
   0.0479999998   0.0000000000   0.0000000000   0.0000000000
   0.0499999998   0.0000000000   0.0000000000   0.0000000000
   0.0519999998   0.0000000000   0.0000000000   0.0000000000
   0.0539999998   0.0000000000   0.0000000000   0.0000000000
   0.0559999998   0.0000000000   0.0000000000   0.0000000000
   0.0579999998   0.0000000000   0.0000000000   0.0000000000
   0.0599999998   0.0000000000   0.0000000000   0.0000000000
   0.0619999998   0.0000000000   0.0000000000   0.0000000000
   0.0639999998   0.0000000000   0.0000000000   0.0000000000
   0.0659999998   0.0000000000   0.0000000000   0.0000000000
   0.0679999998   0.0000000000   0.0000000000   0.0000000000
   0.0699999998   0.0000000000   0.0000000000   0.0000000000
   0.0719999998   0.0000000000   0.0000000000   0.0000000000
   0.0739999998   0.0000000000   0.0000000000   0.0000000000
   0.0759999997   0.0000000000   0.0000000000   0.0000000000
   0.0779999997   0.0000000000   0.0000000000   0.0000000000
   0.0799999997   0.0000000000   0.0000000000   0.0000000000
   0.0819999997   0.0000000000   0.0000000000   0.0000000000
   0.0839999997   0.0000000000   0.0000000000   0.0000000000
   0.0859999997   0.0000000000   0.0000000000   0.0000000000
   0.0879999997   0.0000000000   0.0000000000   0.0000000000
   0.0899999997   0.0000000000   0.0000000000   0.0000000000
   0.0919999997   0.0000000000   0.0000000000   0.0000000000
   0.0939999997   0.0000000000   0.0000000000   0.0000000000
   0.0959999997   0.0000000000   0.0000000000   0.0000000000
   0.0979999997   0.0000000000   0.0000000000   0.0000000000
   0.0999999997   0.0000000000   0.0000000000   0.0000000000
   0.1019999997   0.0000000000   0.0000000000   0.0000000000
   0.1039999997   0.0000000000   0.0000000000   0.0000000000
   0.1059999996   0.0000000000   0.0000000000   0.0000000000
   0.1079999996   0.0000000000   0.0000000000   0.0000000000
   0.1099999996   0.0000000000   0.0000000000   0.0000000000
   0.1119999996   0.0000000000   0.0000000000   0.0000000000
   0.1139999996   0.0000000000   0.0000000000   0.0000000000
   0.1159999996   0.0000000000   0.0000000000   0.0000000000
   0.1179999996   0.0000000000   0.0000000000   0.0000000000
   0.1199999996   0.0000000000   0.0000000000   0.0000000000
   0.1219999996   0.0000000000   0.0000000000   0.0000000000
   0.1239999996   0.0000000000   0.0000000000   0.0000000000
   0.1259999996   0.0000000000   0.0000000000   0.0000000000
   0.1279999996   0.0000000000   0.0000000000   0.0000000000
   0.1299999996   0.0000000000   0.0000000000   0.0000000000
   0.1319999996   0.0000000000   0.0000000000   0.0000000000
   0.1339999996   0.0000000000   0.0000000000   0.0000000000
   0.1359999995   0.0000000000   0.0000000000   0.0000000000
   0.1379999995   0.0000000000   0.0000000000   0.0000000000
   0.1399999995   0.0000000000   0.0000000000   0.0000000000
   0.1419999995   0.0000000000   0.0000000000   0.0000000000
   0.1439999995   0.0000000000   0.0000000000   0.0000000000
   0.1459999995   0.0000000000   0.0000000000   0.0000000000
   0.1479999995   0.0000000000   0.0000000000   0.0000000000
   0.1499999995   0.0000000000   0.0000000000   0.0000000000
   0.1519999995   0.0000000000   0.0000000000   0.0000000000
   0.1539999995   0.0000000000   0.0000000000   0.0000000000
   0.1559999995   0.0000000000   0.0000000000   0.0000000000
   0.1579999995   0.0000000000   0.0000000000   0.0000000000
   0.1599999995   0.0000000000   0.0000000000   0.0000000000
   0.1619999995   0.0000000000   0.0000000000   0.0000000000
   0.1639999994   0.0000000000   0.0000000000   0.0000000000
   0.1659999994   0.0000000000   0.0000000000   0.0000000000
   0.1679999994   0.0000000000   0.0000000000   0.0000000000
   0.1699999994   0.0000000000   0.0000000000   0.0000000000
   0.1719999994   0.0000000000   0.0000000000   0.0000000000
   0.1739999994   0.0000000000   0.0000000000   0.0000000000
   0.1759999994   0.0000000000   0.0000000000   0.0000000000
   0.1779999994   0.0000000000   0.0000000000   0.0000000000
   0.1799999994   0.0000000000   0.0000000000   0.0000000000
   0.1819999994  -0.0000000000  -0.0000000000  -0.0000000000
   0.1839999994  -0.0000000000  -0.0000000000  -0.0000000000
   0.1859999994  -0.0000000000  -0.0000000000  -0.0000000000
   0.1879999994  -0.0000000000  -0.0000000000  -0.0000000000
   0.1899999994  -0.0000000000  -0.0000000000  -0.0000000000
   0.1919999994  -0.0000000000  -0.0000000000  -0.0000000000
   0.1939999993  -0.0000000000  -0.0000000000  -0.0000000000
   0.1959999993  -0.0000000000  -0.0000000000  -0.0000000000
   0.1979999993  -0.0000000000  -0.0000000000  -0.0000000000
   0.1999999993  -0.0000000000  -0.0000000000  -0.0000000000
   0.2019999993   0.0000000000   0.0000000000   0.0000000000
   0.2039999993   0.0000000000   0.0000000000   0.0000000000
   0.2059999993   0.0000000000   0.0000000000   0.0000000000
   0.2079999993   0.0000000000   0.0000000000   0.0000000000
   0.2099999993   0.0000000000   0.0000000000   0.0000000000
   0.2119999993   0.0000000000   0.0000000000   0.0000000000
   0.2139999993   0.0000000000   0.0000000000   0.0000000000
   0.2159999993   0.0000000000   0.0000000000   0.0000000000
   0.2179999993  -0.0000000000  -0.0000000000  -0.0000000000
   0.2199999993  -0.0000000000  -0.0000000000  -0.0000000000
   0.2219999993  -0.0000000000  -0.0000000000  -0.0000000000
   0.2239999992  -0.0000000000  -0.0000000000  -0.0000000000
   0.2259999992  -0.0000000000  -0.0000000000  -0.0000000000
   0.2279999992  -0.0000000000  -0.0000000000  -0.0000000000
   0.2299999992  -0.0000000000  -0.0000000000  -0.0000000000
   0.2319999992  -0.0000000000  -0.0000000000  -0.0000000000
   0.2339999992   0.0000000000   0.0000000000   0.0000000000
   0.2359999992   0.0000000000   0.0000000000   0.0000000000
   0.2379999992   0.0000000000   0.0000000000   0.0000000000
   0.2399999992   0.0000000000   0.0000000000   0.0000000000
   0.2419999992   0.0000000000   0.0000000000   0.0000000000
   0.2439999992   0.0000000000   0.0000000000   0.0000000000
   0.2459999992   0.0000000000   0.0000000000   0.0000000000
   0.2479999992  -0.0000000000  -0.0000000000  -0.0000000000
   0.2499999992  -0.0000000000  -0.0000000000  -0.0000000000
   0.2519999992  -0.0000000000  -0.0000000000  -0.0000000000
   0.2539999991  -0.0000000000  -0.0000000000  -0.0000000000
   0.2559999991  -0.0000000000  -0.0000000000  -0.0000000000
   0.2579999991  -0.0000000000  -0.0000000000  -0.0000000000
   0.2599999991  -0.0000000000  -0.0000000000  -0.0000000000
   0.2619999991   0.0000000000   0.0000000000   0.0000000000
   0.2639999991   0.0000000000   0.0000000000   0.0000000000
   0.2659999991   0.0000000000   0.0000000000   0.0000000000
   0.2679999991   0.0000000000   0.0000000000   0.0000000000
   0.2699999991   0.0000000000   0.0000000000   0.0000000000
   0.2719999991   0.0000000000   0.0000000000   0.0000000000
   0.2739999991  -0.0000000000  -0.0000000000  -0.0000000000
   0.2759999991  -0.0000000000  -0.0000000000  -0.0000000000
   0.2779999991  -0.0000000000  -0.0000000000  -0.0000000000
   0.2799999991  -0.0000000000  -0.0000000000  -0.0000000000
   0.2819999991  -0.0000000000  -0.0000000000  -0.0000000000
   0.2839999990  -0.0000000000  -0.0000000000  -0.0000000000
   0.2859999990  -0.0000000000  -0.0000000000  -0.0000000000
   0.2879999990   0.0000000000   0.0000000000   0.0000000000
   0.2899999990   0.0000000000   0.0000000000   0.0000000000
   0.2919999990   0.0000000000   0.0000000000   0.0000000000
   0.2939999990   0.0000000000   0.0000000000   0.0000000000
   0.2959999990   0.0000000000   0.0000000000   0.0000000000
   0.2979999990   0.0000000000   0.0000000000   0.0000000000
   0.2999999990  -0.0000000000  -0.0000000000  -0.0000000000
   0.3019999990  -0.0000000000  -0.0000000000  -0.0000000000
   0.3039999990  -0.0000000000  -0.0000000000  -0.0000000000
   0.3059999990  -0.0000000000  -0.0000000000  -0.0000000000
   0.3079999990  -0.0000000000  -0.0000000000  -0.0000000000
   0.3099999990  -0.0000000000  -0.0000000000  -0.0000000000
   0.3119999990   0.0000000000   0.0000000000   0.0000000000
   0.3139999989   0.0000000000   0.0000000000   0.0000000000
   0.3159999989   0.0000000000   0.0000000000   0.0000000000
   0.3179999989   0.0000000000   0.0000000000   0.0000000000
   0.3199999989   0.0000000000   0.0000000000   0.0000000000
   0.3219999989   0.0000000000   0.0000000000   0.0000000000
   0.3239999989  -0.0000000000  -0.0000000000  -0.0000000000
   0.3259999989  -0.0000000000  -0.0000000000  -0.0000000000
   0.3279999989  -0.0000000000  -0.0000000000  -0.0000000000
   0.3299999989  -0.0000000000  -0.0000000000  -0.0000000000
   0.3319999989  -0.0000000000  -0.0000000000  -0.0000000000
   0.3339999989  -0.0000000000  -0.0000000000  -0.0000000000
   0.3359999989   0.0000000000   0.0000000000   0.0000000000
   0.3379999989   0.0000000000   0.0000000000   0.0000000000
   0.3399999989   0.0000000000   0.0000000000   0.0000000000
   0.3419999989   0.0000000000   0.0000000000   0.0000000000
   0.3439999988   0.0000000000   0.0000000000   0.0000000000
   0.3459999988  -0.0000000000  -0.0000000000  -0.0000000000
   0.3479999988  -0.0000000000  -0.0000000000  -0.0000000000
   0.3499999988  -0.0000000000  -0.0000000000  -0.0000000000
   0.3519999988  -0.0000000000  -0.0000000000  -0.0000000000
   0.3539999988   0.0000000000  -0.0000000000   0.0000000000
   0.3559999988   0.0000000000  -0.0000000000   0.0000000000
   0.3579999988   0.0000000000   0.0000000000   0.0000000000
   0.3599999988   0.0000000000   0.0000000000   0.0000000000
   0.3619999988   0.0000000000   0.0000000000   0.0000000000
   0.3639999988  -0.0000000000   0.0000000000  -0.0000000000
   0.3659999988  -0.0000000000   0.0000000000  -0.0000000000
   0.3679999988  -0.0000000000   0.0000000000  -0.0000000000
   0.3699999988  -0.0000000000  -0.0000000000  -0.0000000000
   0.3719999988  -0.0000000000  -0.0000000000  -0.0000000000
   0.3739999987   0.0000000000  -0.0000000000   0.0000000000
   0.3759999987   0.0000000000  -0.0000000000   0.0000000000
   0.3779999987   0.0000000000  -0.0000000000   0.0000000000
   0.3799999987   0.0000000000  -0.0000000000   0.0000000000
   0.3819999987   0.0000000000  -0.0000000000   0.0000000000
   0.3839999987   0.0000000000   0.0000000000   0.0000000000
   0.3859999987  -0.0000000000   0.0000000000  -0.0000000000
   0.3879999987  -0.0000000000   0.0000000000  -0.0000000000
   0.3899999987  -0.0000000000   0.0000000000  -0.0000000000
   0.3919999987  -0.0000000000   0.0000000000  -0.0000000000
   0.3939999987  -0.0000000000   0.0000000000  -0.0000000000
   0.3959999987   0.0000000000  -0.0000000000   0.0000000000
   0.3979999987   0.0000000000  -0.0000000000   0.0000000000
   0.3999999987   0.0000000000  -0.0000000000   0.0000000000
   0.4019999987   0.0000000000  -0.0000000000   0.0000000000
   0.4039999986   0.0000000000  -0.0000000000   0.0000000000
   0.4059999986  -0.0000000000  -0.0000000000  -0.0000000000
   0.4079999986  -0.0000000000   0.0000000000  -0.0000000000
   0.4099999986  -0.0000000000   0.0000000000  -0.0000000000
   0.4119999986  -0.0000000000   0.0000000000  -0.0000000000
   0.4139999986  -0.0000000000   0.0000000000  -0.0000000000
   0.4159999986   0.0000000000   0.0000000000   0.0000000000
   0.4179999986   0.0000000000   0.0000000000   0.0000000000
   0.4199999986   0.0000000000  -0.0000000000   0.0000000000
   0.4219999986   0.0000000000  -0.0000000000   0.0000000000
   0.4239999986   0.0000000000  -0.0000000000   0.0000000000
   0.4259999986  -0.0000000000  -0.0000000001  -0.0000000000
   0.4279999986  -0.0000000000  -0.0000000001  -0.0000000000
   0.4299999986  -0.0000000001  -0.0000000001  -0.0000000001
   0.4319999985  -0.0000000001  -0.0000000000  -0.0000000001
   0.4339999985  -0.0000000001   0.0000000000  -0.0000000001
   0.4359999985  -0.0000000000   0.0000000001  -0.0000000000
   0.4379999985   0.0000000000   0.0000000002   0.0000000000
   0.4399999985   0.0000000001   0.0000000003   0.0000000001
   0.4419999985   0.0000000002   0.0000000004   0.0000000002
   0.4439999985   0.0000000002   0.0000000003   0.0000000002
   0.4459999985   0.0000000002   0.0000000002   0.0000000002
   0.4479999985   0.0000000001  -0.0000000001   0.0000000001
   0.4499999985  -0.0000000000  -0.0000000005  -0.0000000000
   0.4519999985  -0.0000000002  -0.0000000010  -0.0000000002
   0.4539999985  -0.0000000004  -0.0000000014  -0.0000000004
   0.4559999985  -0.0000000006  -0.0000000018  -0.0000000006
   0.4579999985  -0.0000000007  -0.0000000018  -0.0000000007
   0.4599999985  -0.0000000007  -0.0000000014  -0.0000000007
   0.4619999984  -0.0000000006  -0.0000000006  -0.0000000006
   0.4639999984  -0.0000000004   0.0000000007  -0.0000000004
   0.4659999984  -0.0000000000   0.0000000021  -0.0000000000
   0.4679999984   0.0000000004   0.0000000037   0.0000000004
   0.4699999984   0.0000000010   0.0000000049   0.0000000010
   0.4719999984   0.0000000017   0.0000000056   0.0000000017
   0.4739999984   0.0000000025   0.0000000057   0.0000000025
   0.4759999984   0.0000000032   0.0000000050   0.0000000032
   0.4779999984   0.0000000036   0.0000000034   0.0000000036
   0.4799999984   0.0000000033   0.0000000010   0.0000000033
   0.4819999984   0.0000000016  -0.0000000026   0.0000000016
   0.4839999984  -0.0000000022  -0.0000000074  -0.0000000022
   0.4859999984  -0.0000000083  -0.0000000136  -0.0000000083
   0.4879999984  -0.0000000165  -0.0000000205  -0.0000000165
   0.4899999984  -0.0000000246  -0.0000000265  -0.0000000246
   0.4919999983  -0.0000000285  -0.0000000280  -0.0000000285
   0.4939999983  -0.0000000218  -0.0000000197  -0.0000000218
   0.4959999983   0.0000000028   0.0000000045   0.0000000028
   0.4979999983   0.0000000515   0.0000000490   0.0000000515
   0.4999999983   0.0000001240   0.0000001128   0.0000001240
   0.5019999983   0.0000002075   0.0000001838   0.0000002075
   0.5039999983   0.0000002710   0.0000002340   0.0000002710
   0.5059999983   0.0000002623   0.0000002179   0.0000002623
   0.5079999983   0.0000001122   0.0000000775   0.0000001122
   0.5099999983  -0.0000002479  -0.0000002430  -0.0000002479
   0.5119999983  -0.0000008546  -0.0000007685  -0.0000008546
   0.5139999983  -0.0000016651  -0.0000014534  -0.0000016651
   0.5159999983  -0.0000025024  -0.0000021374  -0.0000025024
   0.5179999983  -0.0000030102  -0.0000025099  -0.0000030102
   0.5199999983  -0.0000026429  -0.0000021077  -0.0000026429
   0.5219999982  -0.0000007256  -0.0000003708  -0.0000007256
   0.5239999982   0.0000033840   0.0000032152   0.0000033840
   0.5259999982   0.0000100105   0.0000088775   0.0000100105
   0.5279999982   0.0000187612   0.0000162223   0.0000187612
   0.5299999982   0.0000280666   0.0000238602   0.0000280666
   0.5319999982   0.0000347750   0.0000290828   0.0000347750
   0.5339999982   0.0000339745   0.0000277379   0.0000339745
   0.5359999982   0.0000192631   0.0000144813   0.0000192631
   0.5379999982  -0.0000163063  -0.0000164110  -0.0000163063
   0.5399999982  -0.0000784276  -0.0000695285  -0.0000784276
   0.5419999982  -0.0001688381  -0.0001460711  -0.0001688381
   0.5439999982  -0.0002818501  -0.0002409743  -0.0002818501
   0.5459999982  -0.0004005130  -0.0003397338  -0.0004005130
   0.5479999982  -0.0004930545  -0.0004154597  -0.0004930545
   0.5499999982  -0.0005104591  -0.0004268480  -0.0005104591
   0.5519999981  -0.0003861169  -0.0003178188  -0.0003861169
   0.5539999981  -0.0000383619  -0.0000194824  -0.0000383619
   0.5559999981   0.0006236250   0.0005451827   0.0006236250
   0.5579999981   0.0016906326   0.0014539896   0.0016906326
   0.5599999981   0.0032417511   0.0027761485   0.0032417511
   0.5619999981   0.0053317335   0.0045619862   0.0053317335
   0.5639999981   0.0079794747   0.0068334005   0.0079794747
   0.5659999981   0.0111599290   0.0095768564   0.0111599290
   0.5679999981   0.0148015645   0.0127405822   0.0148015645
   0.5699999981   0.0187907052   0.0162370674   0.0187907052
   0.5719999981   0.0229829296   0.0199510911   0.0229829296
   0.5739999981   0.0272202700   0.0237524383   0.0272202700
   0.5759999981   0.0313515865   0.0275114357   0.0313515865
   0.5779999981   0.0352525230   0.0311146888   0.0352525230
   0.5799999981   0.0388411806   0.0344781572   0.0388411806
   0.5819999980   0.0420862240   0.0375550717   0.0420862240
   0.5839999980   0.0450055510   0.0403371579   0.0450055510
   0.5859999980   0.0476556236   0.0428490104   0.0476556236
   0.5879999980   0.0501136758   0.0451369438   0.0501136758
   0.5899999980   0.0524567225   0.0472548882   0.0524567225
   0.5919999980   0.0547421575   0.0492505498   0.0547421575
   0.5939999980   0.0569944209   0.0511549412   0.0569944209
   0.5959999980   0.0592007710   0.0529774848   0.0592007710
   0.5979999980   0.0613169023   0.0547074228   0.0613169023
   0.5999999980   0.0632806051   0.0563206052   0.0632806051
   0.6019999980   0.0650295317   0.0577893221   0.0650295317
   0.6039999980   0.0665180524   0.0590920997   0.0665180524
   0.6059999980   0.0677284808   0.0602205122   0.0677284808
   0.6079999980   0.0686735957   0.0611810457   0.0686735957
   0.6099999980   0.0693899464   0.0619916123   0.0693899464
   0.6119999979   0.0699241664   0.0626739864   0.0699241664
   0.6139999979   0.0703166210   0.0632447106   0.0703166210
   0.6159999979   0.0705875193   0.0637075050   0.0705875193
   0.6179999979   0.0707298531   0.0640497366   0.0707298531
   0.6199999979   0.0707113829   0.0642442085   0.0707113829
   0.6219999979   0.0704850196   0.0642558177   0.0704850196
   0.6239999979   0.0700042523   0.0640510367   0.0700042523
   0.6259999979   0.0692386137   0.0636072356   0.0692386137
   0.6279999979   0.0681841256   0.0629188799   0.0681841256
   0.6299999979   0.0668652718   0.0619986327   0.0668652718
   0.6319999979   0.0653278188   0.0608730447   0.0653278188
   0.6339999979   0.0636248407   0.0595742855   0.0636248407
   0.6359999979   0.0618005982   0.0581306713   0.0618005982
   0.6379999979   0.0598776871   0.0565591320   0.0598776871
   0.6399999979   0.0578518076   0.0548620910   0.0578518076
   0.6419999978   0.0556959570   0.0530297277   0.0556959570
   0.6439999978   0.0533726400   0.0510467517   0.0533726400
   0.6459999978   0.0508499279   0.0489012760   0.0508499279
   0.6479999978   0.0481158381   0.0465926605   0.0481158381
   0.6499999978   0.0451860433   0.0441355631   0.0451860433
   0.6519999978   0.0421021970   0.0415587614   0.0421021970
   0.6539999978   0.0389214143   0.0388991328   0.0389214143
   0.6559999978   0.0357005396   0.0361928795   0.0357005396
   0.6579999978   0.0324806815   0.0334670416   0.0324806815
   0.6599999978   0.0292774249   0.0307342435   0.0292774249
   0.6619999978   0.0260801540   0.0279924761   0.0260801540
   0.6639999978   0.0228607103   0.0252299513   0.0228607103
   0.6659999978   0.0195883057   0.0224332871   0.0195883057
   0.6679999978   0.0162453850   0.0195961328   0.0162453850
   0.6699999978   0.0128387882   0.0167252149   0.0128387882
   0.6719999977   0.0094022371   0.0138417263   0.0094022371
   0.6739999977   0.0059892626   0.0109776408   0.0059892626
   0.6759999977   0.0026590994   0.0081683212   0.0026590994
   0.6779999977  -0.0005394261   0.0054440663  -0.0005394261
   0.6799999977  -0.0035802985   0.0028235587  -0.0035802985
   0.6819999977  -0.0064646515   0.0003114471  -0.0064646515
   0.6839999977  -0.0092156008  -0.0020992091  -0.0092156008
   0.6859999977  -0.0118655338  -0.0044206271  -0.0118655338
   0.6879999977  -0.0144404871  -0.0066624410  -0.0144404871
   0.6899999977  -0.0169472096  -0.0088250866  -0.0169472096
   0.6919999977  -0.0193674616  -0.0108966973  -0.0193674616
   0.6939999977  -0.0216614349  -0.0128544732  -0.0216614349
   0.6959999977  -0.0237788908  -0.0146698958  -0.0237788908
   0.6979999977  -0.0256738992  -0.0163158533  -0.0256738992
   0.6999999976  -0.0273178878  -0.0177731637  -0.0273178878
   0.7019999976  -0.0287064552  -0.0190343079  -0.0287064552
   0.7039999976  -0.0298577571  -0.0201032512  -0.0298577571
   0.7059999976  -0.0308033250  -0.0209916256  -0.0308033250
   0.7079999976  -0.0315748281  -0.0217127698  -0.0315748281
   0.7099999976  -0.0321915790  -0.0222757580  -0.0321915790
   0.7119999976  -0.0326531264  -0.0226814205  -0.0326531264
   0.7139999976  -0.0329392975  -0.0229215595  -0.0329392975
   0.7159999976  -0.0330173252  -0.0229814146  -0.0330173252
   0.7179999976  -0.0328532419  -0.0228443543  -0.0328532419
   0.7199999976  -0.0324233725  -0.0224971094  -0.0324233725
   0.7219999976  -0.0317219576  -0.0219338083  -0.0317219576
   0.7239999976  -0.0307624922  -0.0211575861  -0.0307624922
   0.7259999976  -0.0295726643  -0.0201793927  -0.0295726643
   0.7279999976  -0.0281849556  -0.0190145277  -0.0281849556
   0.7299999975  -0.0266262916  -0.0176780849  -0.0266262916
   0.7319999975  -0.0249102159  -0.0161807475  -0.0249102159
   0.7339999975  -0.0230340038  -0.0145261997  -0.0230340038
   0.7359999975  -0.0209814000  -0.0127109287  -0.0209814000
   0.7379999975  -0.0187299106  -0.0107265571  -0.0187299106
   0.7399999975  -0.0162603919  -0.0085642495  -0.0162603919
   0.7419999975  -0.0135663446  -0.0062203062  -0.0135663446
   0.7439999975  -0.0106608131  -0.0037018556  -0.0106608131
   0.7459999975  -0.0075797792  -0.0010315684  -0.0075797792
   0.7479999975  -0.0043819810   0.0017494970  -0.0043819810
   0.7499999975  -0.0011458219   0.0045815167  -0.0011458219
   0.7519999975   0.0020357217   0.0073882435   0.0020357217
   0.7539999975   0.0050614632   0.0100819641   0.0050614632
   0.7559999975   0.0078292678   0.0125706323   0.0078292678
   0.7579999975   0.0102441064   0.0147664513   0.0102441064
   0.7599999974   0.0122267624   0.0165949606   0.0122267624
   0.7619999974   0.0137226958   0.0180035537   0.0137226959
   0.7639999974   0.0147100342   0.0189683301   0.0147100342
   0.7659999974   0.0152051959   0.0194982712   0.0152051959
   0.7679999974   0.0152645209   0.0196359423   0.0152645209
   0.7699999974   0.0149806409   0.0194542662   0.0149806409
   0.7719999974   0.0144731652   0.0190493793   0.0144731652
   0.7739999974   0.0138744313   0.0185301561   0.0138744313
   0.7759999974   0.0133122686   0.0180055916   0.0133122686
   0.7779999974   0.0128926498   0.0175717718   0.0128926498
   0.7799999974   0.0126854583   0.0173004823   0.0126854583
   0.7819999974   0.0127162582   0.0172314692   0.0127162582
   0.7839999974   0.0129659028   0.0173698846   0.0129659028
   0.7859999974   0.0133782713   0.0176895413   0.0133782713
   0.7879999974   0.0138746790   0.0181414127   0.0138746790
   0.7899999973   0.0143719835   0.0186656332   0.0143719835
   0.7919999973   0.0148004814   0.0192043853   0.0148004814
   0.7939999973   0.0151176397   0.0197128035   0.0151176397
   0.7959999973   0.0153146169   0.0201655030   0.0153146169
   0.7979999973   0.0154142348   0.0205574797   0.0154142348
   0.7999999973   0.0154611876   0.0208996358   0.0154611875
   0.8019999973   0.0155072626   0.0212106353   0.0155072626
   0.8039999973   0.0155956656   0.0215077531   0.0155956656
   0.8059999973   0.0157487659   0.0217995452   0.0157487659
   0.8079999973   0.0159626041   0.0220824886   0.0159626041
   0.8099999973   0.0162095514   0.0223424120   0.0162095514
   0.8119999973   0.0164481180   0.0225599949   0.0164481180
   0.8139999973   0.0166367833   0.0227183289   0.0166367834
   0.8159999973   0.0167475160   0.0228099253   0.0167475160
   0.8179999973   0.0167747634   0.0228407964   0.0167747636
   0.8199999972   0.0167371266   0.0228302421   0.0167371267
   0.8219999972   0.0166712573   0.0228064013   0.0166712575
   0.8239999972   0.0166200137   0.0227990084   0.0166200139
   0.8259999972   0.0166187641   0.0228316806   0.0166187643
   0.8279999972   0.0166843348   0.0229161783   0.0166843349
   0.8299999972   0.0168102237   0.0230503976   0.0168102238
   0.8319999972   0.0169696214   0.0232206168   0.0169696214
   0.8339999972   0.0171251641   0.0234071283   0.0171251641
   0.8359999972   0.0172420679   0.0235913100   0.0172420678
   0.8379999972   0.0173001369   0.0237617660   0.0173001367
   0.8399999972   0.0173005135   0.0239175344   0.0173005132
   0.8419999972   0.0172648417   0.0240673846   0.0172648414
   0.8439999972   0.0172271486   0.0242255734   0.0172271482
   0.8459999972   0.0172213038   0.0244056365   0.0172213034
   0.8479999972   0.0172685017   0.0246144595   0.0172685012
   0.8499999971   0.0173692386   0.0248487669   0.0173692381
   0.8519999971   0.0175027025   0.0250953199   0.0175027021
   0.8539999971   0.0176338603   0.0253348028   0.0176338601
   0.8559999971   0.0177257642   0.0255480670   0.0177257640
   0.8579999971   0.0177526791   0.0257225353   0.0177526791
   0.8599999971   0.0177092923   0.0258564802   0.0177092925
   0.8619999971   0.0176126424   0.0259596205   0.0176126428
   0.8639999971   0.0174960470   0.0260497857   0.0174960476
   0.8659999971   0.0173972598   0.0261468272   0.0173972605
   0.8679999971   0.0173452648   0.0262659806   0.0173452656
   0.8699999971   0.0173506932   0.0264131249   0.0173506941
   0.8719999971   0.0174035770   0.0265837300   0.0174035779
   0.8739999971   0.0174794634   0.0267659513   0.0174794642
   0.8759999971   0.0175517893   0.0269467977   0.0175517899
   0.8779999971   0.0176060112   0.0271191346   0.0176060115
   0.8799999970   0.0176502276   0.0272869250   0.0176502276
   0.8819999970   0.0177182257   0.0274667110   0.0177182253
   0.8839999970   0.0178636230   0.0276846849   0.0178636223
   0.8859999970   0.0181470489   0.0279703090   0.0181470478
   0.8879999970   0.0186208941   0.0283487050   0.0186208927
   0.8899999970   0.0193170782   0.0288344908   0.0193170767
   0.8919999970   0.0202421791   0.0294292071   0.0202421776
   0.8939999970   0.0213815374   0.0301231571   0.0213815360
   0.8959999970   0.0227106164   0.0309008678   0.0227106153
   0.8979999970   0.0242092057   0.0317480725   0.0242092050
   0.8999999970   0.0258730116   0.0326575915   0.0258730115
   0.9019999970   0.0277181717   0.0336319354   0.0277181722
   0.9039999970   0.0297768675   0.0346816875   0.0297768686
   0.9059999970   0.0320855079   0.0358202732   0.0320855095
   0.9079999970   0.0346696764   0.0370570231   0.0346696783
   0.9099999969   0.0375311853   0.0383910160   0.0375311874
   0.9119999969   0.0406417723   0.0398078732   0.0406417743
   0.9139999969   0.0439455428   0.0412806056   0.0439455446
   0.9159999969   0.0473691454   0.0427742098   0.0473691466
   0.9179999969   0.0508360135   0.0442524686   0.0508360141
   0.9199999969   0.0542797617   0.0456847661   0.0542797615
   0.9219999969   0.0576523688   0.0470508455   0.0576523678
   0.9239999969   0.0609248410   0.0483422326   0.0609248393
   0.9259999969   0.0640807998   0.0495601968   0.0640807977
   0.9279999969   0.0671058727   0.0507112048   0.0671058706
   0.9299999969   0.0699770322   0.0518014946   0.0699770304
   0.9319999969   0.0726557643   0.0528324841   0.0726557632
   0.9339999969   0.0750873632   0.0537982532   0.0750873632
   0.9359999969   0.0772063923   0.0546855284   0.0772063936
   0.9379999969   0.0789462663   0.0554757389   0.0789462691
   0.9399999968   0.0802496992   0.0561480766   0.0802497032
   0.9419999968   0.0810767436   0.0566822533   0.0810767484
   0.9439999968   0.0814082123   0.0570598221   0.0814082174
   0.9459999968   0.0812439335   0.0572634347   0.0812439380
   0.9479999968   0.0805969316   0.0572740508   0.0805969346
   0.9499999968   0.0794857152   0.0570667344   0.0794857160
   0.9519999968   0.0779271168   0.0566060892   0.0779271150
   0.9539999968   0.0759316167   0.0558425327   0.0759316129
   0.9559999968   0.0735020828   0.0547104608   0.0735020788
   0.9579999968   0.0706357623   0.0531289656   0.0706357622
   0.9599999968   0.0673285155   0.0510052450   0.0673285263
   0.9619999968   0.0635798729   0.0482402871   0.0635799058
   0.9639999968   0.0593975330   0.0447359765   0.0593976048
   0.9659999968   0.0548002780   0.0404025241   0.0548004122
   0.9679999967   0.0498187850   0.0351651420   0.0498190137
   0.9699999967   0.0444943102   0.0289691463   0.0444946760
   0.9719999967   0.0388756227   0.0217831033   0.0388761805
   0.9739999967   0.0330148520   0.0136001210   0.0330156706
   0.9759999967   0.0269630803   0.0044377834   0.0269642443
   0.9779999967   0.0207665613  -0.0056625836   0.0207681721
   0.9799999967   0.0144643511  -0.0166366809   0.0144665280
   0.9819999967   0.0080878767  -0.0283976983   0.0080907566
   0.9839999967   0.0016625376  -0.0408365471   0.0016662747
   0.9859999967  -0.0047890898  -0.0538223478  -0.0047843261
   0.9879999967  -0.0112433668  -0.0672039095  -0.0112373946
   0.9899999967  -0.0176722472  -0.0808129438  -0.0176648761
   0.9919999967  -0.0240416509  -0.0944694915  -0.0240326872
   0.9939999967  -0.0303123183  -0.1079895646  -0.0303015712
   0.9959999967  -0.0364431865  -0.1211944492  -0.0364304751
   0.9979999966  -0.0423965130  -0.1339206199  -0.0423816736
   0.9999999966  -0.0481433209  -0.1460289246  -0.0481262145
   1.0019999966  -0.0536674911  -0.1574116858  -0.0536480108
   1.0039999966  -0.0589670997  -0.1679966484  -0.0589451769
   1.0059999966  -0.0640523409  -0.1777472226  -0.0640279501
   1.0079999966  -0.0689403778  -0.1866591013  -0.0689135396
   1.0099999966  -0.0736484078  -0.1947539390  -0.0736191899
   1.0119999966  -0.0781868101  -0.2020712233  -0.0781553258
   1.0139999966  -0.0825542579  -0.2086596596  -0.0825206617
   1.0159999966  -0.0867361106  -0.2145692839  -0.0867005918
   1.0179999966  -0.0907064236  -0.2198451741  -0.0906691979
   1.0199999966  -0.0944328384  -0.2245231307  -0.0943941373
   1.0219999966  -0.0978827780  -0.2286272057  -0.0978428378
   1.0239999966  -0.1010290484  -0.2321685962  -0.1009880993
   1.0259999966  -0.1038532234  -0.2351452998  -0.1038114785
   1.0279999965  -0.1063459673  -0.2375420649  -0.1063036142
   1.0299999965  -0.1085044703  -0.2393305023  -0.1084616644
   1.0319999965  -0.1103280946  -0.2404696162  -0.1102849555
   1.0339999965  -0.1118138604  -0.2409073013  -0.1117704717
   1.0359999965  -0.1129533825  -0.2405834053  -0.1129097949
   1.0379999965  -0.1137323264  -0.2394347088  -0.1136885636
   1.0399999965  -0.1141325787  -0.2374016882  -0.1140886467
   1.0419999965  -0.1141364277  -0.2344363369  -0.1140923251
   1.0439999965  -0.1137314075  -0.2305098286  -0.1136871367
   1.0459999965  -0.1129142797  -0.2256185889  -0.1128698580
   1.0479999965  -0.1116929359  -0.2197875009  -0.1116484053
   1.0499999965  -0.1100856842  -0.2130694772  -0.1100411184
   1.0519999965  -0.1081181821  -0.2055413636  -0.1080736903
   1.0539999965  -0.1058189523  -0.1972968789  -0.1057746793
   1.0559999965  -0.1032147505  -0.1884378506  -0.1031708735
   1.0579999964  -0.1003269953  -0.1790652359  -0.1002837161
   1.0599999964  -0.0971700606  -0.1692712936  -0.0971275962
   1.0619999964  -0.0937516641  -0.1591338783  -0.0937102340
   1.0639999964  -0.0900750247  -0.1487133128  -0.0900348393
   1.0659999964  -0.0861420970  -0.1380518087  -0.0861033447
   1.0679999964  -0.0819570609  -0.1271750668  -0.0819198989
   1.0699999964  -0.0775293511  -0.1160955276  -0.0774938980
   1.0719999964  -0.0728757456  -0.1048167254  -0.0728420782
   1.0739999964  -0.0680213011  -0.0933382522  -0.0679894554
   1.0759999964  -0.0629991445  -0.0816608962  -0.0629691204
   1.0779999964  -0.0578492797  -0.0697915418  -0.0578210493
   1.0799999964  -0.0526166647  -0.0577474316  -0.0525901831
   1.0819999964  -0.0473488840  -0.0455594107  -0.0473241007
   1.0839999964  -0.0420938024  -0.0332738530  -0.0420706732
   1.0859999964  -0.0368976151  -0.0209530989  -0.0368761113
   1.0879999963  -0.0318036595  -0.0086743964  -0.0317837751
   1.0899999963  -0.0268521986   0.0034725196  -0.0268339529
   1.0919999963  -0.0220811146   0.0153889904  -0.0220645513
   1.0939999963  -0.0175271450   0.0269718884  -0.0175123268
   1.0959999963  -0.0132270498   0.0381187262  -0.0132140497
   1.0979999963  -0.0092180310   0.0487331589  -0.0092069213
   1.0999999963  -0.0055369099   0.0587305451  -0.0055277508
   1.1019999963  -0.0022179605   0.0680430887  -0.0022107886
   1.1039999963   0.0007102079   0.0766239251   0.0007153880
   1.1059999963   0.0032279100   0.0844494395   0.0032311309
   1.1079999963   0.0053268145   0.0915191838   0.0053281472
   1.1099999963   0.0070107381   0.0978530491   0.0070102879
   1.1119999963   0.0082944670   0.1034858162   0.0082923660
   1.1139999963   0.0092008818   0.1084597384   0.0091972775
   1.1159999963   0.0097572056   0.1128162716   0.0097522477
   1.1179999962   0.0099914699   0.1165883005   0.0099852974
   1.1199999962   0.0099301986   0.1197941456   0.0099229276
   1.1219999962   0.0095978752   0.1224342841   0.0095895910
   1.1239999962   0.0090181448   0.1244911694   0.0090088977
   1.1259999962   0.0082161245   0.1259319432   0.0082059309
   1.1279999962   0.0072208527   0.1267133591   0.0072097019
   1.1299999962   0.0060669106   0.1267879675   0.0060547756
   1.1319999962   0.0047945640   0.1261105908   0.0047814163
   1.1339999962   0.0034482849   0.1246442897   0.0034341102
   1.1359999962   0.0020740148   0.1223652969   0.0020588293
   1.1379999962   0.0007158783   0.1192666721   0.0006997419
   1.1399999962  -0.0005868645   0.1153606374  -0.0006038379
   1.1419999962  -0.0018019964   0.1106796594  -0.0018196346
   1.1439999962  -0.0029053419   0.1052763732  -0.0029234151
   1.1459999962  -0.0038806166   0.0992224307  -0.0038988445
   1.1479999961  -0.0047184130   0.0926063606  -0.0047364759
   1.1499999961  -0.0054147181   0.0855305606  -0.0054322725
   1.1519999961  -0.0059693337   0.0781076163  -0.0059860291
   1.1539999961  -0.0063844576   0.0704562280  -0.0063999545
   1.1559999961  -0.0066635647   0.0626970844  -0.0066775506
   1.1579999961  -0.0068106378   0.0549490338  -0.0068228412
   1.1599999961  -0.0068297617   0.0473258483  -0.0068399622
   1.1619999961  -0.0067250833   0.0399337622  -0.0067331181
   1.1639999961  -0.0065011269   0.0328698269  -0.0065068940
   1.1659999961  -0.0061634080   0.0262209846  -0.0061668660
   1.1679999961  -0.0057192128   0.0200636593  -0.0057203789
   1.1699999961  -0.0051783389   0.0144636057  -0.0051772857
   1.1719999961  -0.0045535601   0.0094757559  -0.0045504113
   1.1739999961  -0.0038606235   0.0051438428  -0.0038555500
   1.1759999961  -0.0031177083   0.0014996441  -0.0031109235
   1.1779999960  -0.0023444449  -0.0014382191  -0.0023362003
   1.1799999960  -0.0015607436  -0.0036659020  -0.0015513224
   1.1819999960  -0.0007857506  -0.0051962308  -0.0007754602
   1.1839999960  -0.0000372058  -0.0060606075  -0.0000263671
   1.1859999960   0.0006686907  -0.0063105313   0.0006797562
   1.1879999960   0.0013170136  -0.0060182447   0.0013280000
   1.1899999960   0.0018937591  -0.0052759814   0.0019043937
   1.1919999960   0.0023857984  -0.0041933634   0.0023958597
   1.1939999960   0.0027814599  -0.0028927040   0.0027907944
   1.1959999960   0.0030718412  -0.0015022900   0.0030803768
   1.1979999960   0.0032526465  -0.0001481018   0.0032603997
   1.1999999960   0.0033260700   0.0010552075   0.0033331460
   1.2019999960   0.0033021078   0.0020130093   0.0033086922
   1.2039999960   0.0031987413   0.0026579562   0.0032050827
   1.2059999960   0.0030406923   0.0029548376   0.0030470782
   1.2079999959   0.0028568304   0.0029024152   0.0028635572
   1.2099999959   0.0026766845   0.0025320556   0.0026840248
   1.2119999959   0.0025267592   0.0019034061   0.0025349309
   1.2139999959   0.0024274003   0.0010976933   0.0024365407
   1.2159999959   0.0023907819   0.0002094169   0.0024009293
   1.2179999959   0.0024202732  -0.0006627394   0.0024313602
   1.2199999959   0.0025111000  -0.0014249977   0.0025229586
   1.2219999959   0.0026519491  -0.0019968827   0.0026643276
   1.2239999959   0.0028270524  -0.0023183068   0.0028396434
   1.2259999959   0.0030183359  -0.0023547992   0.0030308107
   1.2279999959   0.0032073677  -0.0021004130   0.0032194142
   1.2299999959   0.0033770071  -0.0015779760   0.0033883663
   1.2319999959   0.0035127727  -0.0008365605   0.0035232693
   1.2339999959   0.0036039643   0.0000536751   0.0036135273
   1.2359999958   0.0036445195   0.0010088006   0.0036531901
   1.2379999958   0.0036335091   0.0019398294   0.0036414356
   1.2399999958   0.0035751417   0.0027618851   0.0035825607
   1.2419999958   0.0034781848   0.0034028161   0.0034853925
   1.2439999958   0.0033548267   0.0038103400   0.0033621424
   1.2459999958   0.0032191339   0.0039570040   0.0032268614
   1.2479999958   0.0030853647   0.0038425139   0.0030937565
   1.2499999958   0.0029664183   0.0034932686   0.0029756457
   1.2519999958   0.0028726277   0.0029592042   0.0028827621
   1.2539999958   0.0028109833   0.0023082887   0.0028219898
   1.2559999958   0.0027847460   0.0016192109   0.0027964901
   1.2579999958   0.0027933445   0.0009729826   0.0028056107
   1.2599999958   0.0028324660   0.0004443070   0.0028449859
   1.2619999958   0.0028943261   0.0000936341   0.0029068123
   1.2639999958   0.0029681991  -0.0000391982   0.0029803794
   1.2659999957   0.0030413276   0.0000610147   0.0030529774
   1.2679999957   0.0031002895   0.0003836503   0.0031112568
   1.2699999957   0.0031327644   0.0008940284   0.0031429847
   1.2719999957   0.0031294641   0.0015378877   0.0031389651
   1.2739999957   0.0030858504   0.0022479589   0.0030947449
   1.2759999957   0.0030032114   0.0029517712   0.0030116809
   1.2779999957   0.0028887617   0.0035797116   0.0028970324
   1.2799999957   0.0027546388   0.0040723995   0.0027629535
   1.2819999957   0.0026159410   0.0043866020   0.0026245309
   1.2839999957   0.0024882010   0.0044991601   0.0024972594
   1.2859999957   0.0023848279   0.0044086690   0.0023944901
   1.2879999957   0.0023150465   0.0041348986   0.0023253768
   1.2899999957   0.0022827135   0.0037161467   0.0022937012
   1.2919999957   0.0022861498   0.0032048593   0.0022977133
   1.2939999957   0.0023188844   0.0026619623   0.0023308828
   1.2959999956   0.0023710169   0.0021504267   0.0023832681
   1.2979999956   0.0024308421   0.0017286553   0.0024431436
   1.2999999956   0.0024864160   0.0014443225   0.0024985675
   1.3019999956   0.0025268659   0.0013293042   0.0025386909
   1.3039999956   0.0025433809   0.0013962765   0.0025547449
   1.3059999956   0.0025299169   0.0016374197   0.0025407410
   1.3079999956   0.0024836777   0.0020254401   0.0024939463
   1.3099999956   0.0024053988   0.0025168380   0.0024151608
   1.3119999956   0.0022993957   0.0030570513   0.0023087596
   1.3139999956   0.0021732920   0.0035868479   0.0021824151
   1.3159999956   0.0020373475   0.0040491768   0.0020464206
   1.3179999956   0.0019033747   0.0043956431   0.0019126039
   1.3199999956   0.0017833409   0.0045918479   0.0017929282
   1.3219999956   0.0016878556   0.0046210119   0.0016979799
   1.3239999956   0.0016247986   0.0044855270   0.0016355993
   1.3259999955   0.0015983255   0.0042063245   0.0016098906
   1.3279999955   0.0016084003   0.0038201836   0.0016207601
   1.3299999955   0.0016508803   0.0033752979   0.0016640070
   1.3319999955   0.0017180686   0.0029255939   0.0017318829
   1.3339999955   0.0017995871   0.0025244250   0.0018139699
   1.3359999955   0.0018834267   0.0022183538   0.0018982356
   1.3379999955   0.0019570797   0.0020417574   0.0019721676
   1.3399999955   0.0020087163   0.0020129277   0.0020239497
   1.3419999955   0.0020283900   0.0021321705   0.0020436645
   1.3439999955   0.0020092262   0.0023821537   0.0020244773
   1.3459999955   0.0019484764   0.0027304404   0.0019636834
   1.3479999955   0.0018482405   0.0031338315   0.0018634229
   1.3499999955   0.0017156316   0.0035438909   0.0017308387
   1.3519999955   0.0015622056   0.0039128880   0.0015775005
   1.3539999955   0.0014026180   0.0041993815   0.0014180584
   1.3559999954   0.0012526572   0.0043727864   0.0012682772
   1.3579999954   0.0011269827   0.0044164533   0.0011427775
   1.3599999954   0.0010369987   0.0043290208   0.0010529174
   1.3619999954   0.0009892807   0.0041240123   0.0010052271
   1.3639999954   0.0009848398   0.0038278253   0.0010006846
   1.3659999954   0.0010193082   0.0034763950   0.0010349104
   1.3679999954   0.0010839123   0.0031109103   0.0010991477
   1.3699999954   0.0011669500   0.0027730333   0.0011817437
   1.3719999954   0.0012554356   0.0025001258   0.0012697930
   1.3739999954   0.0013366245   0.0023210051   0.0013506556
   1.3759999954   0.0013992473   0.0022527241   0.0014131807
   1.3779999954   0.0014344103   0.0022987786   0.0014485915
   1.3799999954   0.0014362073   0.0024489824   0.0014510816
   1.3819999954   0.0014021111   0.0026810385   0.0014181900
   1.3839999954   0.0013331791   0.0029635963   0.0013509943
   1.3859999953   0.0012340416   0.0032603724   0.0012540914
   1.3879999953   0.0011126022   0.0035347643   0.0011352955
   1.3899999953   0.0009793735   0.0037543293   0.0010049813
   1.3919999953   0.0008464379   0.0038945448   0.0008750559
   1.3939999953   0.0007261089   0.0039414016   0.0007576389
   1.3959999953   0.0006294675   0.0038925671   0.0006636202
   1.3979999953   0.0005650014   0.0037570637   0.0006013205
   1.3999999953   0.0005375677   0.0035536002   0.0005754744
   1.4019999953   0.0005478394   0.0033078450   0.0005866902
   1.4039999953   0.0005922883   0.0030490264   0.0006314412
   1.4059999953   0.0006636626   0.0028062954   0.0007025420
   1.4079999953   0.0007518426   0.0026052821   0.0007899960
   1.4099999953   0.0008449372   0.0024652377   0.0008820757
   1.4119999953   0.0009304991   0.0023970763   0.0009665174
   1.4139999953   0.0009967698   0.0024025227   0.0010317439
   1.4159999952   0.0010338923   0.0024744374   0.0010680553
   1.4179999952   0.0010350188   0.0025982371   0.0010687185
   1.4199999952   0.0009972148   0.0027541806   0.0010308599
   1.4219999952   0.0009220215   0.0029201694   0.0009560227
   1.4239999952   0.0008155243   0.0030746432   0.0008502385
   1.4259999952   0.0006878160   0.0031991585   0.0007235004
   1.4279999952   0.0005518363   0.0032803130   0.0005886177
   1.4299999952   0.0004217047   0.0033108193   0.0004595662
   1.4319999952   0.0003107977   0.0032896891   0.0003495842
   1.4339999952   0.0002299062   0.0032216382   0.0002693452
   1.4359999952   0.0001858131   0.0031159247   0.0002255476
   1.4379999952   0.0001805426   0.0029848679   0.0002201712
   1.4399999952   0.0002113805   0.0028422783   0.0002504970
   1.4419999952   0.0002715860   0.0027019672   0.0003098163
   1.4439999952   0.0003515823   0.0025764440   0.0003886117
   1.4459999951   0.0004403429   0.0024758524   0.0004759342
   1.4479999951   0.0005267180   0.0024071821   0.0005607179
   1.4499999951   0.0006005317   0.0023737841   0.0006328676
   1.4519999951   0.0006533913   0.0023752276   0.0006840611
   1.4539999951   0.0006792420   0.0024075233   0.0007082987
   1.4559999951   0.0006747341   0.0024637090   0.0007022696
   1.4579999951   0.0006394480   0.0025347403   0.0006655777
   1.4599999951   0.0005759704   0.0026105774   0.0006008201
   1.4619999951   0.0004897575   0.0026813193   0.0005134536
   1.4639999951   0.0003887114   0.0027382324   0.0004113740
   1.4659999951   0.0002824293   0.0027745489   0.0003041664
   1.4679999951   0.0001811610   0.0027859676   0.0002020642
   1.4699999951   0.0000946044   0.0027708483   0.0001147433
   1.4719999951   0.0000307242   0.0027301411   0.0000501408
   1.4739999951  -0.0000052030   0.0026671134   0.0000134991
   1.4759999950  -0.0000111653   0.0025869353   0.0000067908
   1.4779999950   0.0000114580   0.0024961642   0.0000285947
   1.4799999950   0.0000581954   0.0024021530   0.0000743988
   1.4819999950   0.0001221153   0.0023123990   0.0001372388
   1.4839999950   0.0001946693   0.0022338610   0.0002085475
   1.4859999950   0.0002666346   0.0021722962   0.0002791036
   1.4879999950   0.0003290737   0.0021316877   0.0003399957
   1.4899999950   0.0003742566   0.0021138412   0.0003835448
   1.4919999950   0.0003964931   0.0021182142   0.0004041349
   1.4939999950   0.0003928082   0.0021420069   0.0003988809
   1.4959999950   0.0003633624   0.0021804999   0.0003680395
   1.4979999950   0.0003115121   0.0022275812   0.0003150568
   1.4999999950   0.0002434295   0.0022763829   0.0002461754
   1.5019999950   0.0001672721   0.0023199476   0.0001695927
   1.5039999949   0.0000919966   0.0023518590   0.0000942669
   1.5059999949   0.0000260067   0.0023668018   0.0000285618
   1.5079999949  -0.0000241071   0.0023610331  -0.0000210095
   1.5099999949  -0.0000544791   0.0023327590  -0.0000506881
   1.5119999949  -0.0000643520   0.0022823956  -0.0000598379
   1.5139999949  -0.0000558722   0.0022126773  -0.0000507243
   1.5159999949  -0.0000333850   0.0021285573  -0.0000277917
   1.5179999949  -0.0000024303   0.0020368501   0.0000033564
   1.5199999949   0.0000313101   0.0019455905   0.0000370209
   1.5219999949   0.0000628810   0.0018631413   0.0000682806
   1.5239999949   0.0000885954   0.0017971448   0.0000935300
   1.5259999949   0.0001062154   0.0017534703   0.0001106503
   1.5279999949   0.0001148426   0.0017353382   0.0001188832
   1.5299999949   0.0001146450   0.0017427866   0.0001185378
   1.5319999949   0.0001065501   0.0017725927   0.0001106631
   1.5339999948   0.0000919891   0.0018186744   0.0000967733
   1.5359999948   0.0000727153   0.0018729094   0.0000786533
   1.5379999948   0.0000506675   0.0019262352   0.0000582165
   1.5399999948   0.0000278319   0.0019698502   0.0000373690
   1.5419999948   0.0000060704   0.0019963391   0.0000178488
   1.5439999948  -0.0000130758   0.0020005718   0.0000010465
   1.5459999948  -0.0000285634   0.0019802782  -0.0000121498
   1.5479999948  -0.0000399449   0.0019362491  -0.0000214309
   1.5499999948  -0.0000473471   0.0018721635  -0.0000270250
   1.5519999948  -0.0000513321   0.0017940751  -0.0000295450
   1.5539999948  -0.0000526860   0.0017096218  -0.0000297706
   1.5559999948  -0.0000522111   0.0016270499  -0.0000284437
   1.5579999948  -0.0000505891   0.0015541683  -0.0000261422
   1.5599999948  -0.0000483475   0.0014973673  -0.0000232648
   1.5619999948  -0.0000459100   0.0014608411  -0.0000201024
   1.5639999947  -0.0000436705   0.0014461291  -0.0000169350
   1.5659999947  -0.0000420234   0.0014520466  -0.0000140812
   1.5679999947  -0.0000413062   0.0014750068  -0.0000118542
   1.5699999947  -0.0000416650   0.0015096618  -0.0000104326
   1.5719999947  -0.0000429056   0.0015497358  -0.0000097079
   1.5739999947  -0.0000444194   0.0015888930  -0.0000091981
   1.5759999947  -0.0000452596   0.0016214962  -0.0000081057
   1.5779999947  -0.0000443878   0.0016431530  -0.0000055419
   1.5799999947  -0.0000410400   0.0016510108  -0.0000008694
   1.5819999947  -0.0000350943   0.0016438187   0.0000059480
   1.5839999947  -0.0000273053   0.0016218175   0.0000141245
   1.5859999947  -0.0000192957   0.0015865284   0.0000220662
   1.5879999947  -0.0000132705   0.0015405003   0.0000276512
   1.5899999947  -0.0000115149   0.0014870487   0.0000287206
   1.5919999947  -0.0000158104   0.0014299870   0.0000236427
   1.5939999946  -0.0000269405   0.0013733428   0.0000117858
   1.5959999946  -0.0000444296   0.0013210466  -0.0000062430
   1.5979999946  -0.0000665899   0.0012766034  -0.0000286639
   1.5999999946  -0.0000908559   0.0012427745  -0.0000528701
   1.6019999946  -0.0001143019   0.0012213145  -0.0000759509
   1.6039999946  -0.0001341985   0.0012128091  -0.0000952426
   1.6059999946  -0.0001484641   0.0012166432  -0.0001087684
   1.6079999946  -0.0001559231   0.0012311037  -0.0001154782
   1.6099999946  -0.0001563468   0.0012535937  -0.0001152687
   1.6119999946  -0.0001503195   0.0012809145  -0.0001088291
   1.6139999946  -0.0001390087   0.0013095699  -0.0000973943
   1.6159999946  -0.0001239176   0.0013360543  -0.0000824877
   1.6179999946  -0.0001066758   0.0013571057  -0.0000657090
   1.6199999946  -0.0000888849   0.0013699226  -0.0000485861
   1.6219999946  -0.0000720102   0.0013723523  -0.0000324796
   1.6239999945  -0.0000572998   0.0013630561  -0.0000185197
   1.6259999945  -0.0000457220   0.0013416454  -0.0000075636
   1.6279999945  -0.0000379298   0.0013087673  -0.0000001785
   1.6299999945  -0.0000342727   0.0012661124   0.0000033329
   1.6319999945  -0.0000348672   0.0012163215   0.0000028540
   1.6339999945  -0.0000397157   0.0011627833  -0.0000016635
   1.6359999945  -0.0000488297   0.0011093394  -0.0000103154
   1.6379999945  -0.0000622965   0.0010599345  -0.0000232972
   1.6399999945  -0.0000802310   0.0010182545  -0.0000408372
   1.6419999945  -0.0001025917   0.0009873986  -0.0000629947
   1.6439999945  -0.0001288963   0.0009696076  -0.0000893581
   1.6459999945  -0.0001579280   0.0009660598  -0.0001187411
   1.6479999945  -0.0001875563   0.0009767287  -0.0001489981
   1.6499999945  -0.0002147815   0.0010003016  -0.0001770730
   1.6519999945  -0.0002360577   0.0010341674  -0.0001993328
   1.6539999944  -0.0002478639   0.0010745019  -0.0002121542
   1.6559999944  -0.0002474043   0.0011164850  -0.0002126441
   1.6579999944  -0.0002332686   0.0011546802  -0.0001993180
   1.6599999944  -0.0002058770   0.0011835755  -0.0001725607
   1.6619999944  -0.0001675858   0.0011982450  -0.0001347425
   1.6639999944  -0.0001224215   0.0011950425  -0.0000899556
   1.6659999944  -0.0000755032   0.0011722107  -0.0000434323
   1.6679999944  -0.0000322902   0.0011302816  -0.0000007807
   1.6699999944   0.0000021846   0.0010721734   0.0000327971
   1.6719999944   0.0000239510   0.0010029403   0.0000531602
   1.6739999944   0.0000305231   0.0009291970   0.0000576673
   1.6759999944   0.0000210854   0.0008583013   0.0000453749
   1.6779999944  -0.0000035259   0.0007974200   0.0000170275
   1.6799999944  -0.0000409856   0.0007526167  -0.0000251066
   1.6819999944  -0.0000877366   0.0007280921  -0.0000774988
   1.6839999943  -0.0001393092   0.0007256711  -0.0001356917
   1.6859999943  -0.0001906929   0.0007445951  -0.0001946866
   1.6879999943  -0.0002367591   0.0007816314  -0.0002493830
   1.6899999943  -0.0002727230   0.0008314769  -0.0002950530
   1.6919999943  -0.0002946072   0.0008874034  -0.0003278135
   1.6939999943  -0.0002996506   0.0009420670  -0.0003450363
   1.6959999943  -0.0002865977   0.0009883871  -0.0003456318
   1.6979999943  -0.0002558196   0.0010203894  -0.0003301571
   1.6999999943  -0.0002092527   0.0010339068  -0.0003007378
   1.7019999943  -0.0001501778   0.0010270433  -0.0002608285
   1.7039999943  -0.0000828956   0.0010003383  -0.0002148697
   1.7059999943  -0.0000123584   0.0009566090  -0.0001679048
   1.7079999943   0.0000561973   0.0009004999  -0.0001252045
   1.7099999943   0.0001176023   0.0008378189  -0.0000919120
   1.7119999943   0.0001671066   0.0007747683  -0.0000726955
   1.7139999942   0.0002007558   0.0007171938  -0.0000713796
   1.7159999942   0.0002158038   0.0006699588  -0.0000905451
   1.7179999942   0.0002111320   0.0006365134  -0.0001311216
   1.7199999942   0.0001876017   0.0006186867  -0.0001920444
   1.7219999942   0.0001482384   0.0006166830  -0.0002700776
   1.7239999942   0.0000981445   0.0006292368  -0.0003599021
   1.7259999942   0.0000440830   0.0006538709  -0.0004545282
   1.7279999942  -0.0000062558   0.0006872075  -0.0005460208
   1.7299999942  -0.0000452092   0.0007253022  -0.0006264444
   1.7319999942  -0.0000661602   0.0007639840  -0.0006888702
   1.7339999942  -0.0000644354   0.0007991978  -0.0007282659
   1.7359999942  -0.0000379210   0.0008273376  -0.0007421072
   1.7379999942   0.0000126974   0.0008455524  -0.0007306187
   1.7399999942   0.0000840863   0.0008519922  -0.0006966305
   1.7419999942   0.0001707407   0.0008459575  -0.0006451148
   1.7439999941   0.0002656722   0.0008279247  -0.0005825160
   1.7459999941   0.0003611827   0.0007994382  -0.0005159977
   1.7479999941   0.0004496180   0.0007628859  -0.0004527094
   1.7499999941   0.0005240354   0.0007211991  -0.0003991384
   1.7519999941   0.0005787530   0.0006775278  -0.0003605734
   1.7539999941   0.0006097733   0.0006349411  -0.0003406904
   1.7559999941   0.0006150750   0.0005961865  -0.0003412642
   1.7579999941   0.0005947562   0.0005635223  -0.0003620220
   1.7599999941   0.0005510103   0.0005386178  -0.0004006629
   1.7619999941   0.0004879145   0.0005225035  -0.0004530614
   1.7639999941   0.0004110363   0.0005155579  -0.0005136547
   1.7659999941   0.0003268951   0.0005175190  -0.0005759771
   1.7679999941   0.0002423438   0.0005275218  -0.0006332773
   1.7699999941   0.0001639544   0.0005441650  -0.0006791361
   1.7719999940   0.0000974814   0.0005656112  -0.0007080085
   1.7739999940   0.0000474499   0.0005897143  -0.0007156419
   1.7759999940   0.0000168787   0.0006141640  -0.0006993590
   1.7779999940   0.0000071169   0.0006366292  -0.0006582228
   1.7799999940   0.0000177622   0.0006548887  -0.0005931163
   1.7819999940   0.0000466425   0.0006669445  -0.0005067521
   1.7839999940   0.0000898684   0.0006711250  -0.0004036068
   1.7859999940   0.0001419956   0.0006661929  -0.0002897399
   1.7879999940   0.0001963468   0.0006514690  -0.0001724518
   1.7899999940   0.0002455294   0.0006269714  -0.0000597445
   1.7919999940   0.0002821392   0.0005935501   0.0000404017
   1.7939999940   0.0002995863   0.0005529783   0.0001208697
   1.7959999940   0.0002929225   0.0005079523   0.0001762461
   1.7979999940   0.0002595289   0.0004619589   0.0002035145
   1.7999999940   0.0001995271   0.0004189901   0.0002024702
   1.8019999939   0.0001158333   0.0003831214   0.0001757728
   1.8039999939   0.0000138413   0.0003580052   0.0001286256
   1.8059999939  -0.0000992028   0.0003463592   0.0000681444
   1.8079999939  -0.0002150193   0.0003495389   0.0000025335
   1.8099999939  -0.0003251707   0.0003672762  -0.0000597969
   1.8119999939  -0.0004218756   0.0003976322  -0.0001110494
   1.8139999939  -0.0004986768   0.0004371787  -0.0001447129
   1.8159999939  -0.0005509290   0.0004813787  -0.0001560543
   1.8179999939  -0.0005761034   0.0005251086  -0.0001424281
   1.8199999939  -0.0005739268   0.0005632486  -0.0001034212
   1.8219999939  -0.0005463680   0.0005912630  -0.0000408452
   1.8239999939  -0.0004974752   0.0006057059   0.0000414173
   1.8259999939  -0.0004330593   0.0006046000   0.0001377186
   1.8279999939  -0.0003602254   0.0005876522   0.0002411025
   1.8299999939  -0.0002867713   0.0005562883   0.0003438919
   1.8319999938  -0.0002205032   0.0005134996   0.0004383593
   1.8339999938  -0.0001685400   0.0004635162   0.0005174104
   1.8359999938  -0.0001366869   0.0004113352   0.0005752007
   1.8379999938  -0.0001289476   0.0003621580   0.0006076183
   1.8399999938  -0.0001472158   0.0003208023   0.0006125928
   1.8419999938  -0.0001911505   0.0002911674   0.0005902249
   1.8439999938  -0.0002582170   0.0002758232   0.0005427572
   1.8459999938  -0.0003438594   0.0002757777   0.0004744151
   1.8479999938  -0.0004417853   0.0002904425   0.0003911393
   1.8499999938  -0.0005443573   0.0003177893   0.0003002113
   1.8519999938  -0.0006431042   0.0003546526   0.0002097578
   1.8539999938  -0.0007293627   0.0003971245   0.0001281233
   1.8559999938  -0.0007950375   0.0004409806   0.0000631207
   1.8579999938  -0.0008334273   0.0004820881   0.0000212146
   1.8599999938  -0.0008400192   0.0005167622   0.0000067341
   1.8619999937  -0.0008131245   0.0005420581   0.0000212436
   1.8639999937  -0.0007542282   0.0005559883   0.0000631993
   1.8659999937  -0.0006679623   0.0005576644   0.0001279822
   1.8679999937  -0.0005616745   0.0005473537   0.0002083349
   1.8699999937  -0.0004446431   0.0005264418   0.0002951510
   1.8719999937  -0.0003270525   0.0004972906   0.0003785019
   1.8739999937  -0.0002188847   0.0004629939   0.0004487450
   1.8759999937  -0.0001288815   0.0004270474   0.0004975559
   1.8779999937  -0.0000637066   0.0003929703   0.0005187594
   1.8799999937  -0.0000273823   0.0003639262   0.0005088799
   1.8819999937  -0.0000210282   0.0003423986   0.0004673888
   1.8839999937  -0.0000428858   0.0003299649   0.0003966633
   1.8859999937  -0.0000885913   0.0003271939   0.0003016967
   1.8879999937  -0.0001516498   0.0003336716   0.0001896068
   1.8899999937  -0.0002240685   0.0003481334   0.0000689873
   1.8919999936  -0.0002970991   0.0003686694  -0.0000508507
   1.8939999936  -0.0003620393   0.0003929657  -0.0001606918
   1.8959999936  -0.0004110261   0.0004185457  -0.0002522213
   1.8979999936  -0.0004377462   0.0004429881  -0.0003187440
   1.8999999936  -0.0004379891   0.0004641080  -0.0003557420
   1.9019999936  -0.0004099825   0.0004800948  -0.0003612140
   1.9039999936  -0.0003544847   0.0004896042  -0.0003357667
   1.9059999936  -0.0002746410   0.0004918044  -0.0002824686
   1.9079999936  -0.0001756496   0.0004863769  -0.0002065105
   1.9099999936  -0.0000642963   0.0004734756  -0.0001147336
   1.9119999936   0.0000515818   0.0004536556  -0.0000150852
   1.9139999936   0.0001636620   0.0004277869   0.0000839568
   1.9159999936   0.0002637147   0.0003969754   0.0001739704
   1.9179999936   0.0003441910   0.0003625056   0.0002471886
   1.9199999936   0.0003988194   0.0003258163   0.0002971050
   1.9219999935   0.0004231862   0.0002884994   0.0003190660
   1.9239999935   0.0004152479   0.0002523004   0.0003107928
   1.9259999935   0.0003756932   0.0002190906   0.0002727547
   1.9279999935   0.0003080646   0.0001907798   0.0002082984
   1.9299999935   0.0002185675   0.0001691566   0.0001234642
   1.9319999935   0.0001155451   0.0001556640   0.0000264634
   1.9339999935   0.0000086572   0.0001511455  -0.0000731440
   1.9359999935  -0.0000921320   0.0001556144  -0.0001654659
   1.9379999935  -0.0001776123   0.0001681069  -0.0002413452
   1.9399999935  -0.0002402790   0.0001866658  -0.0002933209
   1.9419999935  -0.0002750490   0.0002084809  -0.0003163554
   1.9439999935  -0.0002796668   0.0002301763  -0.0003082502
   1.9459999935  -0.0002547835   0.0002482067  -0.0002697324
   1.9479999935  -0.0002037477   0.0002593020  -0.0002042513
   1.9499999935  -0.0001321747   0.0002608923  -0.0001175497
   1.9519999934  -0.0000473709   0.0002514490  -0.0000170892
   1.9539999934   0.0000423211   0.0002306966   0.0000886047
   1.9559999934   0.0001282072   0.0001996692   0.0001906293
   1.9579999934   0.0002019226   0.0001606084   0.0002803856
   1.9599999934   0.0002560764   0.0001167164   0.0003502251
   1.9619999934   0.0002848284   0.0000717975   0.0003940283
   1.9639999934   0.0002843559   0.0000298279   0.0004076759
   1.9659999934   0.0002531727  -0.0000054943   0.0003893743
   1.9679999934   0.0001922682  -0.0000311651   0.0003398043
   1.9699999934   0.0001050541  -0.0000452021   0.0002620801
   1.9719999934  -0.0000028725  -0.0000468424   0.0001615276
   1.9739999934  -0.0001241235  -0.0000365824   0.0000453052
   1.9759999934  -0.0002500376  -0.0000160598  -0.0000780984
   1.9779999934  -0.0003712899   0.0000121990  -0.0001994613
   1.9799999934  -0.0004785694   0.0000451185  -0.0003094962
   1.9819999933  -0.0005633011   0.0000794425  -0.0003995679
   1.9839999933  -0.0006183875   0.0001120734  -0.0004624347
   1.9859999933  -0.0006389184   0.0001403396  -0.0004929623
   1.9879999933  -0.0006227742   0.0001621699  -0.0004887370
   1.9899999933  -0.0005710284   0.0001761792  -0.0004504800
   1.9919999933  -0.0004880474   0.0001816871  -0.0003821622
   1.9939999933  -0.0003812152   0.0001786964  -0.0002907462
   1.9959999933  -0.0002602655   0.0001678553  -0.0001855366
   1.9979999933  -0.0001362736   0.0001504102  -0.0000771896
   1.9999999933  -0.0000204378   0.0001281422   0.0000234880
   2.0019999933   0.0000771730   0.0001032684   0.0001067762
   2.0039999933   0.0001487134   0.0000782897   0.0001651219
   2.0059999933   0.0001893359   0.0000557793   0.0001939039
   2.0079999933   0.0001975509   0.0000381242   0.0001917859
   2.0099999933   0.0001751587   0.0000272525   0.0001606456
   2.0119999932   0.0001268203   0.0000243935   0.0001051450
   2.0139999932   0.0000593793   0.0000299180   0.0000320554
   2.0159999932  -0.0000189301   0.0000432926  -0.0000505305
   2.0179999932  -0.0000992805   0.0000631627  -0.0001339884
   2.0199999932  -0.0001729769   0.0000875470  -0.0002098795
   2.0219999932  -0.0002320831   0.0001141094  -0.0002705655
   2.0239999932  -0.0002699479   0.0001404572  -0.0003097208
   2.0259999932  -0.0002816430   0.0001644161  -0.0003227532
   2.0279999932  -0.0002643159   0.0001842421  -0.0003071370
   2.0299999932  -0.0002174415   0.0001987483  -0.0002626418
   2.0319999932  -0.0001429401   0.0002073433  -0.0001914275
   2.0339999932  -0.0000451243   0.0002099922  -0.0000979697
   2.0359999932   0.0000695527   0.0002071236   0.0000112107
   2.0379999932   0.0001929501   0.0001995074   0.0001280115
   2.0399999931   0.0003158673   0.0001881285   0.0002433817
   2.0419999931   0.0004287944   0.0001740769   0.0003480656
   2.0439999931   0.0005227152   0.0001584669   0.0004333927
   2.0459999931   0.0005898895   0.0001423916   0.0004920384
   2.0479999931   0.0006245443   0.0001269093   0.0005186892
   2.0499999931   0.0006234133   0.0001130505   0.0005105541
   2.0519999931   0.0005860765   0.0001018270   0.0004676765
   2.0539999931   0.0005150610   0.0000942240   0.0003930109
   2.0559999931   0.0004156827   0.0000911574   0.0002922430
   2.0579999931   0.0002956243   0.0000933884   0.0001733515
   2.0599999931   0.0001642758   0.0001014036   0.0000459349
   2.0619999931   0.0000318922   0.0001152799  -0.0000796413
   2.0639999931  -0.0000913467   0.0001345680  -0.0001931943
   2.0659999931  -0.0001962697   0.0001582293  -0.0002856637
   2.0679999931  -0.0002755334   0.0001846550  -0.0003499363
   2.0699999930  -0.0003242369   0.0002117810  -0.0003814615
   2.0719999930  -0.0003402729   0.0002372898  -0.0003785986
   2.0739999930  -0.0003243969   0.0002588727  -0.0003426751
   2.0759999930  -0.0002800363   0.0002745101  -0.0002777774
   2.0779999930  -0.0002128832   0.0002827243  -0.0001903183
   2.0799999930  -0.0001303339   0.0002827659  -0.0000884438
   2.0819999930  -0.0000408272   0.0002747072   0.0000186639
   2.0839999930   0.0000468645   0.0002594352   0.0001215334
   2.0859999930   0.0001243548   0.0002385514   0.0002111594
   2.0879999930   0.0001843302   0.0002141977   0.0002797225
   2.0899999930   0.0002211622   0.0001888313   0.0003212279
   2.0919999930   0.0002313920   0.0001649760   0.0003320110
   2.0939999930   0.0002140354   0.0001449700   0.0003110553
   2.0959999930   0.0001706644   0.0001307349   0.0002600804
   2.0979999930   0.0001052481   0.0001235854   0.0001833802
   2.0999999929   0.0000237632   0.0001240990   0.0000874239
   2.1019999929  -0.0000663763   0.0001320644  -0.0000197337
   2.1039999929  -0.0001570032   0.0001465162  -0.0001291618
   2.1059999929  -0.0002399143   0.0001658563  -0.0002318066
   2.1079999929  -0.0003075573   0.0001880465  -0.0003192166
   2.1099999929  -0.0003536388   0.0002108454  -0.0003841940
   2.1119999929  -0.0003736317   0.0002320531  -0.0004213449
   2.1139999929  -0.0003651722   0.0002497306  -0.0004275151
   2.1159999929  -0.0003283361   0.0002623659  -0.0004021008
   2.1179999929  -0.0002657704   0.0002689753  -0.0003472057
   2.1199999929  -0.0001826427   0.0002691423  -0.0002676094
   2.1219999929  -0.0000863623   0.0002630091  -0.0001705010
   2.1239999929   0.0000139568   0.0002512366  -0.0000649491
   2.1259999929   0.0001082839   0.0002349455   0.0000388821
   2.1279999929   0.0001866528   0.0002156432   0.0001307139
   2.1299999928   0.0002402236   0.0001951269   0.0002012182
